value
42.6
47.8
46.5
43.5
42.5
42.5
39.7
35.0
36.0
40.2
48.7
42.6
43.6
51.1
52.9
49.2
46.9
45.7
43.8
53.9
54.5
49.5
48.6
48.0
47.6
44.9
42.1
41.3
43.0
43.2
42.5
45.4
55.3
50.3
45.8
42.2
48.1
46.9
45.5
42.8
39.8
42.2
53.7
48.5
46.2
45.0
45.2
45.8
46.4
41.7
45.6
46.8
50.0
53.9
59.2
48.1
48.6
46.8
48.5
46.7
46.3
48.0
46.9
48.9
51.7
51.3
55.4
55.7
58.8
57.9
54.0
54.7
52.6
46.8
41.0
43.0
49.3
56.0
54.2
51.2
47.6
47.4
51.7
57.2
51.2
52.3
54.4
57.5
60.9
59.1
58.3
55.1
53.1
55.0
59.5
59.3
52.5
51.1
54.6
58.1
57.5
58.7
59.0
60.5
60.1
58.2
57.7
59.8
61.3
58.5
59.0
56.4
59.4
59.9
62.9
65.1
67.2
65.7
67.8
69.6
70.8
71.8
66.7
68.2
71.6
72.1
67.4
64.1
66.2
66.9
66.2
61.7
62.3
61.8
63.9
63.9
68.5
69.5
71.9
67.5
68.3
68.4
64.8
64.8
65.6
59.6
61.0
62.7
68.8
61.9
61.9
63.1
60.9
63.2
64.5
63.0
64.6
66.3
69.0
70.3
69.0
68.6
66.9
70.5
72.0
72.8
73.9
76.5
79.0
80.1
81.1
79.7
77.8
76.5
75.3
71.5
70.8
69.8
69.0
65.7
67.1
68.8
70.3
71.4
73.6
76.8
76.8
76.8
74.3
75.6
75.1
75.2
75.4
76.0
75.9
75.4
75.6
75.7
75.7
76.6
76.2
77.0
76.8
75.4
74.7
75.2
77.0
79.9
80.0
81.1
79.7
81.3
80.2
78.9
77.8
79.0
82.0
81.0
81.5
81.5
81.6
74.0
76.9
77.9
77.6
77.2
79.8
78.8
77.3
76.9
77.6
78.3
77.7
77.6
76.0
74.4
76.5
77.2
71.2
74.8
72.9
72.4
73.1
73.4
74.2
72.6
72.2
70.8
70.3
71.7
72.9
73.5
76.3
74.6
72.9
66.6
65.0
67.7
67.2
68.2
66.3
66.8
67.1
66.0
64.5
62.6
62.7
65.6
67.1
67.0
68.5
71.1
65.6
65.5
62.0
55.1
53.2
56.8
63.2
60.6
61.5
66.9
65.8
69.5
70.7
69.2
68.4
67.5
63.2
57.4
55.9
57.3
59.1
58.5
58.6
61.7
62.2
60.2
60.7
61.7
60.0
60.4
60.5
62.3
61.1
60.1
63.6
65.1
62.9
60.3
56.8
57.9
59.6
63.1
61.3
61.6
61.5
60.5
56.6
53.6
51.3
51.9
55.3
57.9
55.7
55.6
53.0
48.0
49.0
43.9
43.0
40.9
40.3
43.1
59.2
53.6
46.2
38.6
39.6
47.5
43.6
36.7
41.0
48.0
39.5
38.2
40.6
43.7
46.8
40.5
38.9
39.0
39.4
43.0
40.1
40.2
39.7
40.7
49.5
54.0
51.7
48.1
47.0
47.4
48.7
