value
62.0
62.9
70.6
79.3
77.0
75.9
80.9
74.3
76.8
80.9
80.6
79.7
78.4
78.8
79.0
78.4
75.4
73.1
69.5
67.9
71.9
76.8
78.9
83.6
65.5
66.1
76.3
83.4
83.7
82.0
79.1
84.1
77.2
66.7
70.0
72.3
77.4
77.1
79.5
80.6
81.2
76.4
81.3
77.6
77.1
80.1
82.9
78.3
68.6
64.5
65.6
69.4
70.5
74.2
75.6
65.6
60.6
64.1
69.3
71.5
72.3
64.7
61.0
66.0
71.9
72.3
73.9
76.2
70.3
62.9
64.3
57.3
53.7
55.1
52.8
56.1
59.9
64.9
66.8
69.0
62.7
65.8
68.4
67.9
61.9
63.0
65.8
69.7
72.1
71.7
70.2
68.6
66.3
65.1
66.5
61.2
54.4
61.5
64.0
64.2
65.4
60.1
52.1
61.3
62.8
55.5
58.9
65.8
69.1
68.2
68.0
65.8
66.2
68.4
68.5
67.9
68.0
66.3
59.8
58.9
63.9
65.9
61.4
54.2
58.2
61.9
53.1
60.4
65.8
66.6
65.5
55.2
57.5
61.1
47.3
44.0
46.3
48.2
51.0
49.8
46.3
52.5
55.6
54.3
53.3
58.9
56.8
60.7
55.3
53.0
60.7
57.7
53.5
55.9
59.8
57.4
50.4
53.4
48.6
53.7
57.0
54.5
63.4
67.6
52.9
49.6
52.3
44.9
51.0
40.5
39.3
39.9
48.5
43.9
43.7
43.9
47.4
54.7
56.6
52.7
47.5
50.2
58.6
62.0
61.7
58.2
56.7
45.5
43.9
46.4
52.0
58.6
53.1
52.8
50.3
47.1
57.4
61.1
48.8
39.0
45.0
37.0
39.8
42.1
42.2
48.0
53.2
57.0
50.3
53.0
55.5
62.6
51.8
48.1
48.2
52.0
57.3
54.6
60.9
53.9
46.0
45.1
52.4
50.7
40.0
42.9
49.7
52.5
47.0
54.8
63.2
63.9
64.5
50.1
39.5
40.9
40.9
39.0
42.9
59.6
66.0
67.6
67.8
63.8
59.1
49.6
46.0
55.1
60.8
62.5
61.7
70.3
82.6
71.2
57.9
50.3
46.4
46.2
46.0
44.7
49.4
57.4
61.9
50.6
47.8
47.1
47.3
50.7
56.9
57.7
59.9
49.5
51.2
51.1
54.5
55.7
58.3
56.4
63.8
64.9
66.6
68.7
65.0
62.7
61.9
65.4
67.2
69.3
74.2
69.1
65.0
70.7
70.6
58.6
60.2
65.1
54.0
53.2
64.4
63.0
62.7
68.8
66.0
67.3
66.1
63.7
62.2
60.7
63.7
70.8
66.2
64.1
68.2
69.9
66.1
69.3
68.4
79.6
71.0
61.9
71.6
74.3
65.4
65.6
68.0
71.2
76.2
79.7
72.0
62.0
60.2
65.4
68.6
73.1
78.0
77.8
62.8
71.7
67.7
64.8
74.6
82.9
71.0
66.0
67.8
75.0
78.6
80.4
83.8
80.5
85.4
80.9
76.9
78.4
80.0
82.5
84.2
86.6
88.5
83.2
80.3
83.3
85.8
85.6
78.0
