value
32.4
37.3
31.7
30.6
28.3
29.1
27.1
26.4
17.1
19.5
24.2
27.8
35.7
34.2
33.8
23.1
20.5
13.2
15.6
25.2
24.9
29.3
30.4
30.4
29.8
6.7
0.2
-0.8
7.5
15.8
27.8
29.3
29.2
30.6
32.8
30.3
26.2
26.1
27.9
28.6
31.4
30.7
22.2
26.0
28.4
30.6
22.4
20.2
18.8
11.3
18.6
24.1
25.6
20.0
24.2
24.5
29.6
29.1
30.4
30.0
28.4
25.3
28.0
29.2
28.3
30.0
36.4
38.1
33.9
28.3
28.4
25.2
19.9
21.4
20.5
19.2
17.6
19.9
18.7
15.0
24.5
30.5
22.6
22.0
13.7
8.1
16.7
26.0
33.2
33.8
33.7
31.0
35.8
33.4
29.5
25.0
24.3
17.2
17.9
17.4
15.5
19.0
23.5
25.5
30.9
29.3
27.5
28.4
30.7
35.3
36.2
35.2
38.9
37.5
36.4
32.7
34.1
33.9
34.8
38.4
35.3
38.4
38.4
36.8
37.6
40.1
40.3
40.5
44.6
47.7
50.6
48.5
46.5
41.8
42.1
41.1
37.7
32.6
36.8
41.3
43.0
45.3
47.3
50.8
55.9
52.8
54.9
57.0
62.9
61.5
54.4
50.9
49.3
51.6
51.4
52.0
54.6
57.5
57.8
62.8
63.9
62.5
63.7
61.8
56.6
59.0
62.6
67.4
70.4
68.0
61.6
54.3
54.7
62.6
62.3
62.4
64.2
65.4
59.1
57.3
58.4
56.3
54.5
55.3
55.6
54.4
55.9
56.7
54.5
57.0
60.3
63.7
66.4
67.0
61.6
59.3
59.3
63.1
64.4
66.1
63.3
64.1
67.3
66.4
66.3
69.1
64.9
65.1
63.1
65.1
64.4
64.1
62.4
64.8
63.4
62.6
60.8
61.3
59.3
59.3
56.0
56.0
56.4
57.6
61.1
58.2
57.0
57.8
57.4
59.6
57.8
56.8
56.2
53.9
55.9
58.2
57.2
56.0
56.8
58.6
54.1
55.2
56.7
54.8
57.0
57.4
55.4
54.3
51.9
51.1
54.5
53.3
52.3
52.3
54.0
53.6
52.0
53.0
48.9
50.5
46.9
45.5
41.8
38.4
43.5
40.0
37.1
42.4
44.7
45.7
47.2
46.5
45.4
44.8
43.9
44.6
45.6
43.4
45.0
42.7
46.0
44.1
41.5
39.0
47.8
45.3
46.7
49.9
53.8
49.2
48.7
50.0
49.9
45.0
42.4
36.1
32.1
36.9
37.6
37.4
41.6
46.8
41.0
41.1
42.3
39.9
37.9
37.0
37.6
31.9
26.5
25.2
23.5
33.8
30.6
23.2
20.1
27.9
25.6
20.9
17.5
12.6
2.7
3.6
4.5
19.7
26.9
31.6
29.3
28.1
28.5
22.6
6.3
1.2
4.0
4.4
9.4
17.0
26.0
31.7
33.5
33.0
29.6
30.2
24.8
15.5
15.0
20.0
16.7
6.4
-4.7
-1.9
10.5
16.2
25.3
29.6
21.5
5.0
1.0
4.4
7.4
16.6
21.2
20.7
17.8
