value
22.2
16.3
7.3
3.8
-2.7
0.7
-3.3
-12.6
-8.0
-4.8
7.3
15.3
24.4
27.8
22.6
3.0
7.8
-17.0
-19.9
3.3
10.4
-5.9
-1.6
2.3
-17.3
-37.4
-37.8
-42.2
-24.2
-3.4
8.9
1.3
0.5
7.4
8.7
1.3
-1.7
-2.1
1.7
4.0
20.0
13.9
-0.3
-6.5
0.5
13.7
-4.5
-6.6
-13.4
-27.5
-17.7
0.5
-4.2
-10.7
-5.5
-11.2
-4.3
2.6
5.4
9.2
4.6
-2.9
-2.5
6.4
4.6
5.2
26.2
23.9
23.3
10.7
4.5
-1.2
1.9
1.7
4.2
2.6
1.2
3.4
-2.3
5.6
13.8
12.7
-5.3
5.6
6.3
-11.3
-3.1
17.8
22.8
28.1
30.2
25.8
25.9
17.7
15.6
7.5
8.5
0.3
10.0
8.5
-2.2
3.3
6.8
13.8
25.8
21.7
23.3
23.2
21.0
26.4
27.6
29.1
32.7
37.6
28.8
22.4
26.5
17.9
30.1
30.6
29.7
27.5
33.6
27.6
31.0
30.9
39.7
36.5
41.5
47.1
48.1
47.2
35.6
31.7
36.5
42.2
41.6
28.2
32.4
40.0
46.2
52.7
54.1
55.3
61.6
63.7
73.5
67.1
70.4
70.7
69.6
69.0
67.7
62.5
57.0
53.3
54.3
58.4
63.3
62.6
57.2
55.5
60.3
62.6
68.4
69.0
74.4
78.3
74.8
76.0
73.9
72.4
63.4
72.5
75.7
79.5
79.4
77.5
73.7
69.9
71.6
72.2
63.4
60.8
60.6
56.8
59.7
65.5
62.1
56.9
56.7
57.0
63.6
70.3
72.3
73.5
68.5
63.4
64.9
61.2
58.1
60.5
60.0
66.1
69.0
66.1
64.3
71.5
71.1
75.8
68.5
66.3
69.7
72.7
69.5
67.7
63.4
65.9
68.5
69.5
67.1
62.5
60.6
64.8
64.2
65.3
59.9
59.2
60.8
63.4
60.0
56.3
51.5
53.7
56.1
51.5
48.3
52.1
52.7
55.5
53.3
51.8
48.0
44.1
49.8
55.8
54.6
51.2
49.2
48.2
51.2
50.1
54.7
53.7
48.1
48.8
49.4
41.7
44.1
41.6
36.4
33.7
31.3
32.7
34.7
30.7
34.7
41.5
43.4
42.9
43.0
40.8
39.7
35.2
38.2
39.9
39.0
35.1
37.2
34.7
39.4
40.6
34.4
35.1
37.2
43.9
39.4
38.1
45.1
43.3
42.9
45.0
41.1
32.8
29.4
27.3
27.0
32.5
25.2
32.3
41.3
39.0
29.5
26.1
27.2
25.6
19.5
20.4
19.5
18.5
5.2
-0.4
16.4
26.5
16.2
6.3
12.1
33.0
17.2
13.6
-2.9
2.1
-0.8
-24.2
-28.7
3.0
5.0
-1.1
7.9
4.1
-0.5
-0.1
-9.5
-13.6
-23.6
-21.6
-4.5
1.0
3.8
21.8
25.2
24.5
30.8
21.5
4.5
2.8
-0.2
-1.3
-3.0
-22.9
-24.6
-6.3
-7.7
0.6
4.8
5.4
7.2
-11.8
-30.7
-36.3
-36.5
-18.1
-0.9
-12.1
-14.2
