value
37.8
36.1
31.5
31.5
31.2
33.8
34.3
34.2
27.4
25.0
30.2
30.9
33.8
37.0
37.9
35.1
37.0
34.4
29.5
28.9
35.6
32.9
35.4
36.4
34.5
38.0
29.3
13.3
7.3
20.0
28.7
33.9
37.5
38.4
35.8
28.0
32.6
35.0
35.9
37.2
41.3
37.4
33.5
33.5
35.9
38.1
36.8
33.2
34.3
35.0
36.5
35.8
35.4
34.0
34.1
33.0
35.5
36.3
38.2
37.5
35.5
31.4
30.0
27.6
27.3
27.3
32.7
35.9
34.8
35.0
32.6
26.9
23.4
23.3
23.5
26.5
20.6
26.7
19.1
18.8
19.4
29.0
34.7
37.6
38.4
35.4
32.7
33.8
37.4
37.7
37.5
37.3
36.2
33.2
33.2
31.0
39.5
41.8
41.3
34.6
32.3
36.7
36.8
36.8
39.6
38.1
38.4
39.0
35.6
34.4
35.6
38.9
35.6
40.7
40.4
35.2
33.7
35.1
32.0
32.9
36.4
42.6
44.3
46.7
47.0
44.8
44.0
44.3
48.1
50.1
51.5
47.8
47.7
46.6
46.3
46.5
50.1
47.4
40.6
39.4
47.1
50.8
48.8
53.7
51.2
52.5
58.4
59.5
61.1
53.7
52.7
46.8
47.6
49.5
50.7
48.0
47.4
50.0
52.3
54.6
58.4
61.3
63.3
58.7
55.8
61.0
68.7
68.7
61.1
62.7
63.4
61.3
62.7
57.6
61.0
64.4
60.1
55.5
55.9
59.4
62.0
60.5
54.3
52.4
53.6
54.3
55.4
56.3
57.8
52.1
52.2
55.7
53.9
55.2
55.4
57.4
58.8
64.2
63.4
59.1
56.8
55.2
55.0
59.5
57.6
56.7
56.5
57.0
59.6
64.5
66.5
65.4
63.9
63.5
62.9
59.9
56.0
59.4
61.2
62.2
58.6
56.9
59.1
62.4
63.1
62.8
62.1
59.5
56.8
54.9
52.8
54.4
54.3
54.7
55.5
54.6
54.4
56.4
55.1
58.6
54.6
55.2
55.5
56.1
56.8
57.3
56.7
55.8
55.2
58.1
58.0
53.5
50.5
54.5
56.7
52.7
52.9
50.0
54.9
50.4
50.5
48.6
49.9
51.0
48.3
50.1
49.0
42.8
48.6
47.9
46.7
44.9
46.9
48.2
47.9
47.0
46.9
46.5
40.9
41.4
40.4
46.2
44.7
44.6
45.3
45.0
48.5
44.5
45.2
44.0
43.3
46.3
50.0
45.2
38.3
42.0
48.3
46.1
48.0
38.1
42.6
44.7
44.7
45.3
42.4
36.4
32.5
30.9
39.0
39.8
38.3
34.5
25.9
27.2
33.9
32.9
34.4
36.9
36.0
27.3
24.0
17.1
12.0
14.9
19.7
30.0
39.3
30.2
26.9
35.7
34.6
40.0
38.3
28.9
20.3
20.6
16.3
17.7
19.8
20.1
20.6
24.8
31.5
34.1
33.3
28.7
27.4
39.4
35.8
32.4
27.7
11.3
21.0
24.2
17.4
28.5
35.6
36.4
36.5
37.4
33.5
31.4
32.5
32.4
32.5
