value
49.2
51.7
48.2
49.2
49.4
49.4
50.6
49.0
49.8
51.7
53.0
53.0
52.0
47.3
51.4
55.1
57.4
59.3
62.7
53.1
52.8
52.1
49.4
52.0
50.7
49.0
51.8
54.5
48.5
50.1
50.8
52.9
57.3
49.0
46.8
47.6
50.0
50.2
46.2
44.6
47.0
49.6
46.9
48.7
49.3
50.6
49.3
51.9
54.9
52.5
55.9
55.7
62.1
54.7
47.4
42.4
41.6
46.4
57.7
49.6
53.5
54.2
60.7
64.9
60.9
64.5
65.1
62.7
60.0
59.4
58.4
53.0
48.9
49.4
51.2
66.0
62.5
56.6
57.1
54.2
57.3
57.1
53.2
56.1
58.7
59.4
60.7
61.5
63.9
59.9
61.8
58.7
60.8
56.1
57.5
51.8
51.8
55.3
60.5
61.5
62.4
62.2
61.1
63.1
61.0
61.5
61.0
61.4
61.6
59.6
56.3
54.7
55.7
55.0
62.9
61.0
63.3
60.4
54.3
57.2
59.1
61.1
61.3
59.3
60.5
62.5
64.8
69.8
71.5
68.8
66.2
63.7
63.4
64.9
63.1
62.4
62.6
61.1
61.8
62.5
59.5
58.6
62.6
63.5
62.2
63.9
65.3
64.9
63.3
59.2
61.8
63.9
64.3
65.0
65.5
70.6
67.6
66.4
68.6
65.5
66.7
68.5
70.5
72.7
70.4
74.2
73.3
79.4
71.3
66.8
67.8
68.6
71.1
70.4
70.8
69.2
67.8
67.2
67.2
70.1
73.4
70.9
73.8
72.4
73.0
71.9
71.8
73.4
71.9
73.9
74.8
77.3
77.0
78.0
75.4
75.9
76.2
77.8
76.5
78.1
78.9
79.3
79.7
78.1
75.7
77.3
85.1
85.0
81.7
80.4
79.0
75.6
75.8
77.0
77.9
77.9
79.3
81.1
85.3
82.0
79.7
75.3
76.3
76.8
76.0
76.4
76.4
76.5
76.6
77.6
77.9
77.1
76.1
75.3
76.9
79.0
78.8
80.5
79.5
76.9
77.5
76.2
74.9
74.2
74.2
73.9
74.3
75.6
75.4
75.6
76.2
74.0
74.8
74.8
74.7
72.7
75.3
76.0
76.5
74.5
74.7
75.6
74.2
72.0
70.7
69.5
70.5
72.5
75.5
77.0
77.9
77.2
77.1
77.9
76.6
82.6
84.8
76.1
73.8
69.6
68.4
69.9
72.8
72.9
71.4
70.5
70.0
71.3
71.1
68.0
70.2
70.4
72.8
79.0
86.2
73.6
71.0
78.1
76.5
72.3
71.3
71.2
64.1
62.6
61.7
61.3
63.4
65.3
70.7
70.1
66.0
67.4
66.7
64.4
62.5
62.2
61.8
59.3
54.2
51.2
50.7
53.3
56.5
52.9
53.9
55.1
52.2
48.8
51.9
52.1
47.9
48.5
47.2
48.2
51.9
51.7
52.4
55.6
51.9
51.5
48.8
48.2
48.6
47.7
48.0
49.9
50.7
53.0
50.0
49.3
52.5
52.0
53.8
54.0
53.2
55.0
55.5
53.6
57.9
57.0
55.7
56.6
55.4
50.0
47.5
