value
52.5
42.2
37.8
36.1
39.0
43.1
40.0
48.3
55.3
62.0
65.1
69.0
67.2
54.1
41.6
43.2
38.8
38.1
42.0
44.5
43.0
35.6
41.0
51.5
51.3
48.8
52.0
56.4
61.1
63.2
41.3
40.1
37.5
43.3
42.9
51.3
54.2
52.2
49.8
42.6
51.0
56.0
47.7
46.1
43.1
46.2
41.4
35.2
47.7
51.5
38.5
45.1
51.1
50.3
47.9
51.5
49.0
47.1
42.4
39.3
35.7
35.8
42.6
56.0
38.3
39.4
46.8
55.7
64.4
57.3
44.4
45.0
42.7
54.7
65.0
63.4
63.3
55.3
51.5
43.0
42.8
51.7
55.1
40.5
35.1
41.5
48.3
55.2
60.5
60.9
63.3
57.4
49.7
47.9
51.4
56.8
64.0
68.9
73.0
75.0
70.8
58.1
59.8
58.3
57.7
72.3
77.2
74.8
58.3
50.2
56.7
63.0
66.1
64.0
54.3
60.1
68.6
67.6
65.2
66.9
69.9
65.2
66.3
50.2
49.1
51.6
51.2
63.8
69.5
69.9
68.5
61.3
57.8
66.5
74.3
74.5
72.6
73.2
75.6
74.5
79.2
77.0
76.4
70.3
66.2
71.9
69.1
76.4
78.9
79.3
79.7
79.2
78.0
77.3
77.2
77.2
73.5
72.7
73.6
75.9
76.6
81.9
83.7
84.7
78.0
76.7
81.0
78.1
75.5
77.2
78.4
79.1
78.6
75.8
77.4
79.4
81.9
83.6
83.6
79.7
78.2
75.8
76.8
75.3
73.6
73.1
72.5
76.1
77.0
80.1
81.1
76.4
79.0
76.1
77.0
79.8
79.3
82.4
80.4
81.9
79.9
76.6
74.2
73.7
74.8
77.8
77.0
75.0
79.4
77.6
78.5
80.9
78.5
78.8
77.6
79.4
78.2
79.1
78.7
77.8
79.8
80.8
80.2
81.0
78.2
75.4
71.8
69.2
68.1
69.8
75.8
77.9
78.3
79.5
78.9
78.8
78.2
75.6
73.7
77.4
80.2
82.0
84.1
81.1
77.9
79.5
77.4
76.1
76.5
79.4
78.6
79.8
80.2
80.0
78.8
77.7
68.8
71.8
75.0
74.7
75.3
76.2
77.3
73.4
66.7
71.3
70.8
72.7
72.9
71.6
69.4
68.1
68.6
72.0
73.0
74.2
75.1
77.7
74.6
63.4
62.3
68.9
70.8
68.9
68.9
71.1
69.3
67.6
67.9
67.9
61.1
60.7
51.4
55.3
63.1
56.1
51.3
47.4
46.8
57.3
61.3
66.1
67.5
68.5
67.6
56.7
51.8
54.7
57.1
62.9
65.5
46.1
52.0
58.8
55.6
46.8
37.5
41.0
50.6
57.8
65.6
65.2
48.3
50.0
57.2
61.4
53.8
36.4
38.7
41.2
36.9
31.2
38.3
43.8
48.1
52.0
57.3
66.5
70.4
63.3
37.8
45.0
50.7
39.8
37.6
36.0
37.7
51.2
40.5
39.1
44.6
44.5
47.0
58.5
66.4
62.2
47.3
32.5
33.1
39.3
39.0
43.0
44.5
43.1
39.5
