value
48.9
38.5
36.3
36.5
36.0
42.5
38.4
43.7
53.0
59.4
65.8
67.0
66.6
45.3
36.7
37.9
38.3
38.4
40.7
44.0
39.9
32.2
41.0
43.9
42.7
42.4
45.1
53.5
58.5
62.6
39.9
35.0
32.5
39.4
40.0
50.8
48.9
52.4
48.4
41.9
48.9
55.9
47.0
44.8
44.3
45.5
38.0
33.3
44.2
50.2
35.0
40.7
49.6
48.2
44.9
48.3
48.4
45.0
40.9
37.6
34.6
34.5
41.0
54.0
38.2
37.3
42.3
51.5
59.9
56.6
42.8
43.4
39.1
53.5
64.7
62.1
61.5
51.6
48.2
38.3
42.7
48.6
54.3
37.9
35.1
40.0
46.3
52.4
56.1
58.4
57.2
51.3
48.5
46.4
51.6
56.2
61.3
65.6
69.3
73.3
70.9
56.0
56.9
58.1
57.8
71.1
75.5
74.7
58.5
49.0
56.0
60.3
63.4
61.7
53.2
56.7
62.5
65.0
63.7
65.8
69.3
66.3
66.3
48.8
49.4
52.2
51.0
63.4
68.7
67.2
67.7
60.4
56.5
65.6
72.4
72.9
69.5
71.3
75.8
72.8
77.9
75.2
72.3
67.2
64.9
69.7
68.7
76.5
79.5
79.6
79.9
78.0
74.6
74.7
74.7
74.9
73.5
74.0
73.4
76.5
76.3
82.3
84.5
83.3
77.3
76.2
80.1
76.7
75.2
76.9
79.6
77.5
79.3
74.9
79.4
80.6
82.7
82.7
81.5
81.3
77.5
74.2
74.8
75.6
72.6
72.7
72.9
75.9
78.4
81.6
82.2
78.0
77.9
75.2
79.0
80.2
81.6
83.2
82.9
82.4
81.3
80.2
75.4
74.6
75.4
77.2
75.6
73.9
76.8
74.8
75.5
76.9
78.4
75.5
75.3
78.2
75.0
75.7
77.8
76.2
78.0
76.4
77.6
78.5
77.8
75.4
69.6
69.2
68.5
69.9
73.4
75.8
77.3
77.2
77.8
78.4
77.3
74.5
74.1
76.9
79.5
81.7
82.3
80.9
76.3
79.5
74.9
73.2
74.7
76.8
78.0
79.3
80.5
79.3
78.6
74.6
66.5
68.5
72.1
74.4
74.0
74.6
75.1
71.7
64.5
67.2
68.5
70.6
71.6
70.6
67.8
65.0
67.6
69.4
72.2
74.2
74.0
75.8
73.3
60.7
62.1
68.3
68.5
67.3
67.0
69.3
68.3
68.3
65.2
64.7
54.5
58.0
45.1
53.5
57.9
51.4
47.9
44.8
43.5
57.7
61.2
62.3
67.0
67.8
65.2
54.3
49.0
51.6
56.3
62.2
64.5
44.7
48.2
54.9
51.6
46.3
36.7
38.3
47.5
56.0
65.0
62.8
47.8
46.8
55.3
59.1
49.6
33.1
35.4
40.5
35.2
28.9
35.7
41.6
44.4
51.4
54.5
63.3
69.7
44.3
34.9
38.3
43.9
36.7
33.9
33.8
33.3
47.7
38.0
37.5
46.0
41.7
44.6
58.0
66.0
62.2
45.8
31.3
31.6
37.0
37.8
39.9
44.8
40.2
35.8
