value
57.1
52.4
44.0
40.1
42.6
48.2
44.0
48.5
60.7
66.8
68.5
71.1
69.7
69.6
52.7
53.5
43.0
44.3
44.1
47.5
48.3
44.3
43.5
55.9
57.3
59.2
53.5
57.9
63.6
68.4
46.5
44.9
43.1
51.6
46.5
54.7
58.5
57.2
55.4
48.0
47.2
60.4
52.4
51.2
44.8
48.0
48.5
38.3
45.5
56.1
46.3
47.5
59.4
53.8
53.8
55.3
56.0
50.4
49.4
43.2
39.2
39.5
44.5
60.0
44.5
44.1
50.4
57.6
64.3
60.8
48.7
50.9
47.7
54.7
64.5
63.7
68.2
61.6
56.7
50.0
48.2
53.2
59.7
46.9
40.0
42.6
50.8
57.0
65.0
68.4
66.7
63.4
59.5
55.3
54.2
59.2
63.5
68.4
72.1
73.4
71.7
64.5
62.8
59.8
60.2
75.6
76.7
74.8
64.2
52.8
58.4
62.6
66.6
65.8
63.6
62.9
67.7
73.0
70.4
69.0
69.9
68.1
69.6
56.7
54.4
53.8
56.9
65.2
70.4
70.8
70.7
69.3
62.4
66.5
72.6
74.1
75.6
76.7
77.0
78.3
79.5
78.5
77.2
76.2
70.0
73.6
70.6
76.7
79.3
80.7
79.9
79.8
81.6
80.6
82.1
80.6
77.0
74.9
75.2
77.0
76.9
81.3
84.5
84.4
82.9
80.3
81.5
82.4
78.0
77.9
78.9
80.2
79.5
76.0
78.2
80.2
82.3
84.2
81.1
77.3
78.9
77.0
79.4
77.3
73.9
75.2
75.0
76.5
77.6
78.8
80.2
77.3
78.4
78.5
78.1
80.2
80.2
83.2
81.9
82.1
78.6
79.6
77.7
76.4
75.0
78.6
79.5
75.4
78.4
81.9
81.2
80.9
81.2
82.0
81.7
83.4
81.0
82.8
81.7
81.5
81.9
81.6
81.3
82.6
79.6
76.3
77.0
72.9
71.1
72.8
76.0
79.2
79.0
80.1
80.4
81.8
80.7
76.0
74.7
77.0
79.8
80.5
80.9
80.2
81.1
82.0
79.0
81.8
78.7
80.7
80.7
80.2
81.3
81.1
80.1
77.3
75.5
74.3
81.1
79.5
78.0
76.8
77.1
77.0
73.0
72.2
73.0
75.2
74.5
72.8
70.0
67.8
69.8
74.7
73.9
73.2
75.9
78.4
74.7
69.1
65.0
68.6
68.5
69.5
70.7
71.7
70.8
66.7
69.2
71.6
68.8
63.5
56.7
58.4
67.5
61.0
55.9
54.9
48.8
56.5
65.1
66.2
67.4
69.6
72.0
60.9
53.1
54.5
60.6
64.0
66.3
51.7
53.4
62.2
59.0
54.7
42.6
42.0
54.2
60.5
69.2
73.6
55.4
52.5
60.3
62.0
61.7
46.4
43.8
50.2
43.6
35.1
39.5
42.9
49.1
55.4
62.2
67.5
71.9
75.8
50.4
52.5
62.2
50.4
42.3
43.9
39.2
54.9
47.8
39.5
44.9
48.2
45.8
53.9
68.9
67.1
52.7
40.2
36.5
43.2
45.9
46.5
47.9
44.6
46.7
