value
62.8
53.8
42.8
42.5
45.0
47.5
46.9
54.0
63.0
67.6
68.4
69.7
71.7
64.4
50.2
51.6
41.8
44.5
47.7
49.8
51.9
49.0
48.9
56.5
59.9
61.0
59.5
62.4
69.2
67.7
47.2
47.9
47.5
55.1
52.1
58.5
59.3
63.6
59.5
55.6
56.1
65.5
57.7
58.7
46.3
48.4
48.7
40.3
49.3
61.3
48.2
51.4
66.0
58.4
56.6
60.4
58.2
52.7
50.1
46.9
40.0
39.1
47.5
63.7
50.0
47.6
51.9
56.6
63.6
60.0
49.8
53.0
50.7
54.7
61.3
62.3
68.3
66.1
60.2
52.3
57.2
64.4
69.4
48.9
42.0
45.0
50.5
55.1
62.0
65.8
62.2
62.4
60.4
58.4
55.9
57.4
60.9
67.6
73.1
71.7
74.0
61.7
63.1
61.6
64.1
74.0
73.4
72.1
62.2
52.0
59.0
63.1
67.6
67.3
63.3
65.6
69.4
71.2
70.3
70.9
69.2
65.8
67.3
54.8
58.9
56.6
57.1
67.7
70.4
68.5
67.2
69.2
65.9
67.2
69.8
72.9
74.1
76.6
75.7
78.3
77.2
75.1
76.8
79.0
73.3
73.5
73.4
73.9
77.6
78.3
78.8
78.4
79.2
77.2
79.9
80.6
75.7
74.3
78.5
75.0
76.0
81.3
82.2
83.7
82.9
81.5
82.7
82.9
82.5
78.3
79.1
78.4
78.9
76.0
78.7
80.6
81.3
83.2
85.0
83.6
80.0
79.9
78.8
77.9
76.3
75.9
73.5
75.8
76.9
79.3
79.9
76.8
77.2
76.6
77.9
78.5
79.8
81.2
80.4
77.3
78.2
78.8
77.3
80.3
80.8
79.6
81.3
77.8
78.1
80.6
82.5
82.4
81.9
80.0
83.1
84.5
82.0
80.9
81.2
83.6
83.1
82.6
81.2
80.3
80.2
76.7
77.5
78.4
74.2
72.6
79.2
77.7
79.9
79.3
77.0
76.6
76.5
79.3
76.6
77.1
79.4
80.4
81.0
79.4
81.9
81.7
77.5
80.2
80.5
79.9
80.1
80.3
79.9
79.8
79.8
80.2
79.2
78.7
80.4
80.1
79.1
80.0
79.0
77.3
73.0
75.4
77.7
75.3
77.5
76.3
73.2
72.3
73.7
75.7
74.3
76.9
78.8
78.1
74.8
69.2
64.8
69.0
71.2
72.0
73.3
75.1
73.4
72.6
72.6
75.6
68.8
64.4
59.0
63.4
67.9
63.4
59.7
58.2
54.8
58.5
66.7
67.1
68.3
73.4
72.6
62.3
56.7
57.0
64.0
66.5
69.1
53.0
55.5
62.5
61.4
58.2
43.7
45.7
59.8
62.7
68.0
68.8
56.6
53.4
59.0
66.8
63.0
47.3
45.2
53.9
42.6
35.3
40.0
46.2
50.4
57.0
65.1
69.7
73.6
74.6
47.2
47.8
64.5
49.8
43.6
48.8
42.8
60.8
48.7
40.5
45.8
49.0
51.2
62.8
70.5
64.4
48.8
39.1
35.8
43.2
47.5
48.0
46.4
46.0
45.5
