value
39.3
34.3
32.3
35.2
38.0
39.7
37.4
41.5
50.2
54.6
53.4
53.8
36.1
26.9
29.9
33.5
39.2
39.9
44.8
47.8
45.0
37.1
40.6
46.5
37.7
41.3
50.1
62.6
70.1
47.4
38.6
34.3
39.1
46.3
48.0
46.6
50.0
53.8
50.0
42.5
43.9
48.0
43.2
43.4
45.9
47.3
36.4
44.2
59.0
45.0
38.0
33.1
33.5
35.6
42.5
46.8
41.4
40.9
39.6
38.5
35.9
41.1
54.1
49.7
41.4
48.5
52.3
59.1
55.8
39.3
45.3
48.3
51.8
62.8
68.5
62.1
50.9
49.0
49.5
42.5
40.4
44.0
41.5
34.6
34.6
44.7
57.9
60.6
59.5
63.4
60.8
51.4
44.5
48.0
54.2
62.9
64.9
69.0
75.8
61.2
44.1
50.2
57.4
65.8
68.5
74.9
78.7
65.2
46.9
54.0
60.9
61.9
61.9
46.8
53.1
58.4
56.1
60.4
68.5
73.3
72.2
60.5
45.6
47.4
50.2
57.6
59.5
69.9
72.0
69.7
67.8
62.5
67.2
74.5
71.6
69.0
69.7
79.5
81.6
80.5
66.9
66.6
69.5
70.5
71.0
75.7
73.5
79.6
78.2
74.8
77.3
73.4
70.2
69.6
72.7
73.1
73.3
71.6
72.6
76.8
80.0
83.4
85.4
85.2
84.9
83.1
80.6
74.6
77.4
78.8
81.1
84.8
84.7
80.7
83.7
83.8
85.2
88.5
89.8
83.9
78.8
76.6
75.2
75.2
77.4
79.7
81.2
83.4
85.0
86.8
89.2
84.8
84.6
80.8
81.0
80.1
79.7
82.6
85.8
83.1
77.9
81.8
85.2
85.2
78.8
81.1
75.7
70.6
78.2
79.8
82.5
84.4
83.6
83.1
83.3
81.4
81.8
88.8
88.3
86.2
78.4
82.0
81.9
81.7
75.6
75.1
71.7
70.7
72.3
76.2
77.1
78.3
79.9
81.7
83.0
83.4
83.2
82.9
81.6
83.7
85.1
86.2
87.3
86.4
83.9
81.0
79.6
78.6
78.8
81.7
84.5
84.3
83.8
85.3
82.1
79.1
73.5
73.3
79.8
79.4
80.5
82.0
75.4
69.3
65.7
68.2
72.6
72.0
74.0
76.3
75.7
70.1
73.4
76.7
77.5
77.4
78.5
68.0
56.3
60.7
61.7
62.3
65.5
69.4
73.3
71.5
64.2
65.0
57.6
57.1
53.8
52.1
46.7
55.7
52.9
55.8
56.2
49.3
51.1
60.3
59.8
65.1
69.6
67.0
57.1
55.3
49.4
55.4
57.6
57.1
39.8
50.6
55.1
59.7
57.8
51.0
37.3
40.8
51.7
59.5
76.3
57.8
52.7
52.3
57.1
45.7
40.7
32.5
32.6
40.8
34.5
33.9
38.2
43.6
50.6
54.8
49.9
55.3
36.8
27.7
22.1
26.6
31.0
26.3
29.2
30.2
34.5
37.9
35.4
41.5
45.0
45.8
58.1
58.4
37.9
36.6
32.4
31.5
34.9
34.6
37.3
39.3
40.5
30.1
31.7
