value
38.5
35.7
35.2
36.3
39.7
41.2
36.9
39.9
49.7
56.2
56.2
62.2
45.5
30.9
28.5
35.0
39.3
39.7
44.0
47.5
40.7
33.6
40.5
42.1
38.3
40.9
50.1
65.9
67.8
52.5
42.0
33.8
38.9
48.9
47.1
49.7
47.7
53.8
51.9
39.8
46.2
52.6
43.5
44.2
47.5
49.6
38.1
44.4
54.7
47.0
36.0
33.4
38.9
39.4
42.4
45.7
44.2
43.3
43.0
38.0
36.3
36.9
49.0
52.7
42.3
45.0
47.5
58.2
60.4
44.3
48.1
50.1
52.1
63.8
69.2
54.1
51.7
49.0
49.7
41.8
40.2
43.6
44.8
38.0
36.6
43.8
54.0
57.1
56.0
57.1
58.2
50.2
42.5
45.6
51.1
59.9
63.9
68.0
72.2
75.1
48.2
55.5
57.3
63.7
62.9
76.3
77.0
70.0
48.9
53.6
59.0
60.5
64.7
53.8
54.1
57.1
60.1
60.5
64.3
71.1
68.8
67.3
47.3
45.3
51.6
62.0
65.5
69.7
70.3
69.6
68.8
63.7
65.4
73.9
72.7
67.7
72.4
77.3
78.5
80.3
70.1
69.1
73.4
69.9
68.6
73.2
68.0
77.2
78.4
77.3
77.7
74.3
71.5
69.8
72.1
77.2
75.6
75.1
74.5
74.8
79.0
83.2
84.3
85.9
81.7
79.5
80.3
79.6
77.8
78.8
81.3
83.1
80.9
74.7
82.9
83.0
83.5
87.5
88.1
84.9
78.2
76.3
76.4
74.6
76.0
78.3
78.9
81.2
83.1
86.0
87.1
83.1
81.8
77.7
77.1
81.2
83.2
84.2
83.6
80.0
81.6
81.4
82.6
80.2
77.8
78.5
72.9
69.1
77.0
77.6
80.7
82.0
80.6
80.0
82.8
80.6
80.7
84.4
85.5
85.3
83.0
83.0
80.5
81.8
76.4
76.1
70.1
69.3
72.7
73.4
75.7
78.7
81.1
82.1
83.1
83.2
83.0
81.8
80.8
82.2
84.4
85.5
86.2
86.3
83.5
82.6
77.7
77.8
78.6
81.8
85.3
86.8
84.7
82.2
81.8
78.5
69.4
69.9
76.2
76.6
79.0
80.4
75.1
70.8
67.7
68.0
75.1
74.2
72.9
74.4
75.8
74.4
74.1
74.7
75.5
75.3
76.7
76.3
62.7
62.4
61.9
63.3
66.8
67.5
69.7
70.2
65.8
68.3
61.0
61.2
58.0
58.3
47.4
57.8
57.3
56.4
55.2
48.0
49.4
55.4
58.3
61.7
67.2
69.6
61.0
57.9
50.3
52.0
60.0
62.2
44.8
49.9
53.3
58.3
56.2
50.0
35.8
40.3
47.4
61.2
73.6
62.0
50.4
48.0
53.6
55.2
42.5
32.2
32.5
37.5
35.1
33.9
39.1
42.3
52.5
56.7
51.3
64.0
49.7
32.2
24.9
25.5
32.3
32.8
33.2
32.6
36.2
40.2
39.5
45.5
50.5
46.8
52.5
65.6
58.8
46.2
36.5
31.2
34.9
38.9
39.7
41.1
45.4
32.8
34.2
