value
77.3
80.8
77.6
77.6
76.7
78.2
77.8
78.4
81.4
81.6
82.7
81.5
80.9
75.8
76.2
75.3
77.2
79.7
80.9
79.1
76.6
78.8
79.7
76.3
76.8
76.9
76.1
77.5
81.6
78.6
77.3
76.7
77.1
73.7
74.3
71.5
73.1
72.5
75.0
75.9
77.1
76.6
75.1
73.1
74.8
71.4
72.3
71.6
72.3
70.9
74.4
73.9
77.9
79.3
76.8
74.0
75.7
75.6
76.1
73.4
70.9
73.9
75.4
74.3
71.9
73.6
73.3
72.5
74.5
73.5
73.2
71.7
73.7
75.1
75.6
76.5
70.8
74.2
69.4
74.8
75.1
77.5
74.0
77.0
75.5
74.5
72.8
75.3
71.1
70.8
71.3
72.0
72.1
70.1
69.1
68.4
67.3
67.6
68.7
67.5
71.2
68.8
67.0
70.0
70.0
68.0
69.8
69.6
68.2
64.3
66.5
68.8
71.3
68.9
69.0
69.4
66.9
67.9
70.2
69.1
68.1
69.7
64.4
69.0
67.5
65.4
65.5
65.4
66.1
63.8
63.1
65.0
66.9
64.6
63.9
57.6
61.9
59.4
56.8
57.1
60.5
57.6
60.0
62.3
62.0
62.9
65.0
66.0
62.9
61.9
63.7
65.0
61.6
58.9
61.8
62.8
64.8
62.8
64.7
65.1
62.8
65.7
66.3
64.7
60.1
57.2
56.8
56.1
55.0
57.8
59.0
53.1
55.7
58.6
55.0
54.8
57.5
61.7
61.3
60.6
57.4
60.0
64.1
65.5
63.5
62.8
61.6
61.4
59.1
59.3
58.4
60.5
59.9
60.8
59.4
60.7
62.1
61.9
62.5
66.0
62.1
60.0
57.5
55.0
58.9
61.8
59.3
60.9
62.4
63.2
59.0
61.7
61.0
60.9
59.2
59.8
58.4
60.7
61.7
60.1
58.5
61.0
61.8
65.6
65.3
68.3
63.4
60.7
64.5
64.3
63.7
57.6
54.2
55.0
62.8
61.8
63.0
62.8
63.7
65.7
64.2
66.4
68.0
67.2
66.8
64.4
62.9
62.2
62.8
65.0
64.6
66.7
66.2
70.1
69.3
70.1
68.6
70.2
66.7
69.0
68.9
70.4
69.2
66.1
66.9
67.9
72.9
72.9
73.7
70.7
67.2
72.3
71.9
73.2
72.7
71.6
64.2
66.9
70.8
73.4
69.3
66.5
71.5
74.5
73.0
75.3
70.0
69.6
69.8
71.1
65.7
69.5
71.1
71.6
72.8
74.6
73.2
69.7
72.4
71.7
72.5
70.6
71.5
71.4
69.4
70.6
74.0
69.4
67.6
69.2
69.4
72.1
73.7
73.7
74.3
75.1
74.4
70.7
74.1
71.8
68.1
66.1
72.8
73.4
73.8
74.9
74.2
75.6
73.7
70.9
72.1
73.5
75.4
65.9
68.4
69.4
70.5
73.9
73.9
70.2
70.9
71.8
73.8
76.2
74.6
72.5
75.6
76.3
77.2
75.0
74.2
73.8
73.0
74.5
75.7
76.0
76.8
78.5
76.7
77.8
76.6
78.4
79.4
76.4
76.3
