value
73.8
65.3
71.8
80.4
80.0
75.5
80.5
81.8
63.6
69.2
76.9
80.2
60.7
58.3
67.0
70.6
77.6
82.1
64.6
70.2
76.1
75.4
69.1
73.1
78.4
71.4
72.8
67.6
67.8
70.1
70.4
57.1
56.9
64.9
65.1
69.5
69.5
74.1
78.9
76.2
67.0
62.1
63.5
64.5
66.6
66.1
67.2
65.1
66.7
69.0
66.2
67.8
64.6
67.7
67.9
74.1
70.9
68.9
58.2
58.6
58.9
61.3
64.0
64.4
64.9
67.5
66.4
68.3
70.5
69.7
67.9
72.2
68.1
67.9
65.1
53.2
55.0
58.2
63.0
65.5
62.4
58.6
59.7
66.1
63.6
74.0
59.4
53.7
60.9
57.5
55.4
62.4
53.1
57.0
56.3
55.9
57.9
57.8
58.8
59.1
62.8
-99
58.4
63.2
61.4
51.8
58.1
56.9
50.3
46.2
52.1
51.0
48.1
46.6
54.2
54.3
60.4
58.9
61.4
56.5
52.0
45.2
56.9
52.0
44.9
50.2
53.3
49.4
51.0
53.0
55.6
55.1
48.3
44.6
50.1
49.2
42.8
40.2
41.4
49.9
42.7
47.8
46.3
42.6
40.8
37.2
46.3
45.1
49.0
50.1
55.6
53.6
43.7
38.8
42.3
46.8
51.7
44.2
40.7
39.7
46.4
43.1
48.3
49.1
50.1
46.0
42.0
41.5
44.1
39.3
39.4
36.4
39.7
46.4
46.5
48.5
46.5
49.8
51.0
44.6
45.7
40.3
40.1
36.2
48.6
44.6
43.7
41.7
39.9
43.1
42.9
42.3
43.1
46.2
48.2
51.7
51.5
49.7
55.4
51.4
40.2
39.3
42.6
43.8
38.0
38.1
37.7
39.1
46.9
50.8
49.2
44.9
43.5
48.9
46.4
46.0
48.3
42.1
44.2
37.9
44.8
47.5
45.5
46.6
48.6
48.4
42.3
45.2
49.2
52.0
40.9
41.0
44.0
45.7
48.6
49.6
45.6
46.3
48.1
53.0
56.8
50.8
48.7
50.0
55.3
56.5
56.2
58.2
58.6
57.7
52.1
64.3
55.1
49.5
44.1
49.6
52.7
55.3
53.6
52.8
53.4
47.1
47.1
48.8
49.5
59.9
58.5
58.5
49.5
49.1
52.2
52.4
64.6
51.1
53.9
45.2
49.3
53.9
58.7
52.5
52.1
64.3
66.6
52.4
55.8
55.4
43.9
52.4
65.0
48.5
50.8
56.0
61.7
70.2
65.3
57.5
46.7
50.1
52.6
58.1
59.8
51.3
55.9
60.5
60.1
62.5
54.8
50.1
55.7
61.4
69.1
67.0
57.8
47.1
51.7
56.0
55.5
56.1
58.3
53.1
55.2
56.3
63.7
69.8
66.2
63.2
60.0
59.5
54.0
58.0
64.9
71.7
56.5
58.4
61.0
67.6
73.4
71.7
48.5
53.0
60.5
68.3
73.3
60.4
59.2
63.6
69.8
63.5
65.6
66.7
71.7
72.3
78.2
81.6
71.3
81.3
64.0
64.5
60.3
65.3
68.5
74.4
67.2
66.7
67.1
