value
65.7
62.7
86.5
88.8
67.6
67.0
74.6
65.0
58.7
71.4
72.7
64.3
58.8
59.8
67.3
66.6
91.6
64.5
62.2
67.2
67.6
66.5
63.9
84.6
64.9
62.1
64.1
64.7
58.4
68.2
58.7
57.4
62.9
65.2
63.7
70.7
81.3
70.5
69.6
70.2
63.0
66.5
65.6
75.4
75.5
75.5
79.4
80.9
83.5
62.5
67.7
72.2
75.5
75.6
80.3
71.2
72.7
64.1
59.7
63.7
64.8
70.8
74.4
75.7
81.0
77.9
80.3
82.2
77.1
86.0
84.9
65.5
64.6
64.5
57.0
55.9
58.3
61.8
72.8
63.7
61.2
66.2
64.3
65.0
77.2
74.8
55.6
59.0
63.1
55.4
62.0
57.4
53.8
56.3
63.0
68.8
65.9
62.2
60.0
63.7
56.7
-99
65.5
60.4
54.1
56.3
54.3
54.1
51.5
51.8
59.0
57.5
57.8
56.2
62.2
62.6
69.1
55.4
52.6
54.5
49.6
53.4
59.8
52.6
49.6
53.8
57.6
64.8
64.7
63.5
65.3
61.3
50.1
51.0
53.3
51.8
51.6
49.7
53.8
50.6
48.4
47.3
49.1
52.2
55.5
53.8
48.0
54.4
58.6
56.6
58.6
54.2
52.3
53.5
53.8
54.0
56.1
47.0
48.2
47.4
53.8
51.0
51.1
52.1
49.1
48.7
47.2
48.3
46.5
43.7
44.4
43.9
43.4
43.3
45.6
46.1
50.2
51.2
49.9
46.8
56.1
56.3
54.5
51.6
52.7
50.4
47.9
45.6
45.1
44.1
45.9
49.6
54.1
55.5
55.3
55.6
53.8
57.9
60.8
51.4
42.8
44.9
49.1
50.0
48.0
48.6
51.0
52.8
54.6
55.1
45.8
48.1
47.9
46.8
49.0
52.7
54.1
49.1
46.8
48.5
49.1
51.3
53.9
49.1
53.5
47.9
52.3
52.4
52.5
51.4
44.5
45.6
50.4
53.3
52.7
54.2
55.7
56.2
57.7
60.9
61.5
56.4
61.7
63.0
56.8
66.4
68.3
55.6
52.8
52.5
56.5
61.8
52.6
51.2
44.1
51.3
55.3
60.6
54.6
56.6
53.5
54.0
50.4
57.8
56.0
65.4
64.6
61.6
49.8
55.4
50.6
62.2
64.9
52.0
51.5
48.4
59.2
60.6
51.9
54.7
59.1
69.6
52.3
57.1
61.9
48.2
50.2
58.0
64.0
47.9
59.9
67.8
69.5
55.0
57.2
50.8
48.2
52.3
53.8
54.3
55.3
54.0
54.8
52.4
61.2
64.2
51.1
53.1
63.8
74.2
60.1
54.6
51.3
53.4
55.9
52.4
54.1
54.9
54.9
54.9
58.1
69.1
64.5
55.8
62.6
58.6
56.9
58.2
59.2
69.6
79.0
57.3
55.0
56.5
76.7
72.6
68.0
54.7
48.9
56.3
66.6
68.2
57.8
60.5
57.3
63.5
61.1
58.4
61.1
61.0
61.5
70.7
84.1
64.4
63.9
69.4
55.8
60.9
76.3
66.5
62.7
67.5
56.8
58.5
67.8
