value
78.4
74.0
71.2
68.3
83.2
84.0
86.6
83.0
71.7
71.1
75.8
80.6
75.9
88.6
80.9
72.7
68.0
73.1
75.4
80.9
77.6
79.6
73.3
73.2
74.9
80.9
80.2
75.8
77.5
78.7
78.8
81.0
82.5
82.0
73.6
74.1
72.7
73.3
78.7
84.1
86.2
89.4
88.2
85.8
75.3
80.2
78.7
69.5
72.8
80.6
90.1
85.8
68.5
65.6
72.5
83.4
83.7
81.0
79.0
78.1
72.0
74.8
67.6
68.7
77.0
77.0
77.3
83.1
77.1
66.9
66.8
72.5
64.8
74.9
76.1
74.9
74.8
73.9
69.7
65.7
65.4
65.9
67.2
65.9
56.6
62.2
65.7
68.6
68.7
73.1
74.1
75.7
78.9
76.9
71.4
72.6
76.2
77.7
77.3
80.3
80.0
70.7
74.1
74.2
73.8
71.3
69.1
69.3
69.0
62.2
62.4
60.5
62.9
70.6
70.5
65.4
65.0
65.7
65.7
67.5
69.7
63.4
62.1
63.7
66.0
64.4
66.7
61.5
62.2
59.8
55.4
56.7
58.5
58.9
60.6
63.4
58.7
58.5
59.4
56.5
55.5
58.1
55.3
58.6
63.6
63.4
62.5
59.6
58.0
48.6
46.6
54.2
57.1
56.4
55.9
60.3
55.8
55.4
59.6
59.3
54.8
55.3
56.3
58.7
57.9
48.1
54.6
52.6
53.0
52.4
54.3
56.1
59.1
58.9
61.2
54.3
56.4
55.5
54.7
53.8
54.7
53.1
57.1
50.9
49.1
50.6
49.2
48.7
50.6
55.0
53.9
54.9
53.4
57.6
60.2
61.5
55.6
46.2
47.0
48.8
47.6
48.9
56.0
61.5
57.6
60.0
55.5
55.6
55.0
55.6
57.8
59.0
56.1
56.8
57.1
63.2
65.1
64.9
64.6
58.1
58.2
57.9
57.2
61.2
55.9
58.8
53.0
54.6
55.7
57.5
54.8
55.1
54.9
56.7
58.7
61.3
60.1
56.2
53.7
56.0
58.0
62.1
65.1
64.8
62.6
59.9
55.2
54.8
61.3
55.5
55.7
59.5
60.8
58.9
59.0
58.4
55.6
52.6
58.0
56.2
61.0
59.7
57.6
63.1
61.1
65.2
61.6
57.2
56.7
58.7
60.3
58.2
51.2
58.9
65.6
69.9
61.3
59.6
60.9
62.2
63.0
55.8
58.2
59.5
56.1
58.1
61.5
64.8
60.2
63.2
67.4
55.9
57.7
58.7
63.3
68.7
69.0
64.5
67.6
69.9
70.5
75.6
76.5
67.7
70.3
70.5
78.4
76.3
65.0
65.7
68.9
70.2
75.1
75.4
73.3
70.3
71.7
75.7
79.6
78.5
70.8
65.6
65.9
71.3
77.7
72.9
72.2
63.2
66.1
72.7
76.6
72.8
66.0
66.3
65.9
65.3
65.3
69.3
77.1
76.9
71.6
67.0
70.5
77.0
78.0
82.3
83.9
82.8
85.9
80.8
74.2
73.2
73.4
70.8
69.5
70.2
75.3
72.6
72.1
73.1
72.7
74.5
79.0
76.0
69.0
