value
73.8
68.4
72.3
76.2
77.7
75.9
76.9
89.8
69.8
74.1
81.2
72.2
67.8
67.6
72.1
74.5
79.5
85.2
70.1
71.4
76.0
76.2
71.0
75.7
80.7
78.7
72.1
71.1
71.2
74.9
76.9
64.6
63.1
67.2
69.3
72.2
74.2
76.5
78.8
77.8
70.2
68.4
69.6
68.3
72.2
71.7
70.2
72.4
74.5
76.1
75.6
75.9
74.9
74.4
77.9
78.3
76.9
76.5
67.4
67.3
69.1
72.3
73.5
74.9
74.8
76.2
75.6
76.4
76.0
75.4
73.9
76.3
70.8
71.4
74.6
65.3
65.6
68.2
72.4
76.2
80.3
74.5
75.6
74.5
76.9
77.8
75.8
65.5
70.6
68.9
68.7
69.3
63.6
63.9
66.5
64.1
65.7
67.0
64.8
68.7
69.9
-99
70.7
72.2
69.4
63.1
65.7
64.8
61.1
58.6
61.9
65.0
64.4
63.1
62.3
67.2
67.5
71.9
68.9
66.1
66.3
58.8
64.2
63.6
57.7
59.4
61.9
62.9
63.8
62.5
64.1
64.2
65.8
56.9
63.0
60.5
57.7
56.7
57.0
58.3
59.1
55.9
60.8
58.1
56.9
58.7
59.7
59.5
61.6
63.2
65.9
63.8
56.5
57.2
58.3
60.6
65.8
64.1
58.3
59.4
57.9
58.4
55.9
60.6
60.8
57.5
54.7
55.4
54.8
52.7
52.9
53.2
53.1
52.9
53.2
59.1
61.1
60.2
57.6
55.7
54.1
56.7
56.7
56.1
63.1
56.1
53.3
54.2
56.2
51.6
53.6
55.0
56.4
55.4
60.7
62.5
60.9
64.1
65.6
63.2
58.3
53.9
54.5
55.8
53.5
55.8
55.0
55.8
59.8
62.7
60.0
54.8
55.6
60.0
58.4
57.5
60.5
62.1
55.8
51.6
58.6
60.4
62.0
60.9
61.6
63.8
54.1
62.6
63.0
64.8
55.3
51.6
53.5
59.2
61.9
59.0
60.9
60.2
60.4
61.0
66.9
68.2
62.4
64.1
63.9
64.8
64.7
70.8
65.9
68.7
64.7
72.7
72.5
63.8
59.9
61.0
61.0
62.4
62.0
67.8
68.9
63.8
60.1
60.3
66.2
69.7
73.3
73.0
69.5
63.3
70.4
64.5
74.5
70.0
70.3
56.4
59.3
69.3
73.9
62.0
60.7
74.2
79.8
65.4
71.6
73.7
57.9
65.1
73.6
72.0
62.9
67.8
71.4
76.5
73.1
76.4
62.7
64.8
64.9
65.9
67.4
62.9
64.4
66.7
67.5
75.2
68.7
61.2
61.0
67.3
75.4
77.8
69.0
62.3
63.5
66.0
72.0
69.3
64.7
63.6
62.7
64.1
67.7
73.0
73.2
70.6
68.3
67.3
64.8
64.3
69.4
75.1
63.9
65.0
67.4
69.7
71.9
75.5
63.8
64.8
69.6
74.6
81.2
76.2
73.9
73.5
75.1
69.9
69.8
71.3
74.3
73.5
75.7
83.8
73.3
79.9
74.0
66.9
68.2
69.9
71.7
74.2
69.0
71.3
73.0
