value
46.2
48.8
53.0
52.2
49.8
52.3
51.8
51.3
55.1
54.4
49.4
42.0
40.4
41.0
38.1
45.2
53.6
59.8
58.4
58.7
61.0
64.9
65.4
64.9
63.0
62.1
59.9
57.2
48.7
50.3
52.6
57.5
60.0
63.4
64.2
63.1
62.8
62.3
61.4
53.2
50.7
49.7
45.9
50.4
54.2
61.4
65.8
63.2
61.4
61.8
55.0
45.1
51.1
53.3
55.5
52.9
53.6
56.8
57.3
61.2
67.4
67.3
66.3
67.1
68.3
67.4
64.2
49.3
53.8
61.1
65.3
72.0
76.9
77.0
74.8
73.3
72.2
73.4
72.6
75.3
73.4
70.1
66.9
69.8
74.6
74.3
73.4
75.3
76.2
74.8
76.4
72.0
74.2
77.1
78.6
76.9
77.3
77.6
63.9
65.1
68.2
74.1
75.4
78.2
79.5
74.9
68.7
65.7
69.7
72.8
79.1
79.8
81.2
79.4
79.8
75.7
81.8
85.3
85.7
88.4
84.2
83.2
81.9
81.8
83.4
78.6
79.7
73.9
77.1
79.9
85.2
86.9
88.8
91.3
90.6
88.4
85.9
84.4
83.6
86.4
84.9
87.5
88.8
87.3
86.9
86.0
88.1
84.4
86.8
88.2
89.4
93.7
96.9
94.3
93.3
92.9
94.4
97.5
98.5
95.7
96.6
96.6
97.9
97.2
95.5
96.2
96.1
96.2
95.6
93.9
93.3
93.4
93.0
96.2
92.1
92.2
93.7
96.6
99.1
104.7
104.2
101.4
99.7
98.2
100.6
97.8
97.6
100.2
102.8
99.4
95.4
92.6
92.4
91.8
99.5
99.0
93.3
91.3
96.0
94.4
90.6
83.4
84.7
90.1
96.2
92.0
92.5
95.6
97.0
97.4
97.9
99.3
99.2
96.0
95.5
98.8
94.3
86.4
86.2
93.0
94.5
95.7
94.0
96.0
96.3
96.8
99.9
100.7
100.8
97.7
98.3
99.4
95.8
95.0
93.5
92.3
87.4
87.4
89.5
96.8
90.3
88.4
87.6
93.2
95.4
95.5
98.3
99.6
100.4
89.7
85.4
80.4
78.7
81.0
86.8
90.2
93.6
93.3
96.0
97.5
96.3
91.8
90.6
93.0
89.4
80.1
83.4
84.6
85.0
79.1
77.3
80.8
81.6
81.6
83.2
81.7
80.6
75.9
77.5
80.8
80.3
79.2
68.3
66.8
71.5
73.9
74.5
72.3
71.2
70.7
71.3
72.9
74.1
72.9
75.3
79.0
78.6
76.1
75.7
78.2
76.2
70.4
64.7
64.2
66.1
70.7
72.3
69.3
67.0
66.0
68.0
70.2
70.5
70.8
72.2
76.8
77.0
72.6
71.0
69.0
65.7
67.0
67.6
68.2
65.9
60.0
54.7
54.4
53.9
57.6
61.7
59.9
61.3
60.6
60.8
59.2
60.0
60.9
50.9
46.4
46.0
53.8
46.9
47.5
53.7
64.4
55.5
53.6
57.5
58.7
61.0
64.5
61.2
55.8
52.4
50.9
53.2
57.0
57.6
60.2
58.2
57.2
54.7
55.2
54.8
