value
39.5
45.4
46.5
46.9
45.9
49.6
45.6
44.1
49.8
53.5
47.8
35.3
34.1
32.8
29.6
38.4
52.3
56.3
54.3
56.6
57.9
60.3
61.6
62.2
61.4
63.6
57.7
55.5
44.7
42.8
45.1
50.2
53.9
58.7
57.6
56.5
58.0
56.1
57.3
50.1
42.2
42.2
38.5
42.8
47.2
52.9
59.6
59.5
55.4
57.3
49.8
38.4
46.3
46.2
48.8
42.4
46.1
48.1
48.7
52.4
60.0
67.0
67.4
61.3
66.5
65.5
64.5
49.5
52.3
55.5
59.9
67.6
72.8
73.7
73.1
70.7
68.2
68.6
68.0
68.8
71.3
66.6
61.3
63.0
67.4
71.9
70.9
72.1
71.7
69.7
70.5
67.4
66.9
70.5
74.7
72.7
73.2
74.1
60.0
58.3
61.3
67.8
68.9
73.8
73.9
74.7
66.1
58.8
62.2
66.3
72.0
75.6
77.8
76.5
78.7
69.5
74.5
77.9
79.9
82.5
78.8
77.8
76.1
78.4
80.4
73.9
73.9
69.5
71.5
73.5
75.1
80.2
83.8
84.0
85.8
84.4
82.0
80.6
78.2
79.6
79.3
83.0
84.6
84.1
83.3
81.4
80.7
81.1
80.8
84.2
85.9
87.3
91.8
90.1
88.9
86.6
86.9
90.9
91.7
90.3
91.2
92.0
92.8
92.4
91.7
91.7
90.4
90.4
90.2
90.9
90.0
90.2
89.7
90.0
89.3
87.6
88.7
90.9
93.3
98.4
99.2
90.0
89.8
92.0
94.6
93.0
83.3
91.0
92.4
90.9
87.2
82.1
84.8
87.8
90.3
91.5
84.3
83.3
88.2
86.7
83.9
80.1
82.6
85.8
84.0
83.6
82.9
82.3
86.4
89.5
90.0
92.1
89.6
85.5
85.5
89.6
85.7
77.5
79.5
86.2
87.1
89.2
89.3
89.7
89.7
90.9
91.1
94.0
91.9
93.3
89.7
91.3
84.1
88.5
83.4
82.4
81.0
80.9
82.7
90.5
80.3
80.8
84.5
87.4
86.3
87.2
85.7
89.9
89.8
81.4
80.2
75.2
76.0
78.4
81.8
85.6
88.0
87.8
90.4
90.6
89.8
85.7
85.5
85.3
86.3
76.8
79.4
81.9
79.4
76.4
71.6
76.1
76.0
76.0
77.2
78.0
76.0
71.2
70.2
79.0
77.0
75.8
68.7
61.9
67.0
72.4
71.2
68.8
66.0
63.7
64.1
67.1
65.2
67.4
69.2
75.8
73.8
70.7
68.6
73.5
71.5
72.4
61.0
57.3
58.9
65.6
69.6
66.0
63.8
61.1
62.9
67.5
66.6
67.7
68.4
71.6
71.2
68.3
67.0
68.1
64.3
65.7
63.5
63.1
64.3
60.0
49.8
52.3
49.1
53.6
57.7
57.4
58.9
58.1
59.0
56.9
57.2
63.6
48.2
42.2
42.7
48.8
45.9
43.9
51.2
61.6
51.4
50.0
51.3
55.5
59.0
62.9
60.5
52.4
48.3
46.9
47.7
54.6
50.4
55.9
56.3
53.6
52.6
49.9
53.0
