value
71.8
71.4
73.5
75.6
74.9
75.5
74.8
77.0
76.9
75.7
74.9
73.5
73.3
72.0
74.8
74.3
74.5
72.3
73.0
71.5
73.5
73.9
72.3
70.9
71.9
71.7
73.9
73.5
73.5
72.8
76.5
71.0
70.3
68.0
69.1
69.0
70.7
72.2
75.4
73.8
72.6
72.7
72.6
74.1
75.0
77.0
72.8
66.3
65.0
70.0
73.4
74.0
74.5
75.7
76.7
77.1
77.6
79.7
75.7
72.8
66.3
64.4
63.6
63.7
67.9
69.7
68.5
68.9
69.8
70.3
73.1
73.5
70.4
67.7
67.3
69.9
72.0
74.3
74.3
75.0
72.7
76.5
79.0
79.8
72.3
67.0
68.2
69.1
68.8
72.6
74.8
75.2
76.2
76.7
76.5
74.0
73.6
73.8
75.9
77.5
77.7
79.3
79.6
79.4
80.3
79.8
78.8
79.7
80.4
80.2
78.6
77.7
76.2
76.7
76.2
75.0
76.6
76.2
76.8
78.9
78.7
77.6
76.8
76.4
77.8
78.4
75.4
79.3
78.6
80.3
80.4
79.7
80.0
78.6
75.7
76.4
76.9
78.4
78.9
79.7
78.5
76.5
81.4
80.9
80.3
79.9
79.3
75.5
73.3
75.4
76.4
78.3
78.1
80.5
81.4
82.1
82.9
82.5
82.9
82.2
82.8
82.8
80.4
81.9
79.5
81.2
83.2
83.2
83.4
83.9
84.2
83.6
82.3
82.1
83.9
83.5
83.8
83.2
82.8
81.5
79.9
83.2
83.2
82.8
83.6
83.5
82.9
81.7
82.0
79.3
83.7
82.9
80.0
78.5
82.4
82.5
76.2
76.6
81.1
82.7
80.1
82.3
83.3
83.1
82.1
85.8
84.6
84.4
84.3
85.0
85.1
85.3
79.1
81.8
84.1
84.8
84.3
82.6
83.3
83.9
81.1
83.9
84.2
82.2
83.8
84.4
82.0
84.6
84.5
85.2
84.5
82.9
82.9
84.4
84.6
85.0
83.1
79.0
80.1
80.4
83.1
81.1
83.6
83.3
81.7
83.6
83.6
83.9
83.8
81.5
81.1
80.6
79.9
79.6
83.7
81.6
82.7
84.2
81.8
79.9
80.3
81.3
82.0
81.4
81.5
83.5
83.5
83.9
83.9
84.0
82.3
81.7
81.8
82.9
80.7
83.1
82.2
82.4
81.8
82.1
84.1
83.0
82.0
81.6
81.2
81.1
80.7
80.3
81.6
80.4
81.5
81.0
82.9
83.4
83.2
83.1
80.3
79.4
79.6
79.0
79.4
80.4
80.4
80.0
80.6
81.2
80.3
78.9
79.3
80.0
80.2
79.3
80.3
79.7
77.9
78.0
76.9
74.6
76.9
78.2
78.0
77.5
75.5
75.9
78.0
76.8
76.9
76.2
73.8
76.8
76.1
73.3
75.0
75.1
75.9
73.7
74.9
73.1
76.4
76.8
75.7
76.5
77.1
76.9
77.4
77.3
75.4
76.5
78.6
76.3
76.1
75.6
74.1
76.1
76.8
78.0
78.0
75.9
76.2
75.5
76.3
76.6
77.3
77.9
75.8
