value
80.6
81.0
79.3
78.8
78.1
77.4
76.8
81.2
82.1
82.3
81.3
79.9
81.6
80.2
79.4
80.6
77.8
69.7
70.2
72.9
74.9
75.5
72.3
72.3
72.0
73.9
75.3
77.6
80.6
81.5
78.2
76.8
75.3
75.6
74.6
78.7
79.4
80.6
79.4
80.3
79.9
81.9
82.2
82.3
79.0
79.2
78.1
71.9
72.9
77.7
78.2
81.8
81.9
81.8
81.5
82.2
81.2
80.5
80.4
74.1
72.3
70.1
70.2
75.7
75.4
75.7
73.9
76.3
78.8
81.1
76.0
74.0
74.2
74.3
74.4
77.6
82.2
81.3
81.7
81.9
82.0
82.4
85.0
82.4
78.5
76.3
74.8
77.5
76.5
78.7
81.4
82.0
83.0
83.0
77.6
75.9
76.7
80.4
83.2
83.0
84.9
83.7
83.5
83.8
83.8
84.1
84.1
83.6
84.3
84.0
83.1
83.7
83.2
83.1
84.1
83.9
81.2
82.2
84.2
85.1
85.9
86.0
83.1
80.2
80.0
81.8
83.6
82.6
82.4
84.4
85.2
84.7
84.4
82.6
82.5
83.0
83.6
84.6
84.7
84.2
86.2
85.0
85.7
85.3
83.7
83.5
81.3
77.8
81.2
85.1
84.7
84.5
83.0
80.3
82.7
84.5
84.3
85.0
85.1
85.5
85.0
85.3
85.7
84.9
85.3
85.4
78.1
76.0
76.6
82.6
82.0
82.1
83.8
84.3
84.9
82.6
83.7
84.0
83.3
84.0
84.5
82.7
79.0
80.9
79.3
84.1
84.9
84.0
84.2
83.4
78.3
78.2
82.4
79.4
78.5
82.0
84.3
83.9
81.5
82.4
84.1
85.0
84.0
83.7
84.8
85.7
85.7
84.9
85.1
85.4
86.0
83.8
83.0
83.2
84.8
81.3
85.8
85.8
84.3
84.5
83.6
83.1
82.7
82.1
81.4
81.2
78.7
81.4
85.8
84.7
84.0
84.5
85.9
83.2
79.6
77.5
82.5
85.2
84.3
82.7
79.0
78.6
80.2
81.9
80.3
79.3
81.6
84.3
84.3
82.7
82.6
82.9
80.9
78.2
81.4
81.9
83.6
84.0
80.7
78.8
79.9
83.0
83.6
84.8
83.2
82.4
85.7
85.3
85.1
84.9
84.8
84.1
83.1
84.0
83.2
81.3
84.7
83.8
83.2
80.9
79.8
77.9
81.6
83.2
84.7
83.5
80.3
81.1
80.7
82.6
82.8
83.8
83.6
83.8
84.4
82.1
82.7
79.4
77.1
78.2
78.3
78.5
81.0
81.4
84.1
83.8
77.9
78.2
78.8
79.6
79.4
77.0
76.3
75.7
77.1
78.9
78.4
76.9
75.7
78.7
81.2
81.5
80.9
80.1
80.7
78.4
78.2
78.1
77.9
78.9
74.1
72.5
74.5
71.4
73.6
74.3
76.7
83.0
82.6
82.8
81.1
77.6
78.0
77.3
75.2
74.7
75.1
77.5
78.2
74.9
73.4
75.9
74.1
76.4
81.0
82.4
82.3
79.2
76.9
75.6
73.3
75.1
75.7
78.0
78.3
