value
81.7
81.6
81.3
80.5
80.7
80.1
80.2
82.8
82.8
83.1
79.4
82.1
82.3
82.4
83.6
83.1
84.0
84.6
85.2
85.3
85.1
84.8
84.7
81.9
83.9
85.1
84.4
83.1
81.7
82.9
83.6
80.9
80.8
80.4
81.3
82.9
84.1
84.1
83.8
83.6
83.6
84.5
84.9
85.2
83.6
84.8
85.1
85.0
80.8
83.9
84.7
84.7
84.0
84.8
85.5
85.3
85.6
85.4
85.4
85.9
85.9
82.4
85.6
83.0
85.6
85.7
85.0
85.7
85.0
85.3
85.4
85.3
85.6
85.1
85.2
82.2
84.8
85.4
86.0
85.9
84.6
85.2
84.8
85.4
84.7
85.0
78.9
83.1
84.9
85.4
84.1
81.3
84.4
85.3
84.9
85.6
85.2
82.7
80.5
82.0
84.2
85.6
85.9
85.1
82.2
85.3
85.3
83.8
85.0
83.0
83.8
81.4
82.6
83.5
83.9
79.9
82.3
81.4
82.8
85.7
79.3
81.5
84.7
85.1
83.9
82.5
83.3
80.3
83.2
84.9
76.4
80.8
80.3
78.9
79.8
82.5
82.5
81.8
81.6
83.6
83.8
82.4
81.8
84.7
86.8
82.2
81.1
81.4
81.0
81.9
81.6
80.9
77.6
78.8
82.1
83.5
77.8
82.6
83.5
77.5
79.1
78.2
81.0
83.0
83.7
81.4
81.0
82.4
82.2
81.9
82.9
82.8
83.1
82.3
82.4
82.2
82.5
81.2
81.7
81.3
79.9
79.9
79.7
80.2
79.1
77.7
79.5
79.4
78.9
79.4
79.1
78.8
78.8
79.8
79.1
78.9
79.3
80.6
79.5
79.9
79.6
77.5
80.1
80.2
77.2
78.7
79.1
79.4
78.4
78.2
77.2
77.6
76.2
76.9
76.4
76.3
76.7
76.6
77.0
75.5
76.3
74.9
75.6
75.8
76.3
76.4
77.1
77.7
77.8
77.3
77.2
77.7
78.2
77.8
78.0
78.2
78.7
78.7
79.0
78.9
78.3
78.1
77.9
78.0
78.6
78.7
78.9
79.2
78.3
79.2
79.0
78.9
78.7
79.3
79.3
79.4
78.0
80.0
80.3
79.6
80.2
80.3
80.7
80.0
79.3
77.5
79.2
79.3
79.2
77.4
76.9
79.2
79.9
80.0
79.9
79.9
77.6
78.8
78.4
79.0
80.4
80.2
80.5
78.6
80.3
80.4
81.0
79.0
80.9
80.6
82.1
81.8
81.9
79.1
79.6
79.8
80.5
83.0
82.8
-99
83.4
82.3
83.8
82.5
80.4
81.8
80.7
82.2
82.6
80.9
82.4
82.9
82.2
83.3
83.7
83.5
83.3
83.5
82.9
83.3
83.2
83.3
83.0
83.1
82.5
83.4
81.9
81.7
82.1
82.6
81.6
82.8
83.2
83.6
83.9
83.8
82.5
83.7
83.3
83.7
83.4
83.1
83.2
82.7
83.2
83.3
82.0
80.9
81.7
81.1
79.8
79.4
78.7
79.4
80.9
81.7
82.3
82.4
82.9
82.6
83.0
82.9
83.1
83.7
83.5
