value
79.0
80.1
76.8
81.3
81.3
81.3
80.9
77.5
75.7
74.8
73.3
71.5
69.2
72.8
74.8
76.9
80.2
79.3
80.1
78.8
78.4
78.1
80.7
79.4
81.4
76.1
76.4
81.1
81.1
78.8
80.0
79.7
82.3
80.2
83.1
82.0
83.6
83.9
80.7
82.2
86.0
85.9
84.9
85.9
85.9
87.0
86.3
85.5
85.2
84.5
83.0
77.7
84.6
85.4
84.9
85.6
87.5
86.3
86.2
86.1
86.8
88.7
89.3
87.8
84.7
86.3
88.1
84.0
84.5
84.1
83.5
83.3
85.9
85.5
87.5
87.5
90.0
84.3
80.8
83.7
85.5
83.8
86.8
86.7
83.0
86.6
86.7
84.9
85.8
86.9
88.0
86.2
87.0
85.2
87.6
87.6
87.1
86.3
87.5
88.3
87.2
88.2
92.1
88.5
88.1
90.8
88.2
88.4
90.2
90.0
90.0
90.3
88.8
92.6
91.3
89.1
88.7
88.0
88.4
87.7
87.5
89.6
89.9
91.3
88.6
88.8
87.0
87.6
87.1
91.2
90.0
89.7
85.1
87.4
86.3
81.3
83.9
84.6
84.6
84.6
83.0
79.4
80.0
83.1
82.8
79.3
81.5
81.7
79.4
81.9
78.9
83.1
83.3
81.0
76.8
78.3
79.2
78.5
80.4
79.8
79.7
78.6
79.6
80.1
79.1
81.6
84.7
85.9
82.6
79.6
79.8
79.9
82.2
79.7
80.8
80.6
80.5
78.4
80.3
79.3
81.2
80.8
78.8
80.9
80.3
80.5
82.5
80.2
79.9
79.8
79.6
78.3
80.4
79.7
80.1
82.6
76.9
78.7
80.3
77.3
78.5
77.7
78.8
78.8
76.3
79.4
77.7
79.4
79.6
77.8
77.8
76.1
80.0
77.6
79.2
79.8
80.4
80.2
79.5
79.7
81.4
81.5
79.8
81.0
82.0
78.7
79.1
79.9
79.1
83.0
78.9
78.6
79.1
77.8
76.7
76.5
77.6
80.4
82.5
83.0
81.6
83.8
79.7
78.5
81.5
83.1
81.5
79.9
77.3
78.2
80.6
80.5
82.0
81.8
80.5
79.9
78.6
78.0
77.6
79.1
79.3
80.9
80.8
77.8
78.0
80.8
80.7
78.4
78.4
78.5
79.5
80.3
78.4
82.2
77.1
80.4
79.7
81.9
81.9
86.1
83.4
81.3
81.6
81.8
83.0
81.6
84.1
83.1
84.4
79.3
77.9
82.0
79.5
82.9
82.9
82.2
82.7
79.3
79.9
79.8
77.4
79.3
82.8
83.2
83.3
83.4
82.7
81.7
82.2
84.8
81.9
82.7
81.6
81.2
81.5
81.8
82.9
82.6
81.5
83.1
82.4
82.2
80.6
80.5
82.3
81.2
82.4
81.0
81.5
82.5
81.1
83.3
82.9
81.8
80.9
80.7
79.6
78.9
78.8
78.9
79.0
79.3
77.9
76.8
76.7
81.1
81.1
80.4
74.1
70.5
70.4
70.1
69.7
70.4
72.3
70.5
72.3
71.9
72.8
74.0
72.0
72.0
71.2
73.6
75.0
