value
69.3
69.9
69.1
65.2
66.0
70.3
71.4
69.8
70.0
67.5
59.8
59.2
58.6
59.7
58.8
58.5
61.0
62.4
64.0
65.1
67.3
64.6
65.1
69.5
69.9
70.0
70.4
70.8
70.4
65.6
65.7
66.4
66.7
64.9
63.0
63.5
63.1
66.2
67.8
69.3
69.8
72.5
71.2
67.8
65.2
66.3
68.4
67.2
67.0
67.8
68.0
68.0
67.4
67.3
70.7
68.6
67.4
67.2
68.7
70.9
74.4
74.4
75.9
79.8
74.9
67.2
64.1
66.1
71.9
70.7
69.7
71.8
75.8
76.1
74.5
78.4
77.9
71.6
70.6
70.6
71.2
73.1
74.5
70.3
69.3
72.8
75.0
77.0
78.0
78.1
78.8
81.2
82.1
81.0
82.0
74.8
72.6
77.0
78.8
77.1
77.4
81.5
82.8
83.5
81.4
83.5
87.3
88.3
82.3
84.5
81.3
77.6
78.9
79.2
79.1
78.5
77.3
78.1
80.5
73.4
77.2
81.4
84.3
83.9
81.8
82.6
86.5
84.0
83.5
86.7
89.7
90.6
92.2
86.6
88.4
92.2
87.0
85.2
86.4
87.6
89.5
90.5
88.1
89.8
87.6
87.9
90.5
90.3
90.9
89.3
90.1
94.3
91.2
87.6
86.7
89.5
89.5
90.3
88.5
88.7
91.2
89.6
89.6
90.3
89.5
89.9
90.1
89.8
92.0
95.4
95.5
95.7
97.2
94.8
95.3
96.3
97.1
97.8
100.5
95.4
95.8
94.5
95.5
95.0
94.8
94.4
93.2
94.1
93.6
93.4
95.4
96.9
100.1
97.3
95.6
92.9
98.5
94.9
94.7
95.5
95.6
96.4
96.3
96.8
96.5
97.2
96.9
95.3
95.1
95.7
95.1
94.9
94.2
94.6
94.3
92.7
91.8
92.1
92.5
92.8
93.8
94.0
94.8
94.2
94.4
97.3
95.2
94.7
95.5
97.4
95.8
93.5
94.2
94.1
96.5
96.9
95.2
94.4
95.8
95.3
93.5
91.9
91.6
93.0
94.0
93.9
97.5
94.1
92.7
94.9
93.6
92.6
91.1
92.9
90.7
90.3
92.5
92.2
93.2
94.7
94.5
92.4
93.5
94.1
94.2
91.8
91.7
91.2
88.6
85.9
86.4
86.4
86.3
88.2
87.7
87.1
88.9
90.3
88.7
88.0
84.1
82.0
80.6
80.8
80.5
80.5
80.3
82.4
82.4
81.7
82.1
84.9
83.9
83.7
79.7
79.2
78.9
79.6
79.6
82.1
81.6
81.8
81.0
81.1
80.8
80.4
82.7
80.0
77.8
77.0
77.5
77.6
81.0
81.5
80.5
79.8
80.0
80.4
76.3
75.4
70.6
77.3
74.0
73.0
70.4
68.5
69.1
70.7
71.0
71.7
71.5
71.5
71.6
72.4
73.1
72.1
70.7
72.6
73.4
73.1
72.8
71.7
72.6
67.1
64.5
71.9
74.2
73.5
66.5
59.4
61.9
63.2
66.2
65.7
60.1
59.8
60.6
62.7
64.0
61.1
60.0
60.5
62.6
64.2
66.3
