value
45.7
45.5
48.0
49.6
46.8
45.4
48.5
47.2
47.8
46.5
47.6
50.6
50.6
48.9
46.0
47.2
46.6
45.8
46.0
43.7
44.7
47.6
45.1
46.8
48.2
47.1
48.8
49.4
47.2
46.6
46.9
47.3
50.0
47.0
47.5
48.0
46.9
46.0
45.2
44.9
46.2
46.6
46.6
46.5
45.7
44.5
45.3
44.4
44.5
46.5
46.9
46.6
48.3
48.3
51.5
52.4
48.5
49.4
49.2
49.7
48.7
48.7
49.0
47.7
48.3
47.5
48.1
46.3
50.1
48.0
48.3
47.6
47.8
46.6
46.8
46.6
48.1
50.3
49.2
49.2
48.6
47.3
47.2
46.6
47.3
45.1
45.4
45.9
48.0
50.2
49.3
48.6
50.2
50.7
48.4
49.5
46.3
47.3
48.0
47.3
48.9
47.3
44.5
44.9
45.6
44.9
44.4
46.1
41.8
44.6
43.6
44.9
45.3
44.4
44.8
46.5
47.4
46.5
45.9
45.2
44.9
49.1
47.4
47.5
46.6
45.8
44.5
45.5
46.2
47.9
48.6
44.3
45.9
46.9
44.2
42.9
43.5
43.4
43.1
45.2
46.0
47.4
47.5
46.1
45.0
44.5
43.4
40.8
41.7
40.7
41.5
41.1
42.4
36.6
39.0
40.0
40.0
44.2
40.5
41.5
43.4
39.8
37.8
38.9
42.2
42.4
40.0
40.6
41.4
41.2
43.1
41.8
41.1
44.0
42.7
42.3
39.4
40.0
41.4
37.9
41.0
38.8
41.6
44.1
42.4
43.3
43.2
-99
-99
34.7
42.5
44.2
42.6
40.4
39.3
42.3
42.4
43.4
42.9
42.5
41.1
40.9
44.3
43.1
42.3
40.8
40.4
42.2
44.1
40.7
39.7
42.4
43.5
45.1
43.6
43.7
43.9
44.6
44.7
46.1
48.6
40.8
41.9
42.3
45.7
41.9
44.7
46.9
44.0
44.1
45.8
43.6
46.2
45.8
42.6
39.6
39.6
41.5
40.6
39.8
41.2
41.1
43.3
45.0
40.9
41.7
43.1
45.5
45.5
46.3
44.2
43.4
44.0
43.8
45.2
46.4
45.7
47.8
46.6
45.8
44.4
48.1
48.4
48.2
48.6
47.3
47.9
47.0
48.3
48.2
46.9
46.3
48.7
46.9
47.2
49.2
48.4
45.0
48.5
48.9
48.2
46.8
50.6
46.7
47.5
45.8
40.0
45.3
49.2
50.5
51.3
50.1
51.2
52.2
48.4
50.0
45.9
44.5
49.3
47.4
47.2
48.5
50.1
47.9
48.5
48.4
47.5
46.5
46.8
48.0
48.6
50.6
51.1
51.4
51.8
50.7
49.0
48.1
52.9
52.7
50.1
50.2
49.7
50.0
47.5
46.1
46.3
49.6
52.1
50.0
51.8
51.7
51.7
53.1
51.2
52.8
50.3
51.0
52.5
51.1
50.6
47.6
47.8
45.7
45.2
47.8
47.5
46.0
46.2
46.4
48.2
48.5
48.8
49.6
48.0
47.2
46.6
47.5
46.2
47.3
48.9
48.6
49.5
47.1
45.4
