value
28.5
27.5
31.9
38.9
39.6
33.3
28.0
20.0
19.8
27.8
32.0
29.4
19.3
30.6
36.6
42.7
40.4
40.5
31.4
35.9
45.5
48.4
41.4
35.7
37.7
26.8
25.6
27.9
32.0
36.8
38.9
37.4
39.8
44.2
36.3
36.4
37.9
39.1
30.5
31.0
36.0
31.7
33.9
41.5
41.5
36.6
33.7
37.2
38.0
33.9
36.2
38.0
38.3
42.9
45.7
47.3
43.5
38.9
37.5
39.0
36.4
39.9
41.1
38.1
39.9
47.0
51.0
52.9
49.0
52.3
47.4
48.8
52.9
34.1
28.7
30.9
34.4
45.0
45.7
48.8
35.6
39.0
41.4
41.0
40.8
38.1
39.1
41.9
46.7
55.1
52.5
50.9
48.6
46.9
49.3
57.3
47.4
41.6
45.3
48.1
54.1
56.2
59.3
55.2
47.0
47.2
50.6
50.0
50.2
50.8
54.7
56.4
60.1
63.3
64.2
65.8
68.9
68.8
68.7
70.6
70.2
68.2
66.1
66.6
68.2
69.1
66.1
61.8
58.4
63.9
64.5
62.3
56.9
58.1
59.9
63.9
69.4
71.5
71.2
73.7
72.0
68.8
67.4
64.0
63.3
58.4
56.8
62.2
70.4
67.2
57.4
57.9
56.7
60.8
62.6
62.3
64.3
63.8
65.0
68.7
67.3
62.8
61.0
64.2
66.9
69.0
73.1
74.9
78.1
78.0
77.6
77.9
79.2
74.6
75.1
71.7
61.6
57.0
64.4
63.7
59.1
64.6
64.7
68.4
68.8
68.5
68.6
69.8
70.1
68.8
69.0
72.1
68.7
69.0
67.8
68.8
65.6
67.6
68.3
70.7
71.4
71.3
71.5
72.3
73.5
75.0
77.0
74.8
76.9
80.1
78.2
73.9
74.3
75.0
76.0
76.4
76.5
76.2
77.7
77.8
78.6
76.8
73.4
74.8
76.7
78.5
75.4
73.5
74.8
75.0
75.2
75.9
73.6
73.1
72.3
70.8
71.3
76.3
70.0
71.3
69.1
67.2
66.1
67.4
67.0
66.7
66.5
63.7
64.0
64.6
64.2
68.3
71.2
67.8
68.2
60.8
58.0
63.8
56.5
62.1
56.8
57.4
56.8
55.9
58.7
57.8
62.1
62.3
64.8
60.6
61.0
63.6
60.5
50.7
45.2
43.2
41.7
42.7
47.4
50.3
55.6
54.3
58.9
59.0
62.6
63.4
60.8
62.3
58.3
49.8
55.0
53.2
50.9
53.5
56.7
59.2
57.7
53.7
53.2
53.5
55.9
56.4
55.6
56.1
53.9
47.4
51.6
54.4
58.1
55.1
47.5
50.3
50.8
50.8
54.7
56.0
53.5
49.4
46.7
44.7
37.0
39.8
45.0
48.2
50.7
48.3
47.3
44.8
41.2
31.8
31.4
30.3
30.3
28.1
36.1
35.8
30.6
28.2
29.7
32.3
33.1
33.5
37.1
38.3
28.5
34.3
31.0
31.9
26.2
32.1
27.2
26.8
25.2
25.6
29.7
27.2
24.2
23.5
33.5
36.8
47.1
45.4
33.0
32.8
30.0
