value
43.9
42.4
48.9
47.6
45.4
46.6
45.6
43.3
41.2
39.8
34.0
30.1
28.7
27.3
28.7
20.5
20.8
26.0
26.4
25.4
30.9
28.6
21.8
22.2
25.3
28.6
40.0
41.4
51.1
52.3
46.0
42.8
38.5
38.3
46.0
38.7
36.4
34.6
33.6
31.8
31.8
30.2
29.0
30.5
31.6
39.7
40.2
36.2
34.8
36.8
33.2
28.8
28.4
27.5
30.6
33.0
36.1
32.8
33.9
35.7
35.8
37.7
41.6
50.7
52.4
50.9
52.3
45.3
34.2
28.0
25.6
25.4
31.0
33.5
40.7
42.2
42.7
40.5
36.0
35.4
35.7
33.0
30.1
32.4
32.9
34.4
34.1
31.3
32.4
32.7
35.0
36.1
35.6
37.9
36.3
38.7
41.3
41.9
43.3
45.5
50.5
49.6
50.8
62.5
56.3
55.8
62.2
55.7
46.7
43.6
45.1
47.8
53.0
58.1
63.2
48.7
44.3
45.6
46.8
49.0
52.5
54.5
55.2
52.7
56.0
58.0
58.6
57.7
54.6
52.5
50.4
48.6
52.0
49.1
54.0
47.8
47.1
49.8
54.3
50.8
49.3
48.6
44.1
42.9
46.4
49.7
54.9
56.2
49.5
51.8
55.5
51.1
53.0
50.7
53.8
60.9
64.6
66.0
60.9
56.6
53.7
59.7
65.2
62.1
57.6
59.8
59.5
63.3
74.2
70.8
69.1
61.7
60.3
58.6
55.2
55.6
56.4
54.5
56.9
58.5
60.8
60.3
61.8
62.2
61.9
62.8
67.3
68.4
68.0
66.4
62.9
59.2
57.8
61.9
65.6
68.8
68.5
69.3
72.1
69.9
63.9
72.5
77.2
76.2
71.0
72.8
72.2
69.6
67.8
67.1
63.5
68.0
77.1
80.2
69.0
68.3
70.9
65.4
59.1
62.5
62.3
60.5
62.2
62.2
59.4
60.2
63.5
69.0
67.9
67.2
61.9
62.4
65.0
63.1
68.1
62.7
62.8
63.9
64.1
62.1
62.5
63.1
62.8
57.3
62.2
65.2
70.0
74.8
68.0
62.1
60.1
54.9
53.6
56.9
57.4
57.0
59.0
54.7
54.0
50.9
53.2
53.4
56.4
55.1
61.4
61.1
58.9
56.9
57.4
50.8
53.8
55.6
53.0
52.5
54.3
58.7
62.8
58.8
57.0
55.6
57.7
57.4
47.9
45.7
43.9
47.4
49.9
50.9
50.3
55.4
55.5
56.6
59.3
59.7
63.3
59.9
54.8
59.8
62.3
58.1
57.4
49.6
47.3
49.4
50.6
52.8
47.2
48.7
43.9
51.8
53.0
48.9
47.2
43.1
42.5
45.3
42.4
42.8
41.6
35.9
40.1
40.0
42.0
36.8
36.7
37.8
40.3
40.8
41.2
41.1
40.4
43.8
43.8
42.6
43.7
41.3
35.7
40.5
39.5
37.9
42.4
45.3
43.3
39.1
38.3
33.6
36.1
42.9
45.4
49.5
45.5
46.9
45.1
41.6
43.9
46.4
46.8
48.9
44.9
42.0
45.8
44.4
41.1
40.9
44.5
