value
33.7
29.5
34.6
33.6
33.2
25.5
19.3
20.0
18.6
17.2
18.2
22.4
15.1
8.9
17.0
26.2
21.4
13.9
6.5
12.1
5.9
5.9
9.7
20.4
16.9
9.5
2.8
13.9
17.4
26.2
35.5
34.4
26.7
31.1
27.4
33.6
33.6
32.7
33.2
32.3
29.9
28.1
32.4
33.0
30.6
25.4
24.4
20.8
23.6
22.7
22.8
24.5
26.2
27.6
25.7
26.4
26.5
34.0
34.1
34.0
28.3
32.3
19.5
29.5
31.9
31.9
22.1
20.0
17.8
19.5
19.6
22.1
24.8
21.2
21.2
20.6
17.7
19.4
23.6
23.6
17.3
12.8
19.9
23.6
25.2
26.6
25.3
24.8
30.3
33.7
34.9
32.9
33.4
34.6
34.8
31.5
35.9
36.1
33.6
35.0
40.7
44.9
43.1
40.1
41.9
47.5
54.2
57.8
56.1
53.4
43.9
47.8
54.3
52.5
52.0
55.4
66.1
45.6
49.1
56.0
53.5
56.1
50.0
50.2
59.2
56.8
60.8
66.8
68.8
71.0
71.6
72.2
72.5
62.1
63.2
68.5
70.4
74.3
71.0
69.1
64.4
61.0
58.0
62.9
55.0
59.4
64.9
61.1
63.8
64.0
70.5
70.3
69.7
61.6
66.2
68.5
71.6
67.7
69.8
68.3
62.9
61.1
62.6
67.1
70.3
59.6
66.1
67.1
62.6
68.4
71.9
76.6
77.0
73.3
73.4
75.4
75.1
65.8
66.3
63.6
65.5
62.8
64.3
70.6
74.7
76.9
74.0
69.7
68.5
67.8
68.3
70.1
68.0
64.0
63.9
65.6
64.0
64.8
68.0
65.4
55.8
57.8
57.5
58.2
64.6
64.5
62.8
67.4
70.0
71.4
72.6
66.5
65.9
61.9
64.8
70.5
73.1
72.9
75.2
78.0
75.2
74.7
65.2
65.3
65.8
62.9
61.1
63.7
65.6
66.8
69.2
76.2
74.1
66.8
58.6
57.2
55.6
60.0
58.6
56.2
59.1
59.5
62.8
60.8
55.2
53.5
55.6
56.1
55.5
57.0
59.6
60.0
60.1
60.3
61.0
60.0
57.9
56.8
57.4
54.7
63.3
58.0
57.6
55.6
54.1
49.2
49.0
43.6
42.4
42.9
44.7
44.2
41.8
40.0
40.3
38.6
43.1
45.6
45.6
51.2
53.8
52.5
47.1
48.9
51.0
48.2
51.1
50.0
48.6
45.3
46.2
39.9
40.2
42.0
37.0
41.8
51.0
50.9
46.8
55.3
55.4
57.5
49.2
46.9
42.8
46.8
51.3
45.6
49.7
44.1
42.1
44.8
46.1
45.0
39.4
41.5
35.9
40.3
38.3
36.8
43.5
35.9
38.4
43.8
42.4
42.9
41.1
41.8
35.7
29.0
26.8
36.0
33.8
33.1
35.4
30.3
30.4
31.5
34.5
30.8
30.6
30.1
23.8
16.5
27.7
35.5
33.3
27.1
27.2
33.0
35.4
35.7
33.1
30.6
34.1
35.0
38.0
34.3
33.6
36.6
33.7
34.2
36.1
38.1
35.6
