value
75.7
77.2
77.2
75.7
76.8
76.1
75.0
72.9
72.2
72.1
68.7
65.4
66.7
66.1
67.7
67.8
70.6
73.7
73.2
72.8
70.9
70.6
70.9
70.6
70.8
69.6
70.6
74.7
71.5
71.2
70.6
70.9
72.8
74.0
74.3
72.3
71.1
73.2
73.1
73.4
74.2
75.5
74.9
76.0
76.1
77.8
77.8
77.1
76.2
76.4
75.8
76.2
75.8
77.7
72.9
67.9
70.4
71.2
73.4
71.7
73.8
74.0
75.0
75.7
74.6
75.8
76.3
77.2
75.9
73.5
75.6
74.9
73.4
73.0
74.0
74.9
76.5
72.8
67.6
70.0
71.9
70.9
71.0
70.6
72.3
72.9
70.6
71.1
70.2
73.0
73.7
72.3
72.9
71.6
70.2
73.2
72.6
73.4
72.2
70.1
70.1
71.5
72.5
73.1
72.2
72.6
70.9
71.4
71.6
69.4
67.5
67.2
65.7
67.2
68.1
69.8
69.9
69.9
68.5
71.1
70.7
70.2
70.3
69.3
70.1
71.5
73.1
68.9
70.4
70.1
69.3
68.4
69.9
71.0
70.9
71.2
70.1
69.3
69.5
67.8
69.0
70.7
71.9
71.3
70.6
68.9
69.6
70.8
72.1
65.0
68.4
69.2
69.2
66.5
65.1
67.5
68.7
70.1
70.5
68.5
66.5
66.7
67.0
67.2
67.0
68.2
70.2
69.8
71.1
69.0
68.1
66.9
70.8
74.1
71.0
69.4
68.8
69.7
69.1
69.4
71.1
68.2
68.9
67.6
65.3
63.8
65.4
65.1
64.9
64.9
66.2
63.2
65.0
67.5
67.9
70.5
69.6
69.2
70.5
71.3
71.8
72.1
72.5
67.9
66.1
68.2
68.1
70.7
69.5
69.1
67.8
68.3
66.9
67.5
66.3
66.8
68.2
67.0
66.5
66.9
68.7
67.6
66.2
72.0
72.3
71.6
66.1
70.3
70.3
70.0
68.9
66.1
67.3
69.8
70.2
71.3
70.2
72.2
70.8
68.1
70.7
71.5
68.4
69.1
70.6
72.0
69.4
66.4
68.8
70.6
71.7
70.6
71.4
70.1
69.7
70.6
71.9
74.1
78.1
79.9
69.7
73.2
74.8
76.9
79.6
82.3
77.2
73.1
76.6
78.8
76.5
71.7
72.4
70.5
73.6
72.7
74.0
71.4
72.0
70.8
70.5
66.7
67.9
71.4
72.4
73.4
74.7
74.4
78.9
70.7
72.0
72.4
72.6
75.3
74.3
76.9
76.2
78.1
79.3
78.6
77.4
73.0
71.7
71.6
74.1
75.1
76.0
74.8
69.3
68.4
71.1
72.1
76.2
77.6
78.7
75.6
71.6
72.5
76.1
76.4
75.3
72.5
73.7
79.0
78.4
77.8
73.9
70.3
71.5
72.8
73.9
73.2
76.0
72.6
73.4
75.8
73.4
77.8
75.8
71.7
73.1
74.1
71.0
73.8
75.2
72.9
72.5
73.6
75.2
73.8
75.6
72.6
72.9
73.5
71.4
71.2
71.8
71.3
75.3
77.7
74.7
72.8
74.4
73.3
73.2
