value
89.5
85.4
75.9
77.3
80.9
83.7
87.4
90.6
86.0
77.2
72.1
74.6
79.6
77.5
78.7
79.2
81.9
80.0
81.0
79.0
76.5
76.3
79.6
80.7
88.0
83.3
77.2
75.7
73.8
78.3
80.1
82.0
84.7
83.8
77.3
76.1
77.2
78.3
81.0
81.6
82.4
84.2
85.7
83.3
84.2
83.8
84.9
86.3
86.3
85.3
84.2
85.5
85.5
83.7
82.7
85.9
84.0
80.9
78.2
75.6
75.1
80.8
86.1
84.9
81.6
82.9
83.2
83.2
84.6
82.0
82.6
84.0
78.9
79.3
81.3
81.0
75.1
74.3
77.0
80.2
82.1
80.8
78.9
80.1
79.2
75.9
78.7
77.6
76.4
77.2
79.7
80.9
76.6
80.9
79.7
81.0
79.9
78.7
76.9
76.4
79.6
81.5
80.6
72.6
72.8
76.4
76.0
74.2
75.5
75.4
72.7
73.9
74.8
74.4
74.2
74.3
74.9
75.5
76.2
77.8
77.6
76.4
77.6
78.8
79.4
70.3
72.3
73.0
71.5
73.9
74.0
75.8
75.7
78.6
80.0
79.8
71.3
70.4
74.0
74.9
77.3
75.6
73.1
71.6
73.0
73.8
74.0
76.7
76.2
78.3
71.0
73.7
77.5
72.1
71.6
72.1
74.9
76.5
75.8
76.0
75.5
75.4
75.3
75.7
75.7
71.5
73.9
76.3
76.0
74.0
74.6
75.3
79.2
72.1
72.5
75.1
75.4
76.0
75.6
77.4
76.3
75.7
68.6
71.8
72.4
72.4
71.9
73.9
73.9
70.6
70.7
71.7
71.8
75.3
77.8
77.0
71.2
73.3
76.1
77.8
77.0
78.2
76.3
68.2
61.5
61.2
65.9
66.6
65.5
67.0
67.9
68.9
70.0
72.2
75.3
75.1
72.0
72.7
72.6
75.1
77.5
74.3
69.3
69.4
74.5
73.3
66.4
68.4
70.5
69.3
70.6
71.1
73.7
75.3
80.5
74.0
74.3
72.5
67.5
68.5
67.9
71.1
72.8
76.1
75.5
79.1
68.4
70.9
71.2
71.8
73.6
74.3
74.3
76.4
76.7
76.5
79.0
79.9
81.7
79.0
75.4
74.0
78.0
81.5
78.9
76.2
72.9
69.9
70.2
69.8
71.3
70.5
75.0
78.6
72.8
74.6
74.8
74.4
72.4
68.9
69.4
71.6
73.0
73.2
75.4
77.7
79.4
77.3
71.6
72.5
72.1
74.1
75.6
81.5
79.4
76.6
80.2
78.0
76.2
81.1
75.1
71.8
73.2
71.7
73.6
76.3
77.3
77.4
74.2
69.4
68.4
72.3
74.0
77.2
84.3
88.3
78.8
76.4
80.0
86.3
73.7
75.5
80.2
84.7
85.6
78.4
71.4
73.3
72.7
73.9
77.9
82.4
78.7
77.4
75.0
76.8
82.9
79.5
83.5
77.0
77.5
78.2
80.5
83.6
76.0
75.2
75.2
76.3
77.1
76.3
74.4
75.9
76.4
77.9
77.1
77.1
77.0
78.4
80.0
80.5
81.4
82.8
83.5
88.1
84.8
