value
78.0
70.7
65.7
69.9
75.0
76.6
79.3
79.8
73.7
69.3
64.7
64.5
67.4
69.1
68.9
69.1
71.4
72.4
71.5
68.4
65.6
67.0
69.3
73.9
76.8
71.4
67.8
67.1
67.6
69.6
72.6
73.8
76.2
73.3
70.0
67.5
68.0
68.0
71.4
70.0
71.6
75.4
79.1
76.2
75.9
75.6
78.1
76.8
78.2
74.9
76.0
79.0
76.2
69.8
74.4
78.5
77.1
71.7
71.8
71.8
71.8
74.4
78.7
79.4
75.6
75.5
76.0
76.6
75.2
74.5
77.1
74.6
68.2
70.7
73.5
69.5
62.0
63.8
67.0
70.2
71.5
69.2
67.8
69.3
69.2
68.1
66.3
66.0
67.5
70.5
71.4
71.5
71.6
74.1
73.4
72.9
70.6
69.9
68.1
67.6
70.3
74.0
70.7
62.5
65.1
66.6
62.9
62.7
64.6
63.8
62.9
63.7
62.8
63.9
64.2
66.9
67.2
64.8
67.9
72.3
69.7
68.8
73.3
75.9
72.4
63.5
62.5
60.7
60.2
61.0
63.9
67.8
69.3
70.7
74.5
72.8
60.9
63.2
65.5
69.7
69.3
65.9
62.4
60.0
60.9
62.3
61.4
60.9
63.2
63.8
60.8
66.4
65.2
61.6
59.9
64.4
66.8
67.0
65.2
65.3
67.1
67.8
66.6
65.7
64.7
60.2
63.6
65.0
63.1
65.1
64.5
67.6
69.1
59.5
60.5
62.0
63.7
65.3
67.0
69.4
64.9
60.6
57.8
61.5
62.5
65.6
68.4
68.4
62.6
60.1
61.7
60.9
63.9
66.8
67.6
65.2
60.2
63.0
67.6
63.9
67.5
72.4
64.7
50.8
44.8
48.0
52.6
56.0
57.6
57.5
58.7
64.5
67.8
68.9
70.2
69.0
63.3
62.7
66.0
71.6
73.0
72.8
57.0
60.3
69.5
56.9
49.8
55.6
57.3
57.0
59.6
62.0
66.0
70.7
69.4
65.7
70.6
65.4
57.2
52.7
57.0
62.2
68.3
72.3
72.3
68.1
60.1
57.8
62.8
64.3
66.9
70.1
67.2
65.7
71.2
73.6
74.3
75.9
73.4
66.3
59.7
61.9
67.4
76.6
67.2
65.4
63.8
55.4
55.6
56.3
60.9
62.0
63.1
67.9
64.7
65.9
68.3
62.4
58.4
56.6
57.8
61.9
64.3
66.1
67.6
72.3
77.3
69.7
64.6
64.1
67.7
67.1
71.8
78.8
69.7
72.6
76.5
68.5
73.1
71.9
61.4
59.6
62.9
63.4
64.9
69.9
71.7
69.0
61.3
59.2
62.4
66.4
70.7
75.1
81.7
81.2
70.2
66.1
71.4
78.1
64.5
67.6
72.1
78.3
77.5
68.3
65.9
66.6
67.3
68.2
70.5
75.9
74.2
69.2
69.8
74.5
77.2
78.1
79.6
70.2
70.5
73.5
79.3
75.7
68.4
65.9
67.1
70.7
72.8
69.4
67.8
69.0
69.5
70.3
69.6
71.3
70.3
71.2
74.2
78.1
80.0
78.7
76.0
78.1
78.8
