value
43.8
42.2
42.5
42.5
45.0
49.9
46.2
43.7
47.1
47.1
40.5
39.7
38.9
38.5
39.4
41.9
44.5
47.0
47.1
46.9
48.9
50.0
52.3
55.9
54.9
56.7
51.3
44.7
45.1
47.4
50.7
52.2
54.9
53.3
51.8
54.0
48.2
44.7
47.8
44.7
45.4
47.1
49.0
49.8
51.9
54.6
56.4
55.2
53.6
50.8
42.4
46.1
49.2
51.0
47.8
50.7
51.5
53.1
55.8
58.4
62.5
67.0
57.9
59.8
59.2
54.4
51.8
51.6
54.4
58.2
61.9
65.7
68.7
67.6
64.8
64.8
61.0
64.5
66.1
61.4
56.5
56.1
59.9
63.7
68.0
63.2
64.3
65.3
70.7
67.6
62.0
62.3
65.7
67.0
63.9
62.4
63.7
59.6
58.3
65.1
68.5
68.4
70.6
66.5
67.2
55.1
56.0
61.1
67.1
70.5
72.5
75.1
73.5
73.9
69.5
69.5
74.6
77.9
79.5
77.7
73.4
76.8
79.9
79.7
73.2
69.1
69.1
65.6
69.3
73.9
80.8
85.3
84.0
81.9
76.6
70.3
68.0
68.3
72.9
76.5
79.3
66.5
62.6
66.9
69.2
69.4
72.4
69.1
73.2
72.9
75.7
82.0
86.2
82.0
80.9
78.9
81.4
85.9
91.3
89.5
75.4
75.1
81.5
77.1
76.5
79.7
78.8
79.5
74.9
69.1
72.8
75.7
79.3
85.5
74.3
77.7
81.8
84.9
89.2
93.1
94.5
93.8
94.0
93.1
93.4
92.8
83.6
85.1
87.6
88.6
90.7
87.7
82.9
84.6
86.8
85.5
79.7
77.2
82.7
86.0
88.5
91.0
87.8
85.2
85.4
90.0
89.7
92.4
87.8
84.0
81.3
82.0
80.4
78.4
81.5
81.8
81.3
80.6
76.5
75.3
76.8
78.1
79.6
81.8
83.0
85.1
84.6
85.9
88.3
85.7
91.8
91.0
86.5
84.5
80.6
82.1
81.0
80.8
82.0
84.6
84.5
83.8
86.9
86.8
84.7
81.9
81.1
80.9
79.8
84.2
86.7
87.0
86.3
79.5
77.2
81.7
84.1
81.5
79.1
78.6
71.9
76.6
79.6
74.2
65.2
69.1
74.2
69.4
63.6
65.1
69.3
72.2
73.1
72.1
69.8
66.7
64.7
68.7
70.5
71.4
69.5
63.1
61.3
64.2
65.8
65.0
64.9
65.4
67.6
67.6
68.1
68.3
69.5
68.1
68.2
67.8
67.1
64.9
65.4
66.2
59.8
56.4
56.9
58.4
60.4
62.7
60.3
55.7
55.5
57.9
60.6
58.8
60.4
60.7
60.7
61.6
58.2
59.9
58.8
55.1
55.0
56.1
56.9
59.1
57.2
50.9
52.2
53.8
53.4
55.0
57.9
58.2
55.3
54.9
54.6
54.1
51.8
42.5
38.7
38.6
44.5
37.7
36.6
38.5
42.0
43.6
43.8
44.5
45.4
47.4
49.7
54.8
53.4
46.5
45.9
46.5
48.5
48.7
49.3
49.7
48.7
49.5
47.2
48.1
49.4
