value
51.8
53.9
54.7
57.0
53.1
52.7
54.9
55.6
56.3
55.1
49.9
49.3
48.1
48.7
48.3
50.8
57.1
63.6
64.4
64.0
61.6
64.7
65.1
60.4
63.3
61.0
56.1
54.3
53.2
53.3
57.2
59.4
62.1
64.7
56.5
55.0
55.8
53.5
52.8
47.8
51.0
52.4
52.5
53.4
55.1
59.9
66.8
58.8
56.7
54.8
51.0
53.3
54.2
53.6
55.6
56.0
54.1
59.9
62.6
64.5
68.4
60.2
57.2
56.6
55.5
56.1
53.8
55.1
55.9
58.1
56.3
55.9
56.5
57.5
55.5
56.4
58.1
56.8
58.2
60.0
59.3
59.4
59.9
59.0
58.9
59.1
59.2
58.9
57.5
60.0
59.2
59.7
60.0
58.8
61.1
61.2
61.4
60.8
62.7
63.2
62.7
59.8
58.2
58.5
58.6
57.3
61.5
64.7
66.0
63.5
63.6
61.6
61.1
60.2
62.5
62.9
61.4
61.9
61.0
61.4
63.6
65.1
72.3
67.2
62.9
62.6
63.2
63.8
63.4
64.4
65.4
64.4
72.8
67.2
64.0
64.4
64.8
65.0
64.9
66.6
67.3
65.7
64.7
64.5
63.9
63.9
63.7
66.4
68.4
68.2
68.0
67.3
67.2
67.0
66.2
64.8
63.6
63.1
64.9
65.2
66.3
66.8
65.1
64.9
65.5
65.9
65.4
64.5
66.7
66.8
68.3
68.4
68.4
66.1
66.9
66.8
68.1
70.1
67.5
68.1
73.3
72.3
69.8
68.2
68.4
67.7
68.9
67.9
68.1
69.7
69.8
70.6
71.1
67.0
67.7
70.3
67.9
68.6
67.9
67.5
68.2
67.9
69.2
68.0
66.1
66.1
66.0
65.6
64.6
66.3
66.1
65.3
65.0
66.6
67.8
65.7
65.0
65.7
65.7
65.9
65.8
66.4
66.2
66.4
66.2
66.5
67.3
67.1
65.6
66.0
66.9
65.5
67.5
69.0
69.2
65.5
62.7
68.0
69.9
69.9
71.8
77.8
79.0
74.0
70.2
73.3
75.5
75.3
75.6
73.3
68.4
65.3
65.8
66.8
67.4
68.2
69.1
70.4
70.7
66.4
67.0
67.7
67.5
67.5
66.7
69.5
71.5
69.4
66.9
68.0
70.7
68.9
67.1
68.0
67.3
65.5
68.3
73.8
75.6
70.2
65.5
63.4
60.4
63.1
63.8
64.4
64.2
70.4
73.2
70.0
66.5
65.1
64.5
61.9
61.9
62.8
63.8
63.2
61.8
61.6
61.5
59.4
59.4
62.3
64.4
67.0
64.1
62.6
61.5
64.7
65.4
65.9
62.5
63.5
62.6
63.9
69.1
74.5
65.2
62.3
60.8
60.4
61.1
61.1
60.6
59.7
59.2
58.9
58.7
60.5
64.5
61.9
60.1
61.4
63.7
63.4
59.3
56.7
53.4
52.0
51.9
50.1
50.5
53.2
57.1
57.4
54.9
56.5
62.4
69.0
67.4
64.8
56.6
53.5
54.7
55.7
58.9
63.3
63.4
65.7
65.2
63.2
58.7
60.4
56.4
