value
47.7
45.7
45.6
47.6
48.2
49.4
47.4
50.1
49.6
47.9
47.3
45.6
44.7
46.6
43.0
44.7
46.7
49.0
49.1
50.3
49.3
49.5
51.9
51.7
53.8
54.4
49.6
49.2
49.3
50.1
50.8
51.6
52.2
50.7
49.3
49.7
48.9
49.1
46.1
48.7
47.2
50.3
48.4
48.5
50.5
55.3
56.4
51.7
49.2
47.8
45.9
49.4
48.5
51.0
51.8
49.8
49.8
49.5
53.1
51.6
55.6
53.9
49.7
48.8
52.5
48.8
49.8
50.4
52.4
51.9
51.9
53.1
53.7
53.0
53.1
53.6
51.3
53.4
54.5
52.2
52.9
52.1
51.9
50.7
50.2
54.7
58.1
57.6
56.0
59.2
58.1
55.0
53.5
56.1
58.3
57.0
56.6
54.3
57.8
61.9
56.0
53.2
53.6
52.1
51.0
51.0
57.5
57.3
56.4
57.8
58.6
64.7
63.2
55.1
57.6
55.4
52.8
54.7
63.6
58.2
66.5
66.8
69.3
66.0
61.6
62.7
62.9
56.2
55.4
54.6
56.5
58.6
57.8
58.5
56.5
57.2
57.1
57.1
59.3
63.2
57.3
53.9
53.4
54.3
53.8
56.9
56.5
59.5
59.0
56.8
58.8
60.9
57.6
58.6
60.3
59.1
57.9
58.9
64.5
64.3
61.6
59.8
58.6
58.4
61.0
56.4
56.8
59.2
58.7
59.0
58.8
59.0
59.9
59.7
60.2
64.7
67.8
67.1
67.3
69.4
65.7
64.1
64.3
64.3
66.9
60.6
60.3
61.6
61.3
60.9
58.8
58.6
59.5
59.5
58.5
58.1
60.5
61.4
59.0
58.9
58.3
58.8
61.4
62.9
61.8
59.5
59.6
58.6
61.0
61.1
61.0
60.1
60.3
59.7
59.5
58.9
59.2
59.0
61.7
62.1
59.8
61.7
60.1
61.5
61.0
62.0
66.3
65.9
62.7
63.6
66.8
64.6
63.3
62.9
61.0
62.4
65.6
64.5
62.3
64.3
65.6
66.1
63.9
63.7
66.9
66.0
65.8
65.0
66.2
72.5
63.5
62.0
63.6
66.4
65.5
60.8
59.3
62.7
64.3
62.6
62.4
62.5
62.7
65.0
61.4
63.6
64.5
60.9
59.8
62.9
62.2
63.7
67.5
61.7
60.2
59.9
68.8
69.1
67.6
67.5
60.3
57.8
60.0
56.5
53.3
58.9
60.7
64.6
64.3
65.4
59.2
56.7
55.2
52.2
51.7
52.4
54.2
56.1
57.2
54.2
55.8
57.1
54.5
55.7
59.2
58.1
55.6
54.9
60.3
59.1
64.1
57.3
56.0
57.1
56.5
60.4
59.5
54.5
54.6
54.3
54.9
52.9
56.0
57.2
52.8
60.4
59.5
53.5
52.5
54.2
55.1
56.0
55.5
52.9
53.5
54.9
54.3
48.3
43.7
44.8
49.2
42.3
43.0
43.5
45.7
46.9
48.3
48.4
49.7
52.6
52.3
52.1
52.1
50.8
52.3
51.1
52.5
52.4
52.6
51.7
51.7
50.2
54.8
51.5
49.1
