value
52.4
52.5
52.9
54.3
51.7
52.8
53.5
53.8
54.5
56.1
51.5
48.7
49.0
48.2
48.5
51.1
56.4
59.9
58.8
60.2
59.3
61.7
63.1
63.7
63.1
60.6
56.7
55.3
52.9
55.2
58.1
59.1
62.1
64.4
57.1
55.4
56.7
55.5
55.0
50.4
52.3
52.8
53.0
53.4
55.3
60.5
65.2
59.2
55.9
54.4
52.9
52.6
52.5
54.5
55.9
56.0
54.6
57.9
60.2
64.4
67.7
62.7
58.8
58.0
57.0
57.2
55.1
54.5
55.6
59.5
57.1
57.1
57.1
57.1
56.0
57.3
58.2
60.5
60.3
59.8
59.7
59.3
58.8
60.0
59.9
60.2
60.6
60.8
61.9
61.4
61.4
61.1
60.6
60.5
61.9
61.2
61.6
60.2
59.2
61.8
62.8
60.2
59.6
57.5
56.8
56.6
59.0
63.9
65.7
65.9
62.6
60.5
60.8
61.2
63.2
63.9
63.2
62.1
61.2
60.9
63.5
65.5
70.6
63.8
63.3
62.2
63.6
63.4
63.9
64.6
66.3
67.0
72.9
69.1
63.6
63.1
63.7
64.4
65.1
64.9
65.1
64.5
63.2
63.4
62.4
62.9
61.7
64.6
65.3
65.6
65.4
65.2
63.8
65.2
65.5
66.3
65.6
63.8
61.3
60.5
62.7
63.7
61.2
61.7
62.3
66.0
68.5
66.4
65.3
65.6
67.0
67.2
65.8
64.2
66.2
68.9
70.4
69.3
70.5
72.6
71.4
69.8
70.3
70.8
69.7
67.8
69.0
69.4
70.2
71.3
70.6
69.2
70.5
71.9
70.6
70.7
71.8
70.3
70.7
68.2
65.5
66.7
69.2
70.3
70.1
68.1
68.7
68.5
66.3
66.8
68.1
67.5
67.9
67.4
67.6
67.0
68.1
67.4
68.0
67.7
67.8
66.4
66.8
67.6
67.0
66.7
66.8
69.5
69.9
66.4
66.1
68.4
69.7
71.1
71.2
69.3
68.9
72.0
73.1
73.6
74.9
79.6
79.3
76.5
72.9
74.6
76.7
76.6
76.7
76.6
74.2
70.7
69.6
69.6
69.0
69.5
69.4
70.4
70.1
68.2
66.3
67.1
66.8
67.7
69.0
70.1
71.0
68.6
66.1
67.0
71.4
70.8
69.2
68.0
65.8
65.8
67.6
70.5
73.8
72.6
66.6
63.9
61.9
63.5
66.0
64.9
63.0
65.3
69.2
70.5
67.8
66.5
63.7
62.3
63.3
64.8
64.7
65.4
65.1
62.9
63.5
62.1
61.5
63.4
66.8
64.8
64.0
63.3
61.5
64.1
65.8
65.6
62.3
65.7
63.9
65.5
67.5
68.9
64.1
63.4
62.6
61.7
63.3
63.3
63.2
60.4
60.2
60.4
59.7
62.0
63.6
61.0
62.6
62.8
63.1
63.5
61.9
60.2
57.3
54.8
55.5
55.9
51.9
54.0
58.6
57.9
55.9
56.9
59.9
64.1
63.6
62.6
58.5
53.7
56.5
56.7
59.1
61.5
62.4
61.5
61.1
60.4
58.0
59.5
57.8
