value
39.9
38.8
38.4
40.3
40.8
46.2
40.9
43.1
43.1
41.8
36.6
39.1
34.9
37.9
37.4
38.8
40.7
42.5
42.2
42.6
43.3
44.3
48.3
50.2
54.2
54.4
45.6
44.0
45.6
46.5
47.9
49.4
49.9
47.1
47.5
48.3
46.9
47.6
45.6
46.1
43.7
45.8
47.3
46.9
49.9
52.1
52.8
51.4
47.8
45.6
42.5
45.9
46.9
52.4
49.4
48.7
49.7
49.2
55.0
55.8
57.5
59.6
52.8
51.2
52.5
48.5
50.2
52.0
53.7
54.5
58.3
60.4
62.1
59.5
59.6
58.5
55.6
58.8
55.7
53.9
55.9
54.7
55.9
57.4
53.9
58.0
58.7
61.7
61.9
61.3
58.5
58.8
60.4
59.8
58.8
58.3
58.7
56.4
61.3
66.6
66.3
62.0
61.5
59.2
60.1
55.7
57.6
59.9
63.2
69.4
67.0
71.1
72.7
67.9
60.6
60.6
64.1
69.1
75.5
74.4
73.4
74.1
73.5
76.2
65.7
65.3
61.6
63.6
63.1
64.6
70.6
74.5
71.5
71.3
65.6
65.1
61.7
62.6
70.3
76.0
70.8
61.9
59.6
63.4
62.2
63.4
63.1
64.3
68.4
67.0
72.2
77.1
78.1
73.4
67.3
65.2
67.4
74.2
86.1
72.8
63.4
66.3
70.9
68.6
74.7
72.5
70.0
71.6
66.7
64.5
68.4
71.4
74.6
75.7
64.1
65.5
71.6
77.1
83.5
86.5
86.9
83.7
86.9
82.5
86.7
77.2
69.9
72.0
73.0
78.2
79.1
70.2
68.5
73.9
74.6
69.3
64.6
67.1
73.3
75.3
76.0
76.1
76.9
76.8
76.4
78.4
73.5
73.7
70.6
65.5
67.1
68.4
69.1
71.2
71.1
69.1
67.7
67.0
65.2
66.7
66.4
67.5
69.4
71.1
74.1
76.0
75.6
77.2
75.8
76.7
82.9
78.2
72.5
69.4
67.9
71.7
72.0
70.7
72.2
73.2
73.6
75.8
77.2
73.9
71.9
71.5
71.0
70.6
72.4
74.8
78.2
79.2
75.3
68.4
69.1
71.3
69.9
68.7
69.7
69.6
70.4
69.6
70.4
65.0
61.1
65.7
69.2
62.2
64.2
64.7
63.5
67.8
68.0
64.4
64.1
64.9
68.7
65.3
62.8
64.9
64.7
62.2
62.4
59.9
60.3
62.1
60.9
61.3
62.0
61.0
60.9
62.5
61.0
63.1
63.4
61.9
59.0
57.8
60.0
56.7
54.5
57.0
53.6
53.9
56.2
56.6
59.3
57.6
57.5
55.3
54.6
57.5
56.8
55.7
53.7
58.8
57.5
56.6
53.9
52.9
50.3
49.4
54.4
56.1
54.5
57.2
48.8
48.6
48.0
47.9
50.3
53.6
52.0
51.1
50.4
50.2
53.4
42.5
37.2
34.4
41.4
34.3
33.6
35.6
38.6
39.6
42.0
43.6
42.1
43.7
46.9
46.8
49.3
48.5
45.2
44.4
46.0
47.9
45.8
45.2
43.7
44.2
46.9
44.0
47.1
