value
76.1
75.7
78.4
79.3
79.5
79.7
77.6
77.3
76.9
77.0
77.7
78.3
76.9
81.1
83.0
80.7
83.7
80.8
82.2
83.9
79.7
80.0
77.4
79.9
84.8
80.6
79.8
83.0
82.4
78.7
80.1
77.4
77.5
78.2
81.0
81.8
83.8
81.1
81.6
82.3
81.7
84.1
84.5
80.8
81.0
83.8
82.4
74.4
79.2
80.4
82.0
83.5
84.0
81.9
81.5
83.3
84.9
82.3
86.1
83.3
84.1
84.3
84.7
82.1
83.4
84.6
81.5
82.4
81.8
81.4
81.3
82.7
73.8
79.9
73.3
73.6
74.7
79.4
85.5
82.0
81.4
81.2
86.5
75.4
79.6
80.4
84.6
81.2
79.5
83.4
81.8
83.0
85.6
83.1
79.3
79.5
75.5
81.0
82.3
81.5
81.1
82.0
80.2
83.9
80.2
84.2
84.4
79.1
78.6
82.3
78.3
80.7
76.7
82.6
82.9
85.0
84.4
74.7
81.5
77.7
82.0
83.2
81.2
81.7
78.7
81.9
84.9
80.9
84.1
79.9
83.2
77.6
78.8
80.7
80.7
79.4
80.5
77.2
78.3
77.4
82.0
82.4
84.5
80.5
77.3
79.1
79.8
77.1
76.1
80.5
76.3
78.6
82.3
79.2
75.8
77.9
82.1
83.1
78.1
80.5
80.5
79.9
73.9
77.7
77.7
80.1
76.6
81.0
81.1
73.6
79.1
81.9
76.7
78.6
78.7
80.0
82.0
75.4
77.2
78.5
77.3
81.3
79.2
73.2
75.8
79.5
72.1
73.0
77.6
79.4
76.4
78.7
78.1
77.6
76.1
75.5
78.6
78.9
80.5
80.4
74.4
77.3
79.7
75.6
76.9
72.7
78.4
77.4
78.2
76.6
76.6
74.9
75.7
72.4
74.1
74.0
73.3
76.5
75.0
78.0
79.2
77.5
74.4
74.2
78.4
77.1
77.8
78.3
80.5
78.2
76.7
74.1
76.7
77.2
76.8
77.9
77.2
77.6
80.7
79.2
78.8
73.9
74.9
76.9
77.4
77.5
73.6
79.1
74.3
75.9
77.7
79.3
78.1
77.0
78.7
76.7
80.6
73.7
76.7
83.3
77.2
77.7
78.1
79.9
78.5
77.4
75.3
78.5
81.3
72.5
77.9
77.8
79.1
78.4
75.4
78.6
78.8
74.3
78.1
79.9
76.7
78.2
78.6
73.8
76.7
77.9
79.2
76.1
74.9
78.0
76.5
75.2
75.2
75.5
74.5
76.1
74.4
77.0
78.0
75.8
72.2
-99
75.7
78.6
80.5
80.5
80.7
76.1
78.6
76.0
76.6
74.4
77.8
75.9
75.2
79.1
80.1
77.4
74.8
78.1
78.7
76.2
72.4
75.8
77.8
81.6
80.3
78.4
77.5
74.1
80.1
79.9
79.5
81.4
81.5
81.2
79.8
78.7
81.2
73.0
77.6
79.6
72.0
72.7
79.0
79.6
74.8
76.2
72.5
70.6
72.4
73.1
75.1
76.7
76.3
77.0
78.7
81.4
81.2
78.6
74.4
77.8
78.4
78.5
74.7
