value
77.7
80.6
79.2
77.6
77.6
75.2
79.8
78.9
79.1
80.9
81.3
80.3
79.6
77.3
80.2
77.4
77.3
78.0
79.6
81.2
82.8
82.9
79.0
79.2
81.9
80.7
77.6
80.2
78.4
78.5
80.8
79.3
77.8
82.0
82.9
82.3
84.2
80.7
81.6
78.6
79.8
75.2
78.5
81.2
81.2
81.1
82.7
81.9
73.0
75.4
80.4
82.1
84.4
83.5
77.2
79.1
77.2
79.4
82.8
83.6
81.2
77.9
82.0
79.7
80.6
84.4
77.4
78.6
80.5
80.2
79.2
81.1
82.0
78.9
81.7
81.1
81.7
74.9
79.9
79.9
81.1
77.7
80.0
80.0
81.0
82.3
80.5
81.5
81.6
79.5
82.1
82.0
83.0
83.6
78.8
78.3
80.3
82.1
81.9
82.1
80.2
76.7
79.6
83.5
81.5
77.0
79.2
81.0
78.0
79.7
80.2
78.9
79.9
78.9
80.8
78.4
77.9
81.3
79.5
79.4
82.3
83.6
80.1
77.5
80.4
77.8
78.6
79.3
76.8
79.2
80.4
79.1
75.0
79.6
79.2
82.3
81.2
79.6
78.7
76.7
78.9
80.4
81.1
78.7
79.3
78.8
77.7
78.2
77.2
75.4
77.4
79.1
78.8
76.8
77.0
77.0
77.5
75.3
75.6
76.8
75.8
74.5
74.6
74.4
74.5
74.5
74.7
73.3
74.9
73.2
72.2
74.3
74.7
71.6
76.0
73.2
79.2
74.9
72.5
70.6
72.6
74.2
72.9
72.7
73.6
75.8
75.1
74.3
70.2
73.9
75.2
77.0
71.8
70.8
71.7
70.5
72.7
73.3
74.7
72.0
72.5
73.8
76.0
74.7
74.2
72.6
70.5
75.3
77.2
72.1
70.2
72.2
69.7
69.0
72.5
74.8
70.5
73.2
73.9
75.0
76.4
71.2
71.2
71.4
74.8
73.3
77.7
75.2
74.9
75.4
76.1
75.5
75.9
73.9
76.2
77.5
78.7
80.3
74.9
76.4
74.8
75.7
79.6
79.8
80.1
73.5
77.8
78.1
77.0
74.1
74.5
74.1
75.6
73.6
75.9
78.4
76.0
79.9
79.2
78.8
75.8
81.2
81.7
79.9
80.3
79.4
79.2
76.1
78.8
78.3
80.2
76.3
79.8
78.6
82.4
79.5
77.1
76.2
82.3
77.9
80.3
78.1
73.8
77.1
76.6
78.6
75.3
78.4
82.8
80.6
80.6
79.4
78.7
79.0
79.1
81.2
80.5
77.9
81.1
74.4
78.7
77.7
78.7
79.9
79.7
77.5
79.0
79.2
77.8
81.0
74.0
79.5
74.9
78.4
79.4
81.8
80.0
75.1
77.1
78.3
80.5
80.8
79.8
74.4
78.4
78.8
77.8
76.0
76.1
77.1
81.7
74.6
79.5
79.8
81.1
73.5
76.7
78.9
77.4
77.5
73.4
78.5
77.8
78.4
77.9
76.3
76.5
77.9
75.7
75.4
80.0
81.4
80.8
78.9
79.3
81.8
78.2
77.8
78.6
75.1
80.8
81.3
77.9
74.8
78.8
