value
16.8
13.1
12.6
14.9
19.3
19.4
20.0
19.2
19.1
21.5
22.2
22.2
23.6
25.7
22.6
23.4
24.3
24.4
29.8
26.9
26.4
23.1
24.9
26.6
19.6
24.4
25.5
26.6
25.6
27.9
29.5
27.6
29.6
26.1
27.8
22.7
21.1
15.8
18.7
26.4
24.6
24.2
29.9
30.5
29.9
28.4
31.5
33.3
29.0
26.0
30.0
28.4
32.6
35.2
34.4
29.3
35.5
45.9
37.4
33.2
31.0
44.2
46.3
43.5
41.5
47.8
47.3
42.7
41.8
45.1
37.7
37.6
38.1
42.8
48.3
49.0
41.8
34.1
35.7
40.2
41.5
39.3
39.7
41.6
47.3
51.3
44.6
42.3
42.8
42.5
48.3
50.8
53.9
45.5
45.4
47.7
49.8
48.1
47.2
48.0
51.0
59.8
61.1
52.7
55.0
56.4
52.5
50.6
42.1
50.3
55.0
54.7
51.7
62.4
60.2
63.8
64.4
60.3
72.1
66.3
65.7
64.0
63.6
66.3
69.9
73.6
73.7
69.0
59.9
73.2
74.2
71.4
71.8
74.3
70.7
70.7
68.9
68.5
67.3
73.7
73.0
73.1
74.0
73.2
76.3
67.5
68.3
70.3
74.9
81.9
76.1
76.8
72.0
81.0
67.5
65.8
67.8
68.6
69.1
63.3
69.4
68.0
71.7
77.1
77.5
78.9
71.8
79.4
82.2
85.6
80.2
79.8
69.9
79.3
76.6
72.0
78.9
83.2
75.7
74.3
78.5
75.0
86.1
86.6
81.7
85.8
84.1
81.7
77.8
74.6
75.0
76.9
81.4
81.2
79.3
75.9
80.2
81.9
77.3
79.9
83.3
80.9
80.6
80.0
86.6
86.3
77.8
75.7
87.5
82.0
82.8
78.9
73.8
79.3
81.9
79.3
81.2
83.2
77.5
81.8
85.2
84.6
80.1
80.5
81.8
84.4
84.9
83.7
84.2
81.7
82.0
78.2
77.6
75.6
79.6
80.4
81.7
81.3
75.0
73.0
75.1
70.6
73.5
74.0
72.5
73.6
67.4
69.8
69.7
71.6
71.1
70.1
70.7
72.4
72.2
68.5
71.5
68.8
71.2
68.1
70.6
70.0
72.2
72.9
68.6
55.7
59.0
61.1
60.8
62.9
61.5
64.4
66.6
61.3
60.0
61.0
61.2
62.8
61.2
65.9
61.4
60.0
60.1
59.0
63.8
57.8
48.2
49.5
53.1
51.3
54.3
55.4
53.3
51.5
51.9
49.9
51.9
50.8
48.9
48.0
50.6
48.4
46.0
46.6
47.6
48.9
51.5
51.0
45.7
52.3
44.3
46.2
47.4
39.9
42.3
46.3
40.5
45.5
47.6
43.5
41.8
39.0
35.5
38.7
39.2
40.6
45.0
44.5
35.1
34.5
28.0
36.3
41.4
36.8
37.7
36.8
43.8
42.9
37.8
34.8
36.3
40.6
32.9
33.6
33.7
24.9
25.2
29.3
28.7
29.2
26.8
22.8
23.0
26.9
26.1
23.4
28.4
24.8
29.9
29.5
27.8
30.8
35.6
37.5
43.9
