value
39.1
42.9
37.0
36.6
35.4
35.3
36.2
39.9
42.7
39.5
40.6
41.6
42.1
43.2
47.3
43.5
47.4
46.9
45.7
45.0
46.5
48.3
50.1
49.8
49.3
52.0
53.7
53.4
50.4
50.8
50.4
51.5
55.6
52.7
53.4
50.2
56.1
50.8
44.4
45.3
48.1
48.1
47.3
48.4
49.8
50.7
51.5
52.9
47.0
48.2
47.5
47.4
53.9
48.7
56.3
54.0
57.4
61.9
59.1
57.0
52.7
56.2
56.3
58.2
64.6
64.6
63.7
67.1
69.0
64.2
64.3
66.7
64.6
66.2
68.1
65.2
58.6
61.8
65.2
69.0
66.1
63.1
69.6
65.6
66.2
68.9
69.1
68.6
71.6
67.8
69.2
62.1
65.4
63.5
51.0
57.4
58.6
65.6
62.3
55.5
58.6
57.0
62.2
69.1
71.8
71.8
74.2
76.9
70.2
72.4
68.1
70.5
66.1
70.2
73.9
76.8
78.7
74.0
75.3
73.9
64.2
66.1
72.5
70.6
63.9
65.8
70.8
67.5
67.6
74.1
70.3
75.6
77.8
75.4
70.5
65.7
64.4
73.9
75.2
77.6
81.0
82.3
81.7
74.4
68.9
79.8
82.4
75.7
68.5
71.7
72.9
75.1
81.0
80.8
81.3
74.1
82.1
82.5
73.6
74.1
75.6
79.5
81.2
81.3
76.6
80.8
80.5
83.7
83.4
80.2
76.7
79.8
78.0
73.8
72.1
82.2
81.5
77.6
83.7
76.6
75.6
78.3
82.9
84.1
76.1
82.5
84.7
84.1
79.8
74.8
71.6
74.7
77.6
81.2
86.4
82.6
80.1
78.5
74.6
77.5
81.6
80.0
78.7
83.2
82.5
83.2
84.4
84.5
82.8
76.9
83.8
85.1
78.8
83.2
83.1
85.3
85.5
84.4
72.1
73.6
80.2
82.8
80.3
80.5
84.1
84.7
85.6
85.0
85.2
86.2
80.7
82.4
85.0
86.7
87.8
88.9
82.2
80.6
85.3
77.6
76.0
79.7
76.5
69.5
70.3
70.9
65.2
66.2
67.6
65.3
70.6
74.0
74.8
72.9
75.2
77.1
78.3
80.5
77.8
76.0
75.7
68.9
71.4
72.1
72.1
71.8
75.2
69.2
60.2
63.1
65.8
66.1
70.0
70.6
66.4
70.1
69.3
65.5
69.0
70.5
73.5
72.3
74.3
74.0
75.8
76.3
68.7
61.1
60.2
60.0
61.0
63.8
60.6
63.1
63.8
65.1
63.9
66.5
63.0
63.4
59.2
59.2
59.6
59.0
63.4
58.5
60.2
58.2
58.8
59.3
58.2
62.6
62.7
59.4
56.2
57.2
54.1
57.4
55.8
56.6
56.9
57.0
58.1
59.8
56.5
56.3
49.7
51.2
50.7
51.9
53.1
48.9
48.0
48.1
48.0
48.7
49.2
50.6
49.8
48.9
50.1
50.6
51.2
49.1
50.2
48.0
52.0
48.2
43.2
41.7
46.2
44.5
41.8
43.2
44.2
42.6
44.9
45.5
43.1
42.2
44.0
43.2
43.0
40.4
40.5
