value
54.2
58.8
50.5
43.9
46.3
47.8
54.7
56.1
51.9
54.8
54.7
57.6
57.1
56.0
57.1
63.4
58.7
54.7
59.7
64.0
64.9
65.8
62.9
63.0
63.7
58.2
59.9
61.7
64.1
65.5
64.9
69.4
73.2
69.9
70.0
72.7
73.5
69.2
51.2
50.3
56.2
62.2
58.1
62.3
68.6
59.8
60.3
67.2
70.1
59.9
56.7
60.8
59.3
59.4
66.6
72.3
69.4
73.4
70.2
67.5
56.1
53.2
61.4
64.3
67.2
69.5
72.3
72.0
72.8
73.2
72.6
73.7
64.6
69.1
70.5
72.2
73.9
76.6
69.5
70.8
73.6
74.9
73.1
71.1
66.3
65.5
64.6
69.9
65.7
67.4
70.8
70.4
67.3
69.6
71.5
60.3
59.8
61.9
68.0
64.4
61.2
66.1
67.6
72.9
76.6
71.1
76.5
78.0
81.0
75.0
68.3
68.7
75.1
78.4
75.0
68.4
72.7
75.4
77.1
73.8
73.1
69.9
66.9
69.2
75.4
76.4
78.0
75.5
78.1
79.3
79.1
80.1
81.4
82.6
85.5
79.3
81.3
84.1
82.1
79.5
79.8
79.1
83.1
84.0
79.3
84.2
84.3
85.6
81.7
83.1
87.1
87.8
88.2
84.1
80.8
79.2
84.0
86.5
84.7
83.0
79.1
73.9
79.3
79.4
79.8
80.1
82.4
83.9
86.7
89.2
90.5
89.1
83.3
82.4
81.5
82.4
87.5
88.2
87.9
88.1
88.0
82.3
79.9
85.9
87.0
87.5
85.2
82.7
82.9
82.4
84.5
87.4
89.3
91.2
83.5
78.6
81.7
79.5
82.1
84.6
80.8
82.7
82.5
85.8
81.4
80.1
79.3
80.7
79.6
84.0
86.0
86.5
83.3
82.5
81.2
85.7
87.3
87.1
84.7
86.0
88.2
87.6
87.9
89.6
85.1
80.2
80.4
81.0
80.1
78.9
82.8
83.1
86.2
83.8
82.5
80.2
81.0
86.0
87.4
88.9
89.1
79.1
80.4
81.8
81.0
78.8
76.9
80.0
82.3
83.1
85.0
86.9
86.8
86.9
84.6
83.0
86.8
87.1
86.3
84.5
83.5
86.2
88.6
90.6
82.8
81.8
83.1
79.8
76.2
79.8
78.5
75.6
75.3
83.1
81.9
79.5
78.0
78.2
81.1
81.7
78.7
78.8
82.1
84.5
84.2
82.5
80.9
80.4
74.9
76.2
74.0
74.4
75.4
76.4
76.7
75.2
75.9
71.8
68.3
69.3
72.5
74.2
77.0
78.0
79.8
79.6
77.8
74.4
69.1
75.3
76.3
76.8
80.9
77.9
78.6
66.0
61.9
63.4
66.1
68.7
67.7
69.1
65.8
65.9
68.3
71.4
73.2
64.7
61.6
65.5
57.7
58.3
56.0
58.0
60.1
60.4
61.7
62.1
60.6
61.1
61.4
66.8
67.3
64.5
59.6
58.1
57.6
56.6
54.6
49.6
49.3
50.1
50.1
53.4
51.7
51.3
53.9
54.7
55.0
56.1
51.3
49.7
50.3
53.0
55.2
