value
40.1
36.0
31.0
33.9
36.0
36.4
35.8
40.4
37.0
36.3
41.9
45.4
41.8
40.8
44.0
38.2
34.0
35.2
46.6
54.5
42.4
39.4
39.6
37.9
39.2
43.1
40.6
47.2
48.5
54.1
57.5
50.9
45.4
52.2
46.0
43.8
40.4
32.5
29.4
33.5
39.5
42.5
40.2
43.8
44.2
41.8
46.5
49.9
39.4
35.5
43.0
45.8
45.6
48.4
52.8
54.1
51.6
50.6
56.0
39.3
38.0
43.0
53.6
55.2
61.5
63.0
69.2
69.3
45.6
47.3
59.6
40.7
43.3
51.4
58.2
58.6
60.1
61.2
43.7
49.6
56.3
51.4
45.2
47.0
47.7
51.7
57.9
50.1
56.0
52.2
57.7
52.2
57.3
58.5
56.8
47.0
53.4
60.1
57.4
56.6
57.7
60.8
70.4
64.2
75.0
71.3
65.9
56.7
56.0
47.1
52.5
57.8
58.5
58.6
65.4
66.2
70.6
72.0
68.8
63.0
64.6
63.9
65.7
65.6
67.3
64.0
67.7
66.1
69.9
68.4
72.3
76.8
76.1
76.6
72.1
68.2
67.1
69.0
71.9
76.9
78.7
76.5
72.4
76.9
77.1
73.9
73.5
76.4
77.4
64.8
69.2
69.0
69.1
74.4
74.9
77.3
78.0
71.5
69.0
69.0
71.5
71.0
71.0
69.8
71.7
77.0
82.8
88.9
89.9
83.7
75.7
80.8
82.1
82.9
79.1
76.2
74.8
72.1
74.2
75.8
83.2
87.0
91.6
91.1
92.9
81.0
83.0
89.0
90.3
90.7
90.7
89.2
87.1
86.1
86.6
88.1
89.2
88.0
87.4
88.0
87.6
85.9
89.4
91.9
94.3
95.5
93.4
93.5
95.0
94.9
94.7
91.8
86.2
87.9
90.3
88.4
93.4
95.8
95.8
96.8
96.0
94.0
90.9
90.0
89.6
89.5
88.5
88.3
88.5
86.7
86.7
88.8
87.4
85.5
88.0
89.4
84.9
80.8
83.3
88.2
87.9
82.8
78.2
77.7
80.1
77.3
78.1
72.1
70.0
73.8
77.7
81.1
85.7
81.5
84.3
80.4
82.9
80.1
81.0
79.9
80.2
80.0
81.4
79.3
82.4
82.3
80.0
69.9
70.4
74.2
71.3
71.3
72.7
73.2
68.5
68.2
70.2
73.8
75.6
73.7
68.5
73.7
75.1
73.8
72.8
74.2
75.7
60.7
60.6
64.9
66.1
67.9
65.3
63.0
63.6
64.5
62.8
58.9
58.6
63.1
65.9
70.5
67.6
66.7
68.4
69.2
64.0
60.2
63.3
62.5
64.6
68.8
72.8
58.2
56.2
57.4
60.5
56.1
54.6
58.5
50.3
48.8
51.1
55.9
60.3
60.2
64.7
54.9
50.2
54.0
45.2
41.4
42.6
47.5
47.0
49.8
54.8
54.2
53.4
47.9
52.6
57.3
44.3
42.8
42.1
45.4
46.3
51.2
50.1
43.1
44.1
42.2
37.7
35.9
36.7
39.3
40.0
40.8
42.9
37.3
32.5
33.9
34.9
40.4
45.4
