value
-3.2
-1.9
-3.0
8.0
2.8
2.9
4.8
-5.5
-2.9
7.8
17.3
3.4
12.1
0.5
5.0
-3.1
-2.1
16.8
6.3
14.7
9.0
3.0
16.1
5.1
-4.4
-0.9
6.1
23.8
22.1
25.7
34.5
18.1
14.0
24.4
7.9
16.3
5.4
-3.0
-1.2
7.6
-2.0
10.2
16.8
26.1
11.2
9.0
25.0
25.0
15.2
9.2
9.4
21.9
19.4
23.4
23.2
29.7
30.4
32.7
27.9
22.5
19.2
29.8
32.3
39.4
38.8
36.3
32.7
28.3
25.5
40.1
28.5
19.0
30.4
37.7
41.1
40.9
25.6
22.5
22.3
33.5
26.2
27.9
24.9
28.7
42.6
33.8
32.5
30.8
36.0
34.2
31.7
39.0
42.8
42.0
34.1
34.1
38.3
33.4
36.7
38.7
39.1
49.0
38.7
38.6
45.3
38.4
40.9
38.2
41.5
45.0
48.0
55.8
50.7
51.1
47.7
49.5
57.8
60.1
53.2
50.6
52.5
53.4
57.7
64.4
67.5
69.9
71.8
70.0
63.0
55.3
59.7
61.7
72.5
62.4
59.6
69.7
68.3
64.7
59.5
66.8
66.1
67.0
76.6
68.0
73.6
74.1
67.8
70.5
70.8
77.2
74.3
69.0
75.4
64.7
70.9
65.0
71.8
74.1
75.6
72.6
74.0
62.7
62.4
73.0
75.0
74.5
70.7
72.1
71.4
77.7
75.4
75.8
79.8
74.4
74.5
70.5
71.6
72.2
75.9
72.9
77.6
70.3
72.2
77.4
80.3
77.3
81.0
77.5
80.6
69.8
76.6
81.2
80.9
79.1
79.1
77.2
70.7
76.9
78.1
73.7
72.6
77.2
80.7
74.2
76.8
77.3
79.0
80.7
74.5
82.2
74.6
80.3
81.2
80.3
80.3
80.7
75.7
82.1
80.4
76.9
79.9
80.7
82.4
79.7
81.4
82.1
81.3
79.4
77.6
73.6
74.1
75.0
73.0
75.7
73.9
73.5
76.2
64.0
67.2
66.1
62.9
60.7
62.2
62.6
58.1
60.7
63.1
66.3
62.1
63.2
67.1
67.1
65.6
65.0
71.3
73.3
70.4
57.9
66.4
64.6
69.1
72.6
69.0
65.0
72.4
54.0
50.0
52.2
53.7
66.0
63.6
61.3
60.3
53.4
51.8
45.6
63.0
61.9
61.3
52.9
48.7
59.7
60.6
49.6
53.8
52.7
41.2
36.7
39.3
43.9
53.3
53.4
49.5
46.7
49.5
42.1
41.4
39.0
40.9
48.8
47.9
36.6
37.4
42.9
46.4
51.6
45.8
39.8
52.7
51.9
36.6
48.2
34.8
29.8
27.9
28.6
42.8
39.3
42.4
38.1
31.5
26.7
23.6
26.3
26.7
34.1
37.2
35.9
25.7
26.0
18.5
20.8
31.0
25.9
28.6
33.7
31.0
34.9
27.7
23.9
30.6
33.6
19.3
20.4
12.7
13.4
10.1
15.1
13.8
19.2
13.1
9.8
12.1
10.9
6.2
7.5
12.4
12.0
21.3
5.9
2.8
3.9
15.7
20.1
29.2
