value
27.5
20.9
35.7
26.3
26.5
34.4
25.4
31.0
29.7
17.8
4.6
9.3
14.6
19.1
39.2
38.8
33.4
43.5
26.7
9.2
12.7
17.4
10.2
19.1
29.0
22.5
21.1
27.0
1.5
1.2
11.0
31.7
30.5
36.6
37.7
27.9
32.1
31.6
31.3
33.1
26.3
30.8
34.4
36.3
24.1
32.2
45.3
32.5
21.2
22.2
17.7
19.2
28.4
32.4
29.9
36.6
22.7
25.7
31.2
37.9
31.1
24.7
21.3
16.3
15.1
15.7
16.3
28.4
36.1
29.9
26.4
41.1
25.1
10.1
12.1
15.5
13.3
19.5
35.5
36.7
21.7
16.2
18.6
26.1
29.7
35.4
37.3
41.1
41.1
39.3
36.0
42.3
39.8
32.4
38.2
26.8
28.0
18.7
22.9
35.8
36.9
31.8
35.2
28.4
21.0
26.0
27.6
38.7
39.1
36.8
25.0
29.2
37.8
40.8
50.7
57.4
56.9
46.4
39.5
29.6
32.0
48.4
52.8
49.8
56.8
62.6
58.3
52.1
58.8
55.8
55.5
69.5
62.8
55.3
51.9
52.9
47.3
53.8
54.0
53.7
57.7
50.8
50.5
44.6
44.7
50.3
55.5
54.7
52.4
51.8
52.3
53.3
51.0
49.2
51.5
58.4
57.6
64.2
55.4
51.7
49.2
49.8
55.1
54.3
51.4
53.9
56.3
58.7
58.6
58.9
56.8
53.1
53.8
56.9
56.6
60.7
62.1
63.9
66.1
67.9
68.0
69.9
75.6
71.3
65.2
59.1
54.3
54.6
57.5
60.2
67.9
66.7
57.0
55.2
58.0
56.7
57.2
61.2
65.7
66.4
65.4
64.9
64.4
62.4
64.4
60.1
58.9
61.5
55.4
51.3
50.5
60.9
62.1
61.3
59.2
60.3
60.5
59.9
59.5
56.0
58.1
64.1
65.9
65.6
64.6
67.8
70.1
69.2
67.2
69.1
66.0
61.1
57.1
62.4
65.1
65.3
64.6
63.7
64.5
63.0
69.1
63.6
58.0
62.3
68.0
64.1
68.2
70.5
64.6
56.6
59.8
63.1
60.4
60.6
65.7
67.9
64.7
62.2
65.9
62.3
48.6
48.5
53.7
56.2
54.6
54.6
49.9
45.9
40.7
44.7
45.1
54.4
46.4
44.9
39.1
39.1
37.7
51.4
51.3
52.8
48.5
40.1
46.6
37.7
40.2
38.6
39.5
42.2
43.2
39.3
41.3
49.9
44.5
50.5
46.2
45.1
42.4
49.3
45.0
38.9
18.9
20.2
35.3
42.9
43.2
34.6
27.8
22.0
19.4
31.1
28.9
29.9
25.0
16.4
17.1
30.4
44.4
38.3
35.8
21.9
6.2
8.5
4.8
0.0
19.4
12.4
23.5
40.9
28.2
30.6
29.2
27.4
39.6
31.8
32.0
17.2
3.7
1.3
-7.1
-14.5
-14.2
5.7
17.8
13.2
18.3
23.2
3.7
22.6
43.1
28.8
28.2
23.8
1.2
11.2
5.8
4.3
17.4
29.7
24.8
42.4
44.8
7.9
15.6
16.3
6.7
