value
31.3
23.6
26.9
19.5
21.1
24.9
24.9
27.7
24.8
11.8
-0.2
5.6
10.9
15.6
40.5
37.2
27.7
39.4
14.4
-4.3
2.4
9.0
7.3
9.6
22.2
20.4
13.8
11.9
-11.2
-11.6
-0.6
22.4
31.2
28.1
34.1
21.3
20.8
16.8
19.4
33.1
20.4
28.9
36.0
33.3
20.5
29.1
34.4
32.6
21.4
12.9
14.4
17.8
19.6
25.4
28.7
28.9
25.1
23.8
26.0
34.2
36.2
30.1
25.4
19.0
17.3
15.9
14.5
24.0
31.6
31.1
27.3
23.0
5.9
6.3
6.6
6.0
8.5
14.5
27.4
21.0
12.4
7.8
10.8
17.1
19.2
31.1
35.8
36.7
37.3
35.8
32.8
35.0
36.6
31.4
28.3
20.0
24.8
18.6
22.5
33.6
36.7
33.7
32.4
31.2
31.8
33.2
34.5
39.3
34.3
36.2
26.2
32.2
39.0
39.9
49.2
56.9
55.2
41.7
36.6
27.6
31.7
49.7
53.9
54.1
63.1
67.2
57.4
51.8
62.0
51.3
54.8
67.7
63.5
58.6
58.0
59.3
59.4
60.9
62.5
61.4
64.1
64.0
63.5
55.6
48.7
51.1
58.0
56.9
60.3
56.0
61.1
60.0
56.7
58.0
60.7
63.9
56.7
63.3
58.0
53.4
47.2
48.2
54.2
54.0
55.7
57.0
57.0
60.3
63.4
60.4
60.6
57.7
57.9
60.5
62.1
63.8
61.8
65.2
68.1
72.8
70.4
73.9
78.5
68.4
65.7
63.5
60.3
58.9
60.5
65.3
68.7
61.7
57.1
55.7
54.8
56.9
59.9
66.4
70.4
67.7
62.5
62.9
64.6
65.0
66.1
61.9
64.9
61.5
56.2
55.4
56.3
61.2
66.5
66.4
66.3
64.9
63.5
63.7
61.0
59.0
61.6
65.6
69.5
66.5
67.2
71.5
71.6
67.4
66.5
66.8
62.2
58.1
59.7
61.5
66.9
68.3
67.6
62.3
60.2
64.3
65.7
64.8
61.4
64.9
66.9
67.3
69.5
70.5
67.2
63.0
60.4
66.0
61.1
60.5
66.7
70.4
64.0
66.4
69.0
62.1
47.7
47.5
57.0
59.8
56.9
57.1
51.1
47.2
44.6
43.5
49.6
49.9
42.2
44.7
37.8
40.0
39.8
49.1
51.6
51.6
47.9
40.7
48.9
42.8
38.9
43.9
38.6
45.7
42.7
42.0
42.7
50.6
45.3
53.0
50.7
42.8
43.9
43.8
44.5
36.1
23.0
24.8
38.0
41.9
43.2
37.8
28.8
19.3
14.8
23.8
29.6
28.8
24.0
14.3
14.4
19.9
34.9
38.2
36.6
20.1
9.6
5.5
5.9
-4.1
4.4
7.6
16.9
31.1
24.4
25.9
23.8
16.5
20.5
22.4
23.4
18.1
6.5
1.3
-8.7
-15.8
-16.4
3.9
14.5
8.4
5.7
3.4
-1.4
6.1
30.6
32.9
27.3
11.3
-5.4
4.0
-3.3
-8.5
10.9
33.4
29.7
32.6
29.1
-3.0
4.4
-1.3
-0.4
