value
22.7
11.2
11.1
15.3
25.6
14.1
15.8
18.1
30.7
35.4
27.5
24.1
31.3
38.9
33.3
22.8
28.7
11.7
14.4
35.3
25.8
11.6
3.9
2.3
3.6
10.9
9.1
13.4
19.6
26.5
47.7
32.0
16.1
23.4
25.7
15.0
11.2
11.2
0.2
16.6
20.7
21.7
35.5
34.0
29.6
30.0
33.6
35.4
28.7
26.1
30.4
30.7
27.9
23.2
21.8
24.1
24.6
26.3
30.5
31.4
31.5
32.6
33.3
33.2
31.5
30.9
32.6
30.9
32.5
31.6
35.9
45.4
41.4
31.5
25.9
25.5
15.8
20.1
27.5
31.7
31.5
29.6
30.2
30.7
31.5
34.1
35.2
35.0
35.1
35.9
37.2
35.6
28.1
33.1
37.1
35.6
31.5
39.3
35.8
36.1
40.8
35.5
33.6
34.5
38.7
40.0
45.8
40.3
45.8
40.4
43.7
35.8
36.0
41.4
46.4
40.6
38.8
42.2
45.2
44.6
50.2
45.0
47.2
44.8
46.9
47.1
55.7
61.7
45.8
45.4
42.1
44.8
52.4
44.2
45.0
46.3
48.6
39.8
40.2
42.4
45.5
44.5
43.5
46.9
51.6
46.4
46.8
50.8
52.0
56.5
69.7
72.7
64.0
58.7
53.6
56.6
57.7
54.7
47.9
51.8
56.2
55.9
53.1
50.7
49.3
57.2
63.2
59.0
65.3
60.1
62.9
61.2
63.1
66.3
66.6
74.9
63.8
57.9
56.6
64.6
54.9
53.3
63.5
61.4
73.2
78.3
79.1
79.4
68.0
60.6
59.3
52.8
62.6
69.8
74.0
78.1
74.8
64.0
70.9
65.6
63.6
68.7
66.7
59.5
55.3
53.5
61.4
68.1
68.0
65.6
55.9
68.3
67.7
65.3
68.2
66.4
62.3
63.7
65.9
65.9
66.6
70.9
66.0
66.9
63.8
66.3
64.1
64.9
63.8
65.3
67.1
70.5
68.4
67.7
63.6
60.6
62.3
62.2
65.3
66.4
62.0
59.6
63.3
64.1
63.1
66.3
67.9
58.1
52.8
56.5
58.4
52.6
56.2
63.0
68.6
67.1
64.8
61.4
57.1
50.3
55.5
59.8
59.3
60.0
65.9
61.9
49.3
48.8
53.2
54.3
53.1
59.3
54.7
56.3
58.9
59.8
56.2
50.2
48.6
49.3
60.5
49.8
52.4
55.4
46.3
41.0
46.0
52.0
48.0
62.1
53.6
53.3
51.5
46.7
47.1
51.7
43.6
41.8
40.2
44.6
42.0
36.3
35.1
37.2
55.9
55.1
42.1
32.7
34.2
39.7
51.6
42.8
34.3
33.4
40.6
36.8
28.0
30.0
41.2
38.8
37.9
46.5
48.2
29.7
31.3
38.4
36.3
26.0
21.6
28.3
43.5
47.9
25.0
19.5
24.9
36.8
38.9
36.2
30.9
43.6
34.3
23.2
18.1
31.4
21.8
14.5
8.4
3.9
14.4
24.9
12.3
21.2
23.2
26.6
37.4
33.5
29.5
31.0
22.1
12.8
25.8
22.7
29.2
33.0
11.8
