value
14.2
4.3
-4.1
16.3
23.0
16.1
10.0
30.1
28.8
33.9
26.4
36.8
37.2
36.2
27.0
25.8
17.1
-0.3
26.2
32.7
-0.2
-1.3
-11.8
-9.8
-2.1
3.0
5.2
17.2
16.5
35.6
35.2
7.0
5.1
8.2
10.2
3.0
10.5
2.1
11.0
12.9
7.0
17.7
33.6
29.0
30.2
32.7
12.9
6.4
6.8
18.8
25.6
11.7
25.4
28.8
32.4
33.5
32.5
32.8
31.7
31.3
22.3
20.3
20.1
25.6
33.6
32.2
32.0
30.5
34.0
42.3
39.8
34.6
20.0
21.2
17.2
13.6
15.4
27.3
24.9
25.2
24.2
29.8
33.7
33.0
37.4
37.4
38.6
39.7
37.0
39.9
37.6
24.3
28.4
32.6
36.2
28.7
39.4
40.6
41.9
44.3
34.3
31.4
36.2
37.7
39.6
51.9
44.4
44.1
64.6
40.8
32.3
41.3
47.7
50.1
43.8
44.2
44.6
53.6
56.7
58.0
62.2
67.7
64.5
62.3
65.3
66.4
66.3
67.3
65.4
58.0
52.7
49.0
42.5
44.4
47.7
54.0
53.9
57.8
56.3
62.1
59.7
61.0
60.7
45.3
50.9
54.1
55.4
57.1
63.3
70.7
77.4
74.2
70.1
59.7
57.7
56.2
52.4
53.9
56.9
65.4
65.3
59.1
63.1
63.1
65.2
62.8
57.6
56.2
55.5
57.8
60.9
67.0
66.1
67.6
75.7
73.8
72.2
72.2
61.9
62.1
64.8
66.7
64.2
70.0
75.0
75.4
76.1
71.5
68.9
73.7
75.6
72.0
67.3
69.6
77.4
79.1
80.2
79.3
75.6
76.7
74.5
65.1
64.1
70.0
62.4
60.2
64.3
65.6
70.1
64.2
62.6
66.9
66.7
66.3
65.3
63.1
60.0
65.6
66.8
71.1
71.5
65.5
64.3
65.3
63.5
61.9
61.8
63.4
64.2
67.5
69.1
71.6
74.5
70.7
64.1
61.7
65.0
69.1
72.2
72.9
72.0
70.5
69.8
70.3
66.7
62.4
60.2
55.7
53.3
61.1
58.2
54.1
58.0
69.8
69.5
55.4
51.2
54.3
51.2
48.9
55.0
58.8
64.3
64.8
53.1
45.5
50.7
54.0
54.3
54.6
56.2
59.4
59.4
65.0
65.3
59.3
58.1
57.6
51.2
58.7
48.8
49.5
52.4
53.8
57.2
55.8
58.8
52.5
57.3
56.1
52.9
49.7
47.4
43.9
48.9
39.3
35.1
35.2
36.3
40.6
38.8
29.6
34.7
41.1
58.2
41.9
30.4
29.9
36.6
49.0
46.8
33.8
30.3
36.1
33.7
25.3
21.7
36.8
40.8
43.8
43.8
50.3
30.9
24.0
27.7
35.4
27.2
14.5
13.9
32.5
31.1
17.6
9.6
6.8
21.0
27.9
29.9
26.0
34.6
35.0
23.8
20.4
23.8
24.8
15.5
5.5
9.0
-5.2
6.6
-0.8
-7.7
5.8
23.5
25.7
20.4
20.5
17.9
2.4
-4.1
5.8
16.0
29.7
29.9
5.9
-2.4
