value
11.9
-1.9
-4.0
5.0
19.1
6.0
10.4
14.9
31.3
33.5
20.7
31.2
36.3
36.5
23.3
20.7
20.0
-7.5
9.2
23.4
-2.0
-9.8
-12.0
-9.4
-1.6
-0.3
3.7
3.8
18.9
30.8
37.8
9.3
-0.9
4.1
14.3
-0.6
9.0
-4.9
-2.0
11.5
7.1
12.3
30.1
28.6
23.5
28.2
25.5
13.4
10.3
14.7
28.4
20.5
17.5
23.7
28.8
30.0
31.3
33.7
31.4
30.5
30.1
32.7
32.0
32.2
34.5
31.9
31.3
28.9
29.7
37.2
38.3
37.0
29.6
17.3
19.6
14.5
11.0
19.5
23.0
24.3
25.2
29.8
34.2
32.9
33.0
34.5
33.4
40.6
35.6
35.7
39.4
23.2
21.3
29.7
35.4
25.7
28.7
38.5
36.3
39.9
33.6
30.5
32.8
35.8
39.7
42.8
44.7
37.3
48.0
45.1
34.6
38.5
43.2
51.7
47.2
43.2
42.8
49.5
53.9
53.8
51.0
49.8
49.3
55.4
62.0
64.3
69.2
65.5
61.7
58.9
49.7
52.1
43.9
41.8
45.7
49.8
49.9
50.3
53.3
57.5
56.1
53.7
57.4
50.0
46.3
44.1
49.5
54.0
55.4
62.4
71.4
63.8
51.2
57.0
54.1
52.9
54.9
58.3
57.5
54.0
56.9
61.7
59.5
60.5
63.5
59.6
53.6
54.8
55.2
56.5
58.5
62.6
61.6
65.3
72.6
71.9
55.2
56.1
54.6
56.4
60.3
65.9
65.1
67.9
73.0
75.2
75.2
75.4
68.0
68.9
69.4
70.4
64.5
64.2
71.6
74.3
80.5
75.0
71.1
72.0
71.5
60.1
61.7
66.0
65.2
58.6
61.8
64.4
69.1
68.6
63.5
64.5
68.1
68.5
61.9
62.7
60.5
62.6
66.0
68.3
67.1
66.0
63.0
64.6
59.1
57.5
57.5
61.8
60.7
62.3
69.5
71.6
68.8
71.2
63.4
59.4
61.0
65.0
69.4
68.1
61.9
59.9
67.2
65.1
61.0
58.7
61.9
50.3
49.5
58.9
56.4
51.2
57.7
62.9
63.9
61.4
54.4
54.2
51.1
45.2
53.1
56.6
58.1
56.5
61.0
48.4
49.0
51.3
53.6
56.3
54.9
54.6
55.2
54.9
60.5
57.7
52.4
50.0
46.0
54.4
52.5
44.2
47.1
49.6
51.2
49.5
49.1
51.3
53.2
55.9
51.9
48.8
48.7
41.5
47.1
38.5
37.1
39.4
36.4
40.8
35.1
31.9
30.6
31.9
52.5
44.0
30.2
28.4
25.5
41.8
47.3
35.9
35.1
31.3
32.6
26.6
23.6
32.1
38.0
40.7
35.1
46.7
35.7
29.5
25.7
30.8
29.1
19.1
15.3
23.4
32.3
23.9
14.1
5.8
20.1
27.9
31.2
29.4
26.0
35.2
23.0
15.0
11.5
22.5
12.9
-0.6
2.7
-13.5
5.2
6.1
-5.6
11.7
13.2
15.1
15.2
16.5
16.9
13.0
0.9
6.2
11.9
14.7
17.3
8.9
-5.6
