value
7.7
22.8
12.4
9.8
7.1
16.0
23.3
19.2
18.1
26.0
7.2
-11.9
-3.7
-8.8
5.8
24.7
11.5
22.2
9.1
-9.9
-16.9
-2.0
-8.6
-1.0
-7.5
-0.6
16.4
18.5
11.8
-19.2
-22.4
-7.1
6.2
10.8
20.4
20.4
21.2
13.8
18.3
7.5
22.7
14.9
16.8
23.1
22.1
6.2
18.9
22.6
8.0
-9.9
-5.2
0.8
12.5
16.3
15.5
15.6
22.0
19.9
19.6
23.1
23.7
27.5
19.9
4.6
2.7
11.5
8.7
9.2
3.4
18.2
8.6
17.2
19.7
13.3
-2.9
6.6
-0.1
-0.8
1.4
8.5
12.0
13.0
10.6
0.5
5.8
10.3
11.3
17.7
23.4
22.5
13.0
21.9
27.5
23.9
24.8
26.5
28.1
14.0
8.1
12.6
23.0
29.7
30.3
25.7
27.9
25.3
20.3
19.7
26.3
27.8
29.3
19.9
24.4
27.7
28.0
39.1
42.0
42.6
43.3
31.6
27.7
35.4
43.0
49.3
54.2
57.0
62.2
49.6
46.1
51.7
41.5
54.2
70.2
64.3
58.3
60.9
60.5
60.5
60.8
59.4
57.2
61.9
57.7
57.2
56.9
58.8
57.2
58.9
59.2
56.3
56.5
55.1
56.0
55.0
54.8
58.3
61.6
61.9
60.0
58.3
56.0
54.9
60.6
66.6
64.9
56.7
57.8
57.3
65.2
68.2
63.8
60.0
63.8
63.9
62.6
68.2
66.6
66.5
67.3
64.2
67.7
72.7
74.9
76.5
70.2
68.8
66.2
62.7
65.4
63.3
66.7
71.6
71.3
63.9
56.0
63.6
64.1
62.4
66.0
64.7
59.3
63.2
60.2
60.9
61.0
59.9
53.9
56.7
59.4
61.3
57.3
57.5
60.2
61.9
62.3
63.4
62.0
61.2
54.8
57.7
54.5
57.0
58.0
62.8
65.8
66.0
66.2
75.0
71.9
71.0
70.7
70.5
63.2
60.0
67.0
74.0
68.2
71.4
74.5
74.4
73.6
75.1
63.3
61.5
65.6
69.4
65.2
70.1
72.2
67.4
63.2
63.2
62.3
58.6
56.7
64.4
65.5
54.0
58.8
68.4
59.9
49.3
44.9
54.1
58.0
56.3
55.4
55.7
49.4
48.5
45.8
53.9
53.3
51.5
43.4
38.2
35.4
36.6
44.9
53.7
51.4
44.6
48.4
44.8
43.4
34.2
36.1
36.1
39.2
33.7
39.0
41.4
35.4
27.5
31.0
35.5
29.1
38.8
31.7
36.3
20.1
21.3
29.0
35.7
40.6
33.1
41.9
28.2
17.4
13.0
26.4
34.5
27.4
18.1
5.0
21.3
39.3
33.9
31.3
30.6
19.3
13.0
21.1
5.7
-6.3
-2.7
-7.5
22.1
24.1
3.3
20.0
17.5
18.5
13.8
18.0
19.5
8.7
-4.1
-9.3
-21.0
-20.2
-13.1
-13.5
-4.2
-16.9
0.7
-2.8
-4.2
2.3
23.7
15.0
13.5
-11.1
-10.8
-8.7
-11.9
-21.5
14.8
20.6
23.7
27.3
6.1
-13.0
-7.2
-17.1
