value
25.0
21.5
22.8
28.9
31.6
33.2
26.2
32.5
36.4
37.7
38.9
48.6
50.5
35.0
27.7
30.2
25.1
16.0
36.9
32.4
18.1
8.7
3.7
9.1
10.8
17.6
19.6
30.7
36.1
51.7
35.7
17.9
17.3
15.1
18.2
16.2
23.1
22.1
19.1
16.6
18.4
36.9
33.3
30.0
28.9
31.3
20.6
10.5
13.9
33.8
21.6
16.9
23.5
33.9
30.3
32.6
34.8
34.3
33.3
27.2
21.2
21.2
22.7
23.5
32.4
35.9
35.8
34.7
42.7
45.7
39.5
31.3
23.4
31.2
25.7
23.4
25.7
31.5
26.2
23.1
29.0
33.1
31.5
36.4
40.9
38.1
38.1
42.5
40.5
44.9
36.5
27.7
29.4
35.0
38.4
31.9
46.0
42.3
46.3
43.5
35.6
35.6
40.1
38.4
45.0
54.4
44.5
51.1
58.6
37.3
33.4
42.5
47.9
48.4
40.3
42.2
50.6
53.7
52.0
56.6
61.6
63.1
63.9
62.4
63.6
63.2
62.9
63.7
65.4
57.3
52.4
43.5
41.1
45.3
56.3
63.5
53.9
59.5
63.2
67.3
67.8
64.7
63.8
43.5
48.1
53.0
56.8
56.3
66.2
75.8
78.0
72.0
68.2
53.4
56.9
59.2
57.5
56.6
60.6
63.5
62.5
64.8
65.8
63.4
63.7
64.5
69.2
68.9
62.5
59.5
63.4
67.4
70.4
76.4
80.9
77.0
76.7
73.1
68.3
66.6
67.5
68.2
67.4
69.4
73.8
73.6
74.8
74.8
73.7
71.3
77.0
69.2
68.0
72.1
75.9
80.1
82.4
85.1
84.8
84.6
75.7
68.5
68.9
72.1
63.1
64.8
67.3
68.2
66.0
62.3
66.2
67.3
67.6
68.6
67.1
64.5
64.0
67.4
71.9
73.9
70.1
67.3
64.7
66.9
65.9
60.9
63.2
66.4
69.0
69.6
72.2
73.6
76.3
75.8
69.3
66.9
69.4
73.5
74.1
74.9
75.9
76.6
73.5
70.9
70.7
63.8
65.0
59.1
57.3
63.0
64.7
59.2
74.9
80.5
70.7
55.9
52.1
57.9
54.0
50.6
56.5
60.5
66.6
64.1
50.8
52.6
52.6
56.8
59.5
59.7
59.5
61.8
64.3
62.7
68.3
60.2
61.6
59.7
60.8
59.6
51.9
54.9
55.9
55.2
58.2
60.5
55.2
53.7
63.3
54.7
52.1
48.7
45.0
53.0
44.4
41.7
39.2
40.8
41.1
40.5
42.7
34.6
43.2
50.6
56.3
45.2
33.9
33.3
43.6
51.0
45.9
37.6
40.5
44.2
38.2
28.6
28.4
38.8
45.7
46.3
52.0
47.2
35.0
29.6
38.6
42.4
29.6
16.1
25.0
31.9
31.3
21.7
20.7
28.5
36.0
35.3
31.7
35.8
44.9
33.5
26.9
21.0
30.1
21.2
20.0
13.5
17.2
9.1
13.5
12.1
14.4
25.7
30.2
32.4
31.6
29.7
29.3
15.1
9.8
25.4
24.5
34.4
37.7
16.6
16.3
