value
32.5
31.5
33.4
38.9
41.1
41.4
39.7
39.6
43.1
39.0
32.4
29.9
27.7
31.7
34.9
35.3
32.8
34.3
33.6
35.3
35.2
32.2
38.2
41.1
42.1
41.9
39.8
40.4
41.2
41.7
43.9
45.2
39.2
40.7
43.4
44.7
44.8
44.7
38.6
40.6
38.3
40.8
43.6
45.2
42.7
43.4
44.9
43.2
40.5
41.3
38.5
40.7
43.1
40.8
42.6
43.2
41.4
39.8
39.5
46.5
48.7
42.9
39.1
41.7
42.7
42.4
40.8
42.1
45.1
43.8
45.2
50.3
49.9
49.0
46.8
43.0
43.5
41.8
45.9
42.0
40.4
39.7
42.2
45.9
46.2
47.0
50.9
50.1
49.3
50.4
51.7
51.9
50.4
50.9
51.8
50.9
47.0
47.7
48.8
48.7
49.4
44.4
42.7
44.1
46.4
47.8
49.5
48.0
47.9
51.2
48.8
45.4
49.4
51.7
53.2
54.1
53.7
51.1
49.6
47.1
47.2
51.9
52.0
55.9
59.3
62.8
61.8
58.4
57.4
59.1
61.6
60.0
57.7
53.5
55.9
55.8
55.9
55.1
56.2
56.4
52.1
51.8
52.3
54.5
54.8
56.1
57.3
54.9
54.0
53.4
55.6
57.3
57.7
58.8
60.7
63.4
62.4
61.3
57.9
58.3
57.8
59.5
56.9
56.6
58.5
58.0
63.1
64.3
62.7
61.1
59.3
56.2
61.9
62.3
61.4
60.4
62.0
63.4
64.5
66.5
69.3
70.9
68.7
67.3
63.2
63.7
64.7
65.4
64.3
66.3
65.9
62.2
60.8
61.4
64.0
66.0
66.8
68.8
65.9
65.4
64.7
63.4
64.5
66.3
66.6
65.6
66.2
65.4
64.6
64.5
66.1
65.6
65.8
61.4
62.7
65.3
66.6
66.8
67.9
66.9
67.1
68.1
65.3
65.1
65.4
66.6
67.3
65.3
68.4
64.6
64.0
63.2
63.8
65.2
64.9
64.6
63.0
65.4
65.1
64.3
66.4
64.2
61.9
64.5
65.8
64.0
62.5
61.9
62.8
65.2
63.3
62.4
63.6
65.7
66.5
62.8
60.8
60.3
60.3
59.3
58.5
60.5
59.8
59.1
57.4
57.1
53.9
53.7
53.6
53.1
53.1
53.4
52.3
51.0
48.0
47.1
48.5
54.8
55.4
56.9
53.3
48.7
51.4
47.3
49.2
47.5
47.0
47.6
49.1
47.0
46.2
46.7
48.9
47.9
46.6
45.8
45.2
46.8
50.5
51.4
49.7
44.3
45.3
48.6
50.7
48.8
42.6
39.1
42.5
44.7
46.5
48.4
46.4
44.6
47.0
50.3
51.4
49.2
45.5
43.1
43.9
46.2
43.1
34.2
31.6
33.3
35.5
36.8
40.2
38.3
42.9
42.0
45.9
45.2
47.5
41.2
33.3
29.2
27.5
25.7
21.7
24.2
27.4
30.9
34.2
34.8
40.3
43.7
45.9
39.7
38.8
41.3
33.1
32.1
34.3
36.6
43.6
41.7
37.3
41.5
41.5
41.9
39.7
41.9
43.4
