value
-1.0
13.5
8.2
17.8
6.0
12.7
23.9
23.0
25.2
28.0
29.1
20.4
-9.4
-0.7
-2.8
6.6
-8.1
1.3
7.3
-13.0
-20.1
-18.5
-12.0
-11.9
-6.9
-5.4
5.0
9.2
16.8
3.3
-11.2
-19.9
-14.8
-1.5
2.4
1.2
4.0
2.5
6.2
22.1
24.1
17.1
17.4
19.5
7.4
-0.2
3.8
19.2
28.8
-9.5
-9.6
8.4
9.6
14.6
15.3
16.0
18.5
17.4
15.5
10.6
13.5
23.5
28.8
22.5
16.6
14.7
23.8
19.1
16.7
10.9
16.5
4.0
20.4
7.0
0.4
-2.1
19.1
0.2
0.2
1.5
5.6
10.7
22.7
22.4
12.0
14.0
23.4
23.7
27.1
22.5
12.1
15.4
23.1
25.5
20.2
31.1
28.4
19.6
10.2
19.3
28.5
33.2
29.1
28.2
34.2
29.7
28.5
31.0
29.1
24.0
33.3
29.7
28.5
32.0
32.0
43.0
49.2
50.0
41.3
42.7
28.1
28.9
34.1
41.8
48.4
60.1
63.4
52.6
42.9
45.0
39.3
38.7
59.1
66.7
58.1
56.7
57.9
57.6
55.1
55.5
55.0
56.5
51.2
55.5
57.5
62.0
62.7
62.3
60.7
57.3
53.3
50.1
48.2
52.1
58.3
61.1
64.2
64.4
62.7
63.2
61.7
62.5
62.8
63.9
66.9
67.1
63.3
64.1
63.8
69.8
70.3
67.8
70.6
67.6
66.6
73.5
71.7
67.4
66.2
67.3
66.9
69.1
74.3
75.5
76.4
73.9
71.5
72.7
70.0
65.9
63.5
72.1
76.0
72.7
68.4
67.3
74.5
66.8
68.8
66.8
56.7
58.5
63.2
59.5
65.4
60.4
57.0
57.8
59.5
63.0
65.2
61.5
63.6
59.5
57.6
59.6
62.5
63.3
56.4
57.2
57.8
60.0
60.5
63.0
57.8
58.7
66.8
72.3
72.1
72.2
74.0
76.9
66.7
61.4
67.0
76.5
76.6
75.1
77.7
78.5
74.2
73.4
75.3
59.9
57.2
66.2
54.8
64.1
76.3
70.2
64.1
62.7
66.2
64.2
58.4
60.7
65.6
51.1
52.0
60.2
63.6
62.6
50.6
45.7
54.2
69.0
66.2
61.2
64.9
54.7
50.7
51.4
63.4
56.4
49.3
47.8
41.9
40.9
42.8
45.2
54.8
53.2
53.0
61.0
52.9
41.4
39.1
40.3
40.2
44.6
37.6
37.9
34.5
31.7
31.5
27.4
34.6
36.5
37.8
34.8
24.7
23.2
31.9
35.3
30.4
33.1
38.8
42.4
29.3
26.6
27.1
27.5
33.0
26.4
10.3
17.8
36.5
31.2
34.5
32.7
27.6
18.1
23.9
25.4
8.8
6.0
-5.7
10.6
28.0
12.2
8.5
7.4
8.9
20.0
20.8
20.1
14.3
13.2
6.9
-5.5
-13.5
-13.1
-12.3
-11.6
-13.8
-8.9
-11.7
-9.9
-20.9
7.3
10.2
3.1
-9.9
-3.4
-11.4
-16.3
-21.8
-4.5
8.8
0.5
21.6
3.5
-21.2
-23.4
-27.5
