value
55.7
55.1
54.6
55.3
56.0
54.7
52.4
53.8
55.1
58.2
52.2
56.2
57.6
57.8
57.3
56.2
58.1
58.5
56.2
55.8
57.9
57.1
57.7
57.8
60.3
58.2
54.9
58.0
56.0
56.0
57.7
56.7
57.4
56.8
56.7
56.8
57.8
58.3
58.6
57.7
56.0
54.7
57.3
56.0
54.3
58.0
55.8
54.6
56.3
56.8
58.0
57.3
57.7
58.0
58.7
57.2
55.4
58.9
59.2
57.6
57.8
54.8
56.1
59.9
60.8
59.5
58.3
59.2
56.0
55.1
56.9
58.4
57.4
56.8
57.0
58.0
57.3
58.0
59.1
58.4
57.3
54.8
56.9
56.9
57.9
56.2
57.6
55.6
58.2
58.9
57.5
57.9
56.2
59.2
58.0
58.1
59.5
57.3
58.9
59.3
56.5
57.9
59.6
59.1
59.1
60.3
58.5
59.1
55.2
55.9
56.0
57.2
57.5
58.4
58.2
56.9
56.6
57.7
56.8
57.3
57.5
58.1
57.8
59.0
57.6
57.1
54.3
57.5
58.3
58.3
57.7
58.3
58.2
59.2
57.7
57.8
57.4
58.5
60.0
58.4
56.6
56.3
56.8
56.7
58.7
56.3
55.0
56.5
55.2
55.7
57.4
54.3
57.0
56.5
57.2
56.4
54.6
57.2
57.6
57.3
57.6
57.7
58.3
57.2
57.2
57.8
59.0
58.1
59.1
57.6
57.4
54.9
57.4
58.6
58.9
56.4
58.4
56.3
57.7
54.5
55.6
54.8
54.7
53.3
54.5
54.7
56.7
54.4
58.3
55.3
54.7
56.6
56.2
54.6
56.1
57.0
57.2
57.2
56.4
55.9
55.1
56.6
58.1
55.7
57.0
57.4
56.6
56.3
57.1
54.8
54.5
56.7
56.1
57.6
57.4
56.1
56.8
57.3
55.2
55.2
55.7
57.3
55.9
56.0
56.6
58.4
59.3
59.4
57.2
55.8
55.8
58.4
56.9
57.7
55.1
56.1
58.3
55.3
56.1
57.2
56.8
54.9
56.8
57.6
52.8
53.4
53.1
56.1
57.2
57.1
57.5
57.8
56.5
56.3
54.5
56.5
57.9
58.3
58.1
56.7
57.3
57.1
57.9
55.3
57.4
60.1
58.5
59.5
58.4
57.8
58.4
58.3
59.3
54.9
56.6
56.0
56.2
56.5
55.7
55.0
57.1
54.9
56.7
57.4
58.4
58.3
56.8
55.5
53.6
56.8
55.1
56.1
54.0
57.5
57.7
55.5
57.2
57.4
54.1
53.8
57.7
58.0
57.4
57.4
55.7
56.8
56.2
55.8
55.7
57.0
57.3
57.5
56.0
56.2
56.9
56.7
55.3
56.0
58.8
57.8
55.9
57.9
55.7
55.9
56.9
57.7
55.4
55.6
56.7
54.6
56.7
54.8
56.0
54.8
57.5
56.3
55.2
56.1
58.2
56.8
56.5
56.0
56.7
56.7
55.4
56.2
56.5
55.4
53.7
57.4
56.1
56.1
57.8
57.4
58.9
58.1
54.6
54.6
56.3
56.8
54.7
57.3
57.0
56.0
55.4
