value
19.0
19.8
19.2
25.2
31.9
25.9
37.4
38.2
33.4
29.4
33.3
15.2
7.5
8.0
11.4
34.5
31.6
37.5
39.0
39.5
30.1
42.8
43.6
46.8
41.5
41.2
44.1
42.4
25.9
18.9
34.4
34.0
33.8
35.9
38.0
37.3
40.9
34.7
32.0
34.7
28.1
20.5
22.2
30.2
30.8
24.2
32.9
40.7
33.1
25.5
27.5
23.7
21.4
24.4
28.9
23.9
23.9
25.4
24.4
30.8
38.4
46.8
41.1
21.9
34.0
45.7
45.1
36.9
30.6
41.0
30.5
40.2
51.8
56.5
48.7
40.6
38.1
42.5
32.5
45.1
35.5
24.6
16.2
18.8
22.3
41.0
44.8
50.3
52.9
48.1
44.7
32.2
35.7
48.6
54.3
54.4
51.9
52.3
25.3
18.1
34.4
42.1
42.6
52.0
43.6
32.3
30.9
23.4
34.8
44.1
46.3
44.7
23.6
30.5
46.0
55.9
56.1
60.5
63.6
63.2
39.5
29.2
42.6
47.6
44.4
49.6
50.1
50.0
46.6
47.6
53.6
58.5
67.4
68.0
65.2
63.3
68.1
66.8
57.8
51.3
52.1
57.4
54.4
63.0
70.6
73.1
69.9
65.0
63.9
59.7
62.5
57.8
59.6
72.5
70.4
54.5
56.7
64.3
68.0
67.8
78.5
83.3
78.2
75.2
78.1
68.4
65.1
66.1
64.4
65.9
74.5
78.0
76.2
74.1
71.5
79.4
77.8
83.1
78.9
71.8
66.0
62.6
64.6
68.2
75.0
73.3
73.6
71.3
74.0
78.3
74.7
68.9
78.2
75.1
71.9
64.1
63.2
66.9
73.0
73.0
67.6
73.1
76.9
77.6
70.0
67.5
67.8
67.5
62.7
64.9
68.3
72.4
68.9
74.9
70.4
65.6
70.0
73.3
65.7
61.7
62.1
59.4
66.9
65.0
62.2
63.7
67.2
70.0
71.7
72.2
74.4
74.7
76.0
74.5
67.2
71.0
72.7
73.7
76.1
74.3
75.4
78.7
73.6
67.4
67.7
74.9
76.2
76.3
75.7
76.0
73.9
73.5
66.0
63.0
63.2
60.9
63.1
59.8
55.3
63.2
68.7
63.5
57.8
62.1
65.4
55.9
55.9
60.8
69.4
62.5
50.3
56.2
65.4
66.3
62.2
60.2
47.5
39.6
47.8
55.0
60.6
61.3
52.9
51.2
45.9
46.0
51.5
38.2
37.4
40.5
37.5
40.7
40.6
40.7
47.2
51.6
45.4
44.8
52.3
51.9
47.8
36.3
42.6
42.1
44.6
40.3
49.5
38.2
33.7
31.0
34.2
47.5
46.1
43.9
49.2
37.8
44.1
48.9
42.9
45.7
44.8
37.4
40.3
43.9
29.9
21.0
26.9
22.8
34.0
34.8
36.1
35.7
37.4
41.6
40.3
49.7
47.3
14.7
2.1
-0.4
3.1
7.2
9.7
22.8
22.9
33.1
36.8
31.6
34.7
46.8
39.5
47.8
47.8
24.9
26.6
24.9
22.1
38.4
27.7
35.5
35.3
40.1
25.4
31.4
37.7
