value
16.3
20.8
21.1
28.1
28.2
27.1
37.1
38.0
37.2
38.8
33.2
4.7
0.9
2.4
7.8
32.8
32.3
39.9
42.8
35.6
31.4
45.8
45.1
44.7
45.6
40.2
41.6
43.8
25.0
21.0
30.9
34.1
35.9
35.8
36.9
40.5
45.0
36.8
34.6
31.1
26.7
20.0
26.0
31.1
29.7
24.1
34.7
44.6
33.8
25.1
27.3
18.3
18.0
27.4
28.6
19.4
19.5
25.2
22.6
29.2
38.3
45.7
36.5
20.0
33.6
44.3
39.4
33.2
26.8
38.1
29.0
40.0
53.0
57.8
50.6
46.8
40.1
40.6
33.3
44.1
34.9
21.8
15.3
17.3
15.6
36.7
44.1
50.9
52.0
47.4
44.9
39.3
41.2
51.0
56.6
53.3
52.5
52.1
21.6
12.9
29.2
41.3
44.2
44.4
36.5
27.2
29.6
21.9
37.0
45.1
47.2
40.4
22.6
34.2
45.2
52.2
55.9
61.9
63.9
56.5
36.4
30.2
42.4
47.0
44.2
50.9
54.1
51.5
49.6
51.3
55.7
60.2
69.5
72.5
68.6
63.0
68.6
67.9
59.0
54.0
55.5
58.0
57.6
64.3
70.0
70.2
68.8
64.5
60.7
59.6
61.4
58.3
59.6
74.1
65.4
53.2
59.3
66.0
68.7
67.0
81.5
84.1
79.7
73.8
78.8
68.7
70.7
68.5
68.3
71.6
75.7
76.9
71.9
65.5
68.5
77.8
78.2
83.0
79.7
75.2
71.4
68.0
68.7
72.6
77.0
77.6
76.9
76.9
78.8
81.3
78.1
79.3
81.2
75.8
68.4
69.4
68.8
73.0
77.7
72.0
72.9
71.9
79.2
78.7
75.4
68.1
71.3
68.9
64.0
64.2
70.1
72.9
75.1
75.9
76.9
69.2
75.3
73.9
69.6
62.5
65.7
66.8
70.3
68.7
66.4
67.6
70.4
73.3
76.7
79.5
77.6
82.6
81.0
71.5
71.3
72.8
75.4
76.1
78.2
78.0
79.4
77.7
76.2
71.3
73.5
79.2
78.9
76.0
80.2
76.2
75.9
73.1
62.4
62.9
62.7
63.3
65.6
58.9
59.2
67.7
70.2
61.9
57.1
64.8
67.7
58.0
57.8
62.2
59.7
51.5
48.2
56.9
65.3
61.8
61.1
53.5
41.8
40.0
49.4
56.4
62.7
55.4
50.0
51.4
46.0
49.0
50.0
36.6
38.0
40.3
36.4
43.6
47.6
40.5
49.3
51.1
43.0
47.6
50.5
52.9
40.9
33.5
38.9
40.9
43.7
41.5
52.5
37.1
34.5
34.3
36.6
50.2
45.5
45.8
46.0
38.8
49.0
49.5
47.6
45.6
42.2
42.1
43.3
48.9
25.4
21.1
31.6
26.3
32.8
35.6
41.3
38.2
41.4
45.0
42.0
49.1
43.0
10.1
-4.2
0.6
-0.7
5.4
7.3
26.2
23.4
30.9
34.7
32.2
37.0
50.6
44.1
50.5
41.9
20.2
18.7
25.5
25.5
39.1
27.3
37.2
41.1
41.5
23.4
33.9
41.0
