value
10.7
7.9
5.0
5.9
3.3
1.0
6.4
8.4
15.3
14.0
29.2
8.1
4.5
-1.6
-1.5
6.1
7.7
7.4
9.1
8.9
11.2
11.0
11.1
18.8
28.3
31.9
33.3
35.5
25.2
23.2
27.5
30.0
31.5
31.1
30.0
32.2
33.4
34.5
38.0
35.2
30.1
27.7
22.6
27.2
30.8
32.1
32.9
33.7
32.6
31.7
36.8
37.1
31.3
27.4
25.3
27.1
30.1
27.7
28.0
35.2
38.6
41.1
45.0
33.6
40.2
49.0
48.5
36.7
36.2
38.0
43.8
45.9
49.4
52.6
54.4
49.1
43.5
45.2
42.4
46.0
38.3
31.4
27.1
30.7
33.9
48.9
53.6
55.8
53.0
54.0
55.9
48.2
48.2
53.7
59.9
53.5
54.0
55.7
39.0
29.7
40.6
49.0
51.0
48.7
48.9
41.6
32.5
30.8
36.4
47.3
47.8
55.7
46.9
44.8
50.3
56.3
55.7
59.5
64.2
64.9
52.3
45.0
50.1
56.5
64.2
62.0
48.7
47.5
52.1
55.5
60.6
64.5
68.3
71.6
72.1
66.9
71.3
63.4
55.2
54.0
57.9
66.1
73.5
73.0
69.3
70.9
69.4
67.7
57.4
59.4
63.9
61.5
66.4
73.8
71.4
73.3
72.5
74.5
74.8
77.1
80.3
80.7
76.7
80.9
76.4
73.8
76.7
77.0
78.5
78.0
74.0
75.0
76.3
71.4
77.6
75.9
77.9
82.3
85.5
86.1
81.3
83.7
85.3
81.1
80.1
82.0
82.5
79.5
75.3
83.3
84.1
85.3
74.0
76.8
81.3
82.8
77.4
77.2
78.0
73.3
80.5
81.3
83.8
81.7
82.1
79.2
81.6
81.6
69.2
68.9
71.1
77.8
72.2
69.0
77.0
75.8
74.8
76.0
69.7
70.3
71.6
69.0
67.3
71.8
71.8
74.9
75.9
76.6
77.4
76.9
79.8
80.8
76.2
79.5
73.9
71.4
67.2
65.4
70.1
73.0
77.4
80.9
79.4
79.0
78.6
77.6
80.8
82.0
80.5
81.2
75.1
62.5
60.5
63.7
67.5
67.2
63.4
63.3
66.5
66.1
68.8
64.3
61.4
67.9
65.8
53.2
56.7
64.8
69.6
57.3
46.0
51.0
59.0
60.7
61.9
62.0
39.3
41.0
44.7
50.7
56.3
59.2
51.6
47.7
49.5
52.9
48.2
45.4
40.6
42.3
44.5
42.0
41.9
45.8
46.9
48.9
50.1
51.6
51.2
50.2
55.7
51.3
40.3
39.6
40.9
42.2
44.0
37.2
35.0
31.6
31.6
41.0
41.4
43.8
42.9
44.5
41.7
42.2
40.9
39.8
39.9
40.0
38.3
40.0
41.8
34.2
31.7
33.6
34.8
35.0
33.7
32.8
33.0
34.4
34.7
32.5
33.0
25.6
2.1
0.7
12.1
18.8
3.4
-0.4
6.4
4.8
3.9
8.3
13.3
13.7
15.2
14.8
23.2
25.6
21.1
15.5
19.9
19.6
18.6
16.1
16.9
16.1
19.6
18.1
21.1
