value
20.6
18.0
20.7
21.1
24.5
22.0
32.8
30.2
28.6
26.5
34.1
18.1
13.2
12.4
10.8
31.0
28.5
33.0
41.2
33.2
27.1
33.7
35.9
36.8
41.0
38.3
40.7
41.9
31.1
18.0
32.4
32.6
33.9
33.2
33.7
36.7
38.9
42.3
32.4
42.5
33.3
28.0
25.2
28.0
32.6
27.8
32.7
39.1
38.7
25.8
31.1
29.2
25.6
28.4
32.6
25.6
24.9
31.4
28.7
32.5
39.5
48.3
48.9
21.2
32.2
43.3
46.7
43.6
36.0
38.1
37.7
40.7
50.2
56.8
53.0
44.7
43.4
39.9
34.0
45.2
40.8
30.2
20.9
25.5
24.7
43.4
47.3
51.7
53.7
54.9
48.4
35.9
38.6
47.0
53.8
59.7
58.0
55.3
35.4
21.4
35.4
46.7
49.0
58.7
48.4
39.9
35.1
28.6
36.8
47.3
51.8
51.5
27.3
31.9
48.2
61.2
58.4
61.0
65.5
65.6
46.8
34.3
42.9
50.2
46.1
50.5
54.0
55.5
50.1
50.8
56.3
62.0
68.7
72.3
71.2
69.0
72.9
69.4
66.2
57.6
57.0
60.6
60.9
66.7
76.3
74.4
75.9
71.9
70.6
66.5
67.0
61.8
63.3
75.7
75.4
59.2
59.4
68.8
71.1
67.0
79.5
85.2
80.2
79.3
81.8
74.6
71.8
70.5
71.3
71.6
81.5
79.4
79.3
77.9
76.0
82.4
82.9
87.3
84.9
80.1
71.7
66.5
68.3
70.0
76.1
79.0
78.5
73.8
80.4
82.7
82.3
74.1
83.9
82.8
79.2
70.4
68.0
71.7
76.5
78.8
71.8
77.1
82.0
82.3
77.6
72.1
69.1
73.1
68.6
71.4
74.8
78.8
75.3
80.7
77.7
70.7
76.8
78.8
70.6
65.3
66.8
65.0
70.2
71.2
67.5
66.5
70.2
73.6
74.9
75.3
77.7
78.2
79.3
79.6
73.0
74.5
77.1
78.6
80.4
76.8
77.9
81.8
80.5
73.6
74.0
76.9
80.7
80.1
77.6
78.6
77.6
79.2
72.5
66.8
67.0
67.0
66.1
67.2
59.4
68.2
71.7
70.1
63.8
65.7
68.9
62.1
58.0
63.4
71.1
71.7
53.9
59.0
71.3
68.3
65.2
61.5
55.7
43.4
47.5
53.8
59.8
63.2
58.1
57.2
51.9
50.0
58.2
44.4
40.8
41.2
41.1
41.1
45.3
45.9
47.6
50.3
46.4
44.7
54.8
50.9
49.0
39.4
47.0
46.8
47.6
39.7
48.5
45.4
38.6
31.5
37.8
46.5
47.0
44.4
45.5
38.8
42.2
51.2
42.7
50.6
46.2
37.5
38.8
46.5
37.1
21.9
28.0
27.4
34.9
35.2
34.6
33.7
35.5
42.7
41.6
51.3
47.9
22.6
8.5
6.5
10.4
11.1
10.3
21.4
26.8
27.1
31.7
35.9
31.8
47.0
38.1
43.0
46.1
30.8
25.8
30.4
26.2
38.3
29.0
30.2
30.8
34.9
31.6
25.2
34.7
