value
73.9
73.7
73.1
73.8
73.3
74.5
74.3
75.7
74.6
74.8
75.1
75.0
74.0
73.2
72.9
70.7
72.8
71.7
71.8
72.4
74.5
73.6
73.9
74.2
72.4
72.7
73.0
74.0
73.8
73.9
74.0
72.9
71.6
71.8
74.3
74.1
73.5
74.0
73.2
73.4
72.8
72.6
71.8
72.5
70.5
72.1
74.7
72.6
72.4
73.0
73.6
74.5
74.1
74.4
74.5
73.8
73.3
75.4
74.2
72.9
71.8
68.0
69.6
73.6
74.7
75.2
75.6
75.0
75.1
75.7
76.3
75.0
71.6
71.2
74.8
75.2
75.3
75.6
74.8
74.9
72.6
73.8
74.7
75.6
77.1
75.3
73.3
72.9
75.5
75.9
77.6
75.8
74.7
73.8
74.7
76.0
74.8
75.6
76.5
76.3
75.6
74.9
75.9
75.0
75.2
76.9
76.9
74.0
72.6
73.2
72.1
70.5
72.8
75.4
75.6
75.0
74.2
74.1
73.6
74.2
74.4
73.5
73.5
73.8
74.2
74.2
73.3
73.1
73.6
73.4
72.9
73.0
74.3
74.0
74.3
74.9
74.3
74.0
73.9
73.6
72.2
70.1
70.0
71.6
71.0
72.7
72.3
72.3
70.7
69.8
71.3
70.7
72.3
71.9
72.5
71.0
72.8
72.1
72.1
73.3
72.0
71.9
72.5
71.8
72.5
73.5
73.7
73.1
73.0
71.0
71.0
72.1
74.3
74.9
73.2
72.0
73.0
72.6
72.4
70.3
69.8
71.5
70.6
71.4
72.1
72.8
71.6
71.4
72.8
74.5
74.2
70.2
71.1
71.2
71.3
73.7
75.0
74.1
72.1
72.1
73.5
71.7
71.8
72.8
74.1
73.5
75.2
73.7
71.3
71.6
72.5
71.5
71.9
71.2
72.5
71.2
72.4
75.5
75.4
72.8
70.9
71.8
70.5
71.2
71.7
73.2
73.2
73.3
69.7
72.0
72.5
71.1
73.0
72.4
70.2
70.3
70.6
71.8
70.6
70.9
71.9
71.8
71.2
70.1
69.8
70.2
70.6
70.7
70.5
69.8
70.2
71.4
70.8
69.6
70.7
71.0
70.8
71.2
72.5
70.4
71.3
70.7
72.6
72.8
69.6
71.3
74.6
73.3
72.7
72.2
71.3
71.2
71.6
70.3
69.8
69.7
69.3
70.7
69.8
71.9
73.3
74.3
72.7
71.0
70.7
71.5
71.8
71.0
70.2
70.0
71.2
70.8
70.8
70.1
70.6
70.3
70.1
72.0
70.8
70.4
70.5
72.3
73.3
71.9
70.5
69.5
68.3
70.1
71.5
71.8
71.7
70.7
70.2
71.1
72.0
73.2
74.3
70.3
71.5
72.6
75.4
73.1
72.7
70.3
70.9
71.2
71.5
72.6
71.6
70.7
71.5
69.3
72.4
72.6
72.1
71.4
70.2
72.9
72.2
73.8
73.9
72.5
72.5
70.4
73.9
73.4
73.6
72.2
71.1
73.4
72.7
71.5
72.6
73.2
73.2
72.3
72.8
72.9
72.1
72.2
72.3
73.5
75.2
74.2
73.4
