value
37.7
26.2
24.4
32.9
36.9
35.6
38.3
34.7
35.9
43.3
36.1
43.8
42.4
44.6
38.2
34.8
38.2
29.7
36.5
45.0
30.0
23.7
15.0
14.4
17.7
20.4
22.7
27.5
35.5
42.4
49.1
30.5
25.2
26.1
27.3
27.7
31.9
28.3
31.4
25.8
18.5
30.5
38.9
35.0
35.8
37.4
36.8
28.3
22.5
33.7
34.4
27.8
28.6
35.8
38.5
37.4
36.8
39.4
39.5
38.5
37.6
33.3
35.0
37.1
39.9
37.3
33.7
41.5
36.7
40.6
47.8
44.1
35.8
34.3
36.0
33.4
30.4
35.6
37.0
34.0
34.0
39.0
38.4
39.4
39.6
43.2
43.5
47.2
46.3
43.2
47.5
38.9
38.7
38.5
45.6
42.9
43.8
51.1
59.3
54.2
51.4
44.0
44.3
50.7
44.2
49.4
58.8
51.3
56.3
54.9
45.8
45.9
44.5
50.1
54.7
52.5
53.9
51.8
52.9
53.8
53.4
55.4
55.5
53.2
50.3
52.2
53.5
57.9
55.9
62.1
61.7
61.5
53.1
50.2
53.7
61.8
62.8
59.7
57.1
62.3
69.0
61.8
65.8
61.2
47.7
53.7
51.3
56.8
61.2
73.0
75.1
74.1
72.2
69.1
66.5
64.8
63.1
60.6
64.5
70.2
65.9
67.2
70.1
62.2
59.2
68.5
67.9
72.8
67.5
67.4
67.6
71.6
71.7
68.6
77.0
76.8
77.8
73.3
75.5
75.1
73.2
74.4
75.6
76.6
79.0
80.5
81.4
83.0
80.9
78.0
78.5
77.7
74.9
70.8
78.8
83.9
85.6
84.1
85.7
86.4
84.6
79.7
75.4
77.8
77.9
65.9
64.5
74.4
72.7
77.0
74.4
72.9
72.3
74.5
73.0
72.3
69.3
69.3
71.2
74.5
76.4
76.9
71.6
74.1
72.0
70.0
67.8
69.9
71.1
70.5
71.2
74.6
75.8
74.1
75.4
70.4
69.8
73.9
76.2
76.2
73.4
72.6
76.9
77.0
76.1
74.6
70.7
71.5
62.0
64.4
73.3
62.3
71.5
78.3
77.7
71.4
61.1
59.9
64.9
57.0
57.2
62.7
64.7
68.4
67.8
56.5
57.1
59.9
62.0
59.9
62.4
60.4
60.0
64.8
68.5
67.2
68.1
65.9
64.9
69.9
60.6
56.7
56.5
62.7
63.9
58.6
55.7
57.4
58.6
64.8
64.5
56.2
59.7
54.3
61.4
48.6
48.0
45.7
46.2
53.3
49.4
47.1
47.4
53.6
63.5
57.9
49.0
38.2
43.2
53.9
56.8
44.3
42.2
50.8
47.8
42.8
31.6
40.8
46.4
47.8
50.2
58.4
48.0
36.8
37.2
49.3
47.0
28.8
26.2
37.6
50.2
34.1
32.3
28.5
42.0
39.6
39.8
39.6
48.3
49.7
37.4
30.7
33.4
35.6
30.5
26.4
27.4
23.2
30.5
30.0
20.9
26.5
34.8
38.7
44.2
51.0
51.6
38.1
25.3
31.0
32.8
38.3
40.6
39.1
23.7
