value
33.1
21.7
15.6
29.6
33.4
30.6
33.8
31.0
29.9
41.5
30.3
36.2
40.6
45.7
36.3
32.1
32.4
25.0
31.6
41.9
25.5
20.2
11.9
10.0
14.7
16.7
19.0
22.5
29.1
39.4
51.9
29.2
22.8
24.0
24.5
24.1
29.2
24.8
28.2
22.7
14.8
25.3
38.2
36.2
33.9
36.8
35.0
25.6
19.3
30.1
32.9
25.3
27.5
34.0
35.0
35.1
35.5
37.6
37.4
36.5
36.0
32.1
31.4
35.6
38.0
34.7
34.1
41.8
38.1
42.6
49.2
42.9
33.3
31.2
33.3
31.9
28.3
31.3
32.3
29.5
31.1
35.2
37.5
38.0
38.1
40.3
42.8
46.4
46.4
43.3
47.4
34.8
36.1
39.0
45.5
40.5
42.1
51.4
60.5
57.3
51.6
40.3
42.6
45.9
36.4
50.5
57.9
51.7
59.5
54.6
43.6
45.7
41.9
52.7
54.1
50.9
53.3
56.3
55.9
58.0
56.4
60.2
58.1
58.5
53.2
54.9
54.4
63.5
60.8
64.2
63.9
61.9
50.0
48.9
48.4
64.2
64.5
57.6
55.9
65.8
74.2
64.4
68.8
62.8
46.6
50.3
45.4
58.8
64.4
74.8
79.9
79.2
77.3
70.9
63.5
63.7
62.4
58.0
62.7
69.5
64.0
62.4
66.0
57.6
59.3
67.0
66.1
72.6
66.8
64.6
64.8
71.2
73.9
68.8
81.1
77.5
77.3
74.0
74.6
76.5
77.0
74.5
76.8
78.8
81.5
83.5
84.1
81.8
80.3
75.3
77.2
77.1
74.2
71.5
80.3
83.5
83.1
83.0
85.8
86.7
85.4
76.9
76.4
77.2
76.5
63.1
65.8
65.0
71.9
76.2
72.3
71.1
68.5
72.3
71.4
67.7
65.9
65.5
68.3
73.3
74.7
74.8
67.8
71.3
70.9
66.8
65.5
65.8
68.2
68.2
70.4
73.4
74.4
74.3
73.4
66.9
66.6
69.6
74.5
74.5
71.7
71.5
75.0
74.2
74.1
71.7
68.6
66.9
57.0
61.1
68.7
57.7
66.8
79.2
77.6
70.4
60.0
57.4
60.7
52.3
54.1
60.1
61.6
64.3
65.9
54.2
53.7
56.3
60.0
56.1
58.2
56.8
56.6
59.3
66.2
63.6
58.2
63.3
61.0
63.2
58.8
52.2
50.0
58.3
55.9
56.8
51.6
59.2
54.1
62.0
62.4
53.1
53.9
51.4
52.6
45.2
45.5
41.7
41.3
49.3
43.9
41.5
40.3
42.1
62.9
54.8
46.4
34.1
35.9
48.6
54.2
41.4
37.8
45.4
45.1
40.0
29.6
37.9
43.1
47.1
44.0
58.3
44.2
32.8
29.8
45.2
43.3
25.2
24.4
34.1
40.7
32.1
27.5
23.5
32.8
37.6
35.2
35.2
37.5
47.1
35.3
28.1
30.0
31.6
24.8
21.9
22.0
17.3
23.1
25.5
10.3
21.7
32.5
36.1
44.3
54.9
51.8
35.2
21.7
23.2
26.7
33.5
33.4
34.5
18.3
