value
70.3
72.4
73.7
73.9
72.7
75.2
71.1
74.4
76.8
76.5
74.8
74.5
74.1
73.1
70.6
73.4
71.8
69.5
67.6
70.5
69.5
71.2
68.8
72.1
65.0
68.3
74.1
75.5
75.4
74.7
71.0
68.8
68.8
69.3
63.7
70.0
69.1
72.6
69.2
71.7
72.7
75.9
74.9
74.0
77.2
73.9
70.9
65.5
57.3
69.9
68.7
74.5
74.4
75.2
76.5
76.4
78.1
78.1
72.7
67.1
64.8
63.0
64.4
60.9
65.8
67.9
61.8
65.7
69.3
69.7
71.7
71.6
68.4
64.1
66.2
71.0
73.5
69.2
70.1
71.1
74.5
77.0
78.7
75.7
68.5
63.5
62.9
67.5
69.4
71.4
73.5
75.3
76.2
77.2
75.1
71.0
68.2
76.1
76.6
78.1
78.6
79.4
76.6
80.0
80.4
80.7
78.5
80.2
80.5
79.4
79.6
77.2
76.4
78.1
75.6
73.2
73.6
76.9
77.6
79.2
80.6
78.1
75.7
76.3
75.1
71.0
71.8
76.0
79.3
81.4
80.5
79.6
78.2
79.9
77.7
76.9
80.0
78.0
83.0
78.7
78.2
79.2
78.3
77.9
76.6
79.1
72.0
76.1
77.2
75.4
77.7
75.9
75.7
76.8
77.2
78.1
76.8
78.6
82.6
81.2
79.6
78.8
79.1
80.1
80.3
80.6
80.8
81.9
77.6
79.3
82.2
81.5
80.2
79.2
79.2
80.3
79.7
79.3
79.5
79.3
76.3
74.8
76.6
78.4
81.0
78.0
77.1
79.2
80.0
79.2
77.3
79.6
78.2
76.0
77.6
79.4
79.6
76.6
78.6
79.9
80.1
81.0
81.2
80.2
80.7
80.7
78.9
78.9
81.4
80.8
80.5
80.5
79.6
80.1
80.7
81.2
82.3
78.9
77.8
81.4
77.1
80.6
81.7
80.2
81.3
77.8
79.0
81.4
81.2
79.5
78.6
77.9
79.4
80.7
77.8
78.6
78.5
78.6
77.7
79.1
79.4
79.6
78.2
77.9
76.8
77.0
77.4
79.4
79.5
78.8
78.1
77.5
78.1
76.7
78.9
81.1
75.7
79.6
76.7
77.1
78.5
78.8
80.1
79.6
80.2
81.7
81.6
81.3
79.3
79.7
79.5
77.2
77.8
76.3
77.2
79.2
80.5
79.1
78.0
77.7
78.2
78.9
78.3
77.7
77.5
74.5
74.6
74.7
73.8
75.9
77.2
78.8
78.8
80.2
80.9
76.5
77.1
77.6
78.7
78.3
77.9
78.9
74.9
77.8
77.2
74.8
74.7
76.3
74.9
79.1
79.0
75.8
79.1
79.1
76.5
77.1
74.5
75.4
76.5
77.3
78.3
75.2
74.7
74.1
73.9
75.6
74.1
72.2
73.7
76.1
73.4
69.0
69.5
71.8
72.5
68.7
67.3
73.4
75.5
75.9
73.0
74.3
74.1
74.0
75.7
72.0
75.0
75.8
73.9
73.3
73.8
72.3
70.3
76.1
77.1
75.4
75.3
73.6
74.7
73.3
73.6
76.7
76.2
75.9
75.7
