value
28.7
31.8
38.2
46.3
46.5
39.5
33.9
26.7
32.0
31.0
34.7
27.9
23.9
29.7
30.9
32.3
30.7
25.4
25.5
30.6
34.1
32.6
27.2
29.8
24.4
19.6
16.9
29.7
31.6
40.1
48.7
45.2
39.9
36.2
34.8
36.6
35.8
35.4
33.2
31.3
29.2
27.9
29.3
32.5
33.1
34.3
36.1
35.4
34.7
35.0
32.9
28.0
28.1
33.1
37.5
39.1
41.1
39.5
39.6
37.5
37.7
37.7
39.2
39.3
49.8
54.1
50.1
50.2
49.3
45.3
41.8
44.0
29.4
30.0
29.5
29.5
32.5
41.2
42.9
42.8
34.4
33.4
27.9
29.2
29.1
31.8
32.5
34.1
37.0
35.5
36.0
37.8
35.1
38.5
40.8
40.7
40.0
42.1
47.7
49.8
50.9
53.2
53.7
56.2
52.7
54.5
58.4
61.7
58.4
58.9
61.0
62.0
63.6
64.5
65.3
67.3
68.8
64.5
63.1
65.9
68.2
63.0
61.0
60.8
64.1
65.4
64.1
65.0
66.0
65.0
57.7
55.9
55.0
59.0
62.1
65.4
63.9
63.2
67.0
61.6
60.2
59.5
53.5
54.0
52.5
54.9
51.8
57.8
61.1
52.1
51.8
57.0
57.5
52.6
53.6
58.4
61.6
66.6
69.4
70.5
69.6
60.6
65.5
69.8
67.6
72.4
72.4
77.1
79.6
81.8
82.7
78.4
77.3
74.9
58.6
56.8
56.9
58.8
61.6
65.4
61.8
65.1
68.5
70.9
74.7
75.1
73.3
74.2
73.9
74.5
75.6
68.3
67.0
68.1
70.9
69.7
70.3
73.0
74.9
77.0
74.9
72.5
73.7
77.1
77.2
75.4
78.1
81.6
83.9
83.1
73.3
75.3
76.9
78.6
82.9
83.7
77.4
82.0
83.5
85.5
80.6
68.3
72.7
74.3
69.7
68.2
67.1
67.6
71.1
74.8
74.9
66.3
66.2
67.5
67.8
67.1
65.7
63.6
63.6
63.3
67.8
67.2
67.3
65.8
62.6
65.8
65.9
66.0
65.3
65.8
66.5
61.8
62.1
59.5
59.5
56.2
57.5
63.2
63.9
53.4
53.0
55.9
56.1
58.2
58.4
62.0
61.8
58.6
59.7
52.4
50.7
50.9
52.4
50.4
47.5
41.8
41.9
46.5
51.6
53.9
53.6
56.0
55.9
58.1
57.1
50.8
50.4
53.8
51.1
51.4
55.2
49.2
53.3
58.4
55.1
61.8
58.9
56.8
52.6
59.2
62.0
56.2
52.6
47.4
50.0
49.0
49.7
49.8
48.3
46.4
52.5
48.9
50.2
48.3
46.1
44.1
44.4
41.1
44.6
43.2
36.1
43.4
43.9
44.4
41.4
45.6
48.5
46.3
36.6
34.3
33.7
33.0
38.9
38.2
41.0
40.4
32.7
30.9
39.5
39.7
36.7
40.5
44.3
43.0
31.9
34.5
31.9
32.7
35.1
31.8
29.8
29.6
29.2
31.5
31.3
34.0
36.1
42.0
50.6
45.3
42.6
40.4
42.9
42.1
38.6
