value
36.0
37.2
38.3
45.1
44.7
42.2
39.3
38.7
39.7
36.3
27.4
23.5
24.2
24.9
23.4
25.8
25.0
20.8
19.4
22.2
23.3
18.9
20.2
20.9
16.4
9.8
25.6
32.1
37.6
46.8
41.9
39.0
35.7
31.1
35.1
38.1
32.2
29.6
28.1
27.1
26.4
25.0
26.9
27.2
27.7
30.2
31.3
31.5
30.8
30.5
26.7
22.0
21.3
24.3
30.5
35.1
34.0
32.2
33.6
33.0
31.1
30.4
33.2
35.3
37.8
40.9
42.1
38.2
44.1
28.0
24.6
23.0
21.6
22.7
25.3
30.2
31.3
33.4
38.8
33.0
27.7
23.9
21.9
24.9
26.5
25.4
30.8
33.8
33.9
30.8
30.2
32.3
31.5
31.9
33.1
34.0
34.1
37.4
41.2
44.7
48.8
50.1
48.9
50.7
56.5
57.7
59.7
64.1
53.8
46.5
52.7
54.7
55.1
56.1
61.9
64.2
53.9
44.7
49.8
52.2
49.4
52.7
50.2
51.9
55.4
56.0
61.4
61.4
63.3
55.6
52.3
51.6
47.4
55.1
60.0
62.0
62.8
57.4
59.0
54.8
54.1
49.5
45.6
44.7
44.7
43.3
48.4
53.0
54.2
49.4
52.1
50.7
50.5
47.4
53.7
55.5
57.4
61.1
64.7
62.1
57.4
59.6
62.4
67.3
61.1
63.1
66.5
70.2
76.6
78.6
78.2
68.1
68.3
65.3
56.3
52.8
50.3
53.2
55.5
56.7
54.9
62.2
66.8
65.4
66.0
64.9
66.2
66.3
66.7
68.6
68.2
57.4
61.0
61.4
63.9
61.7
64.7
67.6
69.8
70.3
66.3
68.4
70.3
72.1
71.1
70.5
75.2
80.3
82.5
72.4
66.2
67.6
70.6
75.7
78.8
70.4
68.3
74.6
72.6
73.4
61.6
62.5
61.6
63.5
61.4
57.9
59.8
64.6
68.6
72.0
63.8
57.3
58.3
60.0
60.5
63.3
57.1
58.0
57.0
59.0
60.8
62.1
64.5
56.3
55.8
62.8
63.4
62.3
62.8
63.2
64.6
58.8
54.5
52.9
52.4
53.8
58.8
59.7
54.9
47.8
48.3
48.7
51.4
52.7
53.0
57.5
56.5
54.3
53.3
44.1
45.8
46.7
45.3
42.3
41.1
40.1
40.4
43.2
47.9
49.5
48.1
48.6
51.4
45.2
45.6
46.0
43.7
46.9
45.4
47.7
48.1
45.6
52.2
56.8
55.7
55.4
56.6
50.1
56.6
57.4
59.8
52.3
45.6
40.9
42.3
48.8
48.9
46.4
42.1
43.2
53.4
54.3
47.7
41.2
39.8
37.8
35.4
32.7
34.9
39.1
33.2
39.3
41.9
39.8
38.3
42.0
40.4
38.0
30.2
28.9
26.3
32.4
35.1
36.7
36.9
36.0
27.2
28.1
35.4
32.9
32.3
37.3
41.5
42.7
39.8
33.8
30.8
32.5
36.9
35.8
26.0
26.3
27.6
31.7
33.4
38.4
43.7
35.1
35.3
38.3
40.1
33.6
37.6
32.6
27.3
