value
34.6
35.9
34.8
42.8
42.8
41.0
41.1
37.7
37.1
35.9
31.9
27.7
26.7
28.0
27.2
26.1
24.3
24.4
22.5
23.1
26.9
31.3
24.0
23.3
24.3
18.7
28.2
34.8
39.4
51.2
45.1
41.7
37.9
32.4
36.3
38.7
32.9
31.1
28.3
24.8
19.3
22.0
24.6
22.9
20.5
22.2
33.6
32.7
30.7
30.6
28.4
24.4
21.7
22.8
25.6
27.8
28.6
33.4
34.3
32.0
31.5
27.7
31.4
35.2
39.4
45.7
47.5
47.8
43.4
40.9
38.6
31.3
26.1
26.1
29.8
35.0
35.8
39.6
39.5
36.6
34.9
30.7
29.7
27.8
23.9
26.1
31.1
36.7
36.1
32.5
31.4
34.4
35.1
35.0
35.0
36.4
35.8
39.5
43.4
45.2
50.0
51.0
48.1
52.1
56.6
56.4
59.2
61.9
48.9
45.3
49.9
51.7
53.0
54.5
57.7
61.9
56.3
46.7
50.7
52.9
56.9
56.7
55.2
55.2
55.9
58.9
58.5
60.7
61.8
53.7
50.4
47.8
47.9
55.7
61.3
60.2
58.9
58.2
54.5
53.3
51.7
49.2
47.1
43.3
44.4
42.9
47.6
53.4
48.6
48.9
47.5
52.8
48.2
44.3
51.0
58.1
61.5
60.9
64.0
62.6
57.2
58.2
61.3
65.7
58.3
65.5
67.8
73.6
77.2
77.5
76.0
66.3
61.7
59.2
54.3
54.0
52.0
51.7
54.1
53.7
56.5
61.6
66.4
64.1
66.4
66.7
66.0
68.2
68.7
67.9
70.2
62.8
60.7
61.9
65.7
65.7
64.8
67.1
71.1
70.4
70.9
70.8
69.6
72.3
72.4
71.1
74.4
78.7
77.3
65.9
65.3
70.0
71.8
74.5
75.8
69.9
72.5
75.5
71.1
70.4
62.5
64.6
65.5
66.0
63.3
61.5
62.3
63.8
67.3
70.8
63.4
57.2
57.8
60.1
62.2
62.9
58.5
58.8
59.1
59.5
58.5
57.9
61.5
59.4
57.4
64.1
62.7
63.7
63.2
66.3
66.0
57.4
52.2
52.6
50.8
52.6
55.8
59.2
54.6
49.1
53.9
51.6
54.4
53.8
52.2
55.5
55.7
57.2
59.6
54.5
52.6
52.1
49.2
49.0
45.2
44.1
44.0
45.8
55.4
52.7
49.7
53.2
45.6
38.6
39.6
44.6
45.2
49.8
45.1
49.5
51.1
47.8
55.2
57.2
54.3
53.3
54.6
51.6
54.5
55.2
61.6
51.3
46.0
40.9
43.9
51.0
46.7
47.1
43.8
48.1
56.0
53.7
46.4
40.7
38.6
35.0
38.4
37.5
35.9
39.5
39.6
37.5
37.9
37.6
37.5
38.5
40.3
38.9
29.9
28.0
20.1
25.3
33.8
35.8
35.5
34.7
30.0
29.4
36.6
34.2
34.3
37.0
39.6
40.5
37.6
33.6
31.0
33.2
31.6
30.0
28.5
26.4
28.6
33.4
28.6
37.8
43.9
34.5
42.3
36.3
37.0
33.6
39.0
31.2
27.4
