value
42.0
39.9
44.5
44.7
40.1
41.0
37.8
41.7
41.9
32.0
29.0
27.9
27.7
27.5
19.3
9.3
18.4
23.4
22.8
17.7
25.6
27.3
24.1
19.4
17.6
23.2
32.1
35.3
37.8
42.0
40.6
35.0
30.4
30.5
36.0
34.6
32.6
30.9
31.1
25.6
25.2
27.7
26.2
24.6
25.5
33.1
33.1
32.1
33.3
31.7
30.2
26.9
26.1
28.8
31.9
34.2
32.0
31.8
34.4
34.2
34.9
35.4
34.2
36.1
40.3
36.2
32.9
31.1
26.1
22.5
24.8
27.0
25.1
24.3
29.2
32.1
31.0
27.1
26.8
25.6
22.9
22.0
27.2
28.0
30.5
30.3
32.2
31.0
31.0
32.5
33.5
33.9
34.1
34.9
34.3
36.9
36.0
34.9
35.0
36.4
36.3
39.5
40.9
40.1
55.9
53.6
52.3
53.8
46.1
43.6
42.5
46.1
49.8
50.6
47.6
46.0
44.8
43.2
45.6
45.9
43.1
43.4
45.2
53.6
52.8
52.0
58.0
52.8
56.8
53.6
53.2
50.5
49.2
48.8
54.9
59.6
65.3
66.5
56.4
57.4
57.0
50.6
47.6
52.2
57.7
54.9
56.1
56.9
55.1
60.7
62.2
63.8
56.0
56.1
56.7
54.4
58.5
60.4
55.3
54.6
58.0
58.3
58.4
61.6
57.4
54.8
55.0
59.3
63.3
61.9
67.3
64.3
62.2
61.5
59.3
57.7
56.7
55.4
56.1
55.4
54.9
57.4
55.7
59.4
63.1
61.6
59.1
62.1
62.2
64.4
60.4
61.2
62.3
64.0
58.7
60.7
63.9
64.6
66.8
65.6
66.3
67.3
67.3
65.4
66.2
63.1
67.0
69.2
72.5
67.5
65.5
64.3
63.2
68.9
71.3
65.7
67.1
70.2
65.7
65.6
63.5
62.2
61.1
58.3
58.1
59.7
60.0
67.0
63.9
63.9
59.0
60.6
61.1
62.2
61.6
60.3
61.3
60.2
60.5
60.8
59.6
61.6
61.5
55.4
59.1
60.2
59.2
61.1
63.8
63.1
62.7
58.6
55.5
55.5
55.5
56.7
57.4
57.2
52.6
49.5
47.8
50.6
53.2
53.2
58.9
56.5
50.4
47.5
49.2
47.4
46.9
49.3
49.4
49.5
48.5
48.7
49.9
53.4
54.5
55.7
54.2
55.5
51.7
54.4
52.6
52.0
50.5
52.4
50.0
50.3
42.4
43.1
52.0
52.9
57.0
58.1
52.2
49.2
57.5
56.2
53.9
49.3
48.8
48.2
49.9
47.3
48.1
43.7
43.9
39.7
43.4
44.3
45.4
41.9
40.9
44.2
42.6
41.3
43.2
48.2
42.9
41.3
42.0
34.9
38.2
38.5
40.0
37.8
32.4
31.3
44.9
43.9
38.2
38.8
42.9
35.0
40.6
41.3
39.0
36.6
31.6
36.3
41.4
44.5
42.3
36.8
40.4
38.9
42.8
45.3
40.0
38.1
41.4
38.4
42.2
43.5
40.1
49.3
44.6
36.7
40.8
42.6
40.1
39.4
38.2
