value
-99
-99
77.7
80.9
80.6
77.8
77.3
-99
80.6
78.9
78.2
76.7
77.2
76.1
73.2
-99
76.8
76.1
79.9
77.6
78.7
-99
78.9
78.7
80.5
81.1
78.0
78.3
-99
73.5
79.0
76.7
78.4
76.1
81.7
77.6
-99
-99
75.4
80.2
79.9
-99
-99
-99
76.4
-99
-99
79.9
-99
-99
77.2
79.0
80.4
80.2
80.3
80.2
77.9
79.4
81.1
78.4
-99
80.6
-99
79.4
-99
78.8
-99
-99
76.9
-99
79.3
74.5
-99
78.1
73.7
79.8
-99
75.9
-99
81.0
76.6
83.5
81.3
79.7
-99
80.8
79.2
-99
-99
-99
74.2
83.0
79.7
83.0
82.0
81.0
83.3
82.3
79.2
79.3
80.3
79.7
82.8
83.1
80.4
-99
83.3
79.1
-99
80.3
77.7
-99
-99
80.7
82.9
82.8
81.1
82.8
-99
79.6
83.5
82.9
81.7
84.8
84.2
82.9
-99
83.1
78.7
-99
-99
80.2
82.8
81.6
78.4
81.1
80.2
80.8
81.7
82.0
80.4
-99
-99
80.4
-99
81.8
79.3
75.4
78.7
-99
-99
82.6
81.6
80.8
83.7
81.8
85.1
-99
83.5
80.1
80.5
80.5
-99
83.7
-99
-99
84.1
83.5
-99
82.3
77.7
77.7
82.8
82.5
80.8
-99
78.6
-99
-99
81.3
81.4
78.7
-99
-99
83.4
80.1
-99
83.1
-99
-99
78.2
71.8
-99
-99
82.9
-99
-99
-99
83.3
-99
-99
81.4
83.9
84.7
85.6
83.9
83.6
85.4
81.8
83.6
84.0
-99
81.3
-99
-99
84.1
86.2
84.9
82.6
84.1
-99
-99
78.9
-99
84.2
84.0
84.6
-99
83.8
80.1
82.4
80.9
83.6
79.7
84.2
80.7
84.1
82.7
83.3
81.7
-99
-99
83.7
83.3
82.4
83.1
82.0
82.1
81.9
84.0
79.7
81.8
-99
83.5
83.0
-99
-99
-99
-99
-99
-99
85.0
85.6
80.8
-99
82.5
84.5
82.9
82.9
-99
85.0
83.1
82.3
83.8
-99
-99
-99
82.2
81.3
80.9
-99
85.7
84.6
79.6
80.0
84.8
-99
76.6
-99
80.5
81.3
84.3
85.9
83.9
-99
77.3
-99
-99
81.0
80.2
-99
-99
-99
-99
78.4
78.7
-99
79.0
-99
-99
-99
-99
-99
-99
80.2
-99
82.6
-99
-99
80.5
80.8
-99
-99
-99
82.1
-99
76.3
81.2
-99
81.5
79.1
-99
78.3
-99
-99
80.2
-99
-99
73.9
79.1
78.1
79.2
-99
77.1
78.5
79.7
77.5
79.3
-99
80.5
-99
79.5
78.8
78.0
76.1
80.0
77.4
-99
73.9
75.7
81.8
-99
78.6
-99
78.1
