value
58.2
59.5
59.3
58.9
57.9
58.1
56.5
54.9
49.2
49.1
54.0
57.7
59.1
57.9
55.9
58.1
61.2
59.5
59.7
62.4
67.5
67.2
60.6
62.4
65.7
63.3
60.4
55.6
56.7
58.4
55.1
55.6
56.4
61.9
65.1
70.0
60.5
61.9
63.2
60.9
58.4
59.5
57.5
59.0
63.5
60.0
59.1
59.2
59.5
58.9
62.5
67.0
69.6
64.1
62.6
66.9
67.6
62.4
62.4
60.1
67.7
73.8
63.6
60.3
59.4
59.7
67.7
64.7
68.5
75.5
82.2
71.5
79.0
81.6
64.3
61.2
60.2
61.1
64.8
71.0
70.6
63.4
62.3
65.4
70.4
66.9
70.6
73.5
70.5
80.5
76.5
73.0
78.7
66.0
66.8
70.7
81.7
71.2
67.2
66.0
66.6
65.9
66.5
68.9
71.2
65.9
64.4
65.3
65.3
64.5
64.0
65.4
66.4
68.7
70.5
71.3
73.8
78.7
85.0
80.2
79.1
78.3
76.8
79.6
80.7
79.6
78.8
76.5
78.2
77.5
77.4
74.0
79.9
73.4
72.3
74.2
78.8
82.0
86.8
80.5
81.3
83.5
84.0
86.4
78.1
76.3
79.3
85.0
92.4
86.7
91.2
84.7
96.4
81.1
77.4
77.9
84.7
83.8
91.7
79.2
79.7
82.4
82.4
77.1
77.4
77.1
77.0
80.3
83.1
84.7
87.6
86.4
85.1
84.5
85.1
85.5
84.3
81.2
82.0
81.1
81.5
78.3
79.1
81.0
81.3
80.0
79.0
80.5
80.3
80.2
81.6
81.1
81.4
82.0
82.0
82.6
81.4
81.9
81.4
81.0
81.8
80.8
81.2
81.9
81.9
82.5
83.8
84.5
85.6
86.2
85.4
85.3
87.2
87.2
85.1
82.9
85.4
85.6
85.7
85.1
84.0
84.5
85.1
84.9
82.9
83.5
84.7
85.7
85.6
83.8
83.0
84.7
85.4
84.7
84.5
83.0
82.2
81.9
82.8
84.5
85.3
84.4
82.9
82.0
82.0
81.5
81.3
81.4
81.0
79.5
80.9
81.0
79.9
80.4
80.2
83.6
83.7
80.8
78.4
81.9
87.5
90.1
81.6
82.0
82.5
79.4
78.0
76.4
75.3
75.3
77.0
76.5
76.4
77.3
82.0
78.2
73.2
69.1
68.7
69.6
70.5
73.9
73.5
73.3
75.2
75.6
76.0
75.5
73.2
77.4
76.5
71.8
70.3
71.5
71.9
71.3
69.9
69.8
69.4
69.5
68.4
68.4
70.6
71.4
71.5
70.0
70.8
71.9
70.2
72.6
73.6
71.0
68.4
69.2
69.9
71.4
70.8
69.0
69.8
69.4
67.0
65.2
65.3
66.1
68.0
72.7
69.9
67.1
77.9
82.1
76.2
68.8
63.9
62.1
69.5
78.2
73.9
67.0
63.8
61.3
62.6
63.1
58.2
57.9
54.5
48.7
45.2
50.8
51.5
51.4
54.0
55.4
56.2
56.5
56.6
56.6
55.9
57.1
62.0
60.8
60.9
59.3
56.9
58.7
57.2
