value
80.9
78.3
80.0
83.1
79.3
81.1
81.6
82.5
80.5
80.8
81.1
78.1
79.2
77.8
76.3
80.1
78.9
81.1
78.9
80.7
78.9
78.2
79.5
77.5
79.3
77.2
77.0
79.3
80.2
81.2
81.6
77.9
76.3
79.5
79.5
76.6
79.8
78.4
78.3
77.3
80.4
81.2
80.0
81.8
81.0
81.0
79.9
76.1
79.3
82.2
79.7
82.2
78.7
80.2
82.2
82.7
82.6
81.5
78.2
79.9
81.6
78.1
78.2
78.5
79.7
81.4
82.6
80.1
79.9
81.1
83.0
79.1
81.5
79.4
79.5
80.7
80.8
80.9
82.4
82.0
82.6
82.1
80.7
81.7
79.1
80.7
78.7
82.3
82.3
82.4
81.6
84.7
83.9
81.0
81.5
83.6
81.9
81.0
82.2
81.6
85.3
83.2
81.1
82.9
83.0
80.7
81.0
79.5
81.3
79.6
81.7
78.2
78.7
77.1
77.7
77.0
77.4
80.8
81.2
80.0
76.4
77.7
80.3
76.0
76.9
81.7
79.7
76.1
78.4
79.2
79.9
78.5
80.8
80.1
79.4
79.6
79.1
80.9
80.1
76.7
76.2
78.6
76.9
77.6
77.3
76.4
78.0
78.3
78.7
76.7
77.5
78.8
77.4
76.6
76.2
77.1
76.9
77.1
76.8
77.3
78.9
76.9
76.5
77.5
74.8
75.5
74.6
75.1
75.4
73.8
78.9
74.7
75.8
76.0
75.8
73.6
74.5
75.3
75.2
73.4
72.5
74.5
75.8
74.4
75.1
74.6
74.8
74.7
75.3
74.5
74.7
75.3
73.3
73.3
74.5
73.6
73.5
74.7
74.4
74.3
75.1
74.9
74.8
73.9
74.4
75.7
77.8
76.6
74.7
75.1
73.9
75.3
75.0
74.6
74.7
74.1
75.2
76.4
76.3
76.5
76.0
75.9
77.7
76.6
74.7
74.2
74.7
74.0
74.5
75.6
76.2
76.6
73.3
74.3
75.6
77.4
76.2
75.5
75.1
75.4
74.7
73.8
73.6
75.4
75.1
75.2
75.7
75.2
76.8
75.2
76.6
77.9
79.1
77.4
77.2
75.0
76.2
78.6
78.0
76.7
76.7
77.1
77.8
79.8
77.8
76.0
76.8
77.7
76.9
77.1
76.7
75.7
76.2
77.3
75.5
75.5
75.3
75.8
78.2
78.7
75.7
77.8
77.5
78.2
74.6
76.1
78.5
78.2
75.6
75.0
77.4
76.9
76.2
76.7
77.3
75.4
77.1
78.4
78.1
78.1
79.0
78.5
78.5
77.4
77.9
77.8
76.3
75.5
77.2
78.0
77.1
77.1
76.9
77.8
77.4
77.8
77.8
76.1
78.1
75.5
78.2
78.6
77.4
77.7
79.8
78.1
78.5
77.6
76.0
75.7
78.7
77.7
77.5
76.3
77.0
79.5
77.8
77.2
78.8
81.1
79.0
78.8
78.2
79.1
80.2
79.7
80.1
80.6
80.5
79.9
80.3
80.6
80.8
79.7
80.6
81.6
80.2
81.8
82.1
80.5
81.9
83.2
81.8
82.0
81.0
