value
57.1
57.5
59.1
59.1
59.7
59.2
58.5
60.5
61.7
60.9
56.8
58.7
57.2
58.6
58.2
58.4
58.1
58.2
56.6
58.1
59.2
58.0
56.8
58.0
57.3
59.1
58.7
57.8
59.0
59.3
58.0
59.7
58.1
57.5
54.6
53.8
57.3
57.9
56.7
53.8
55.3
56.6
53.2
54.7
53.9
57.6
55.9
55.9
56.7
57.0
-99
-99
-99
-99
62.8
-99
-99
-99
64.1
-99
-99
-99
-99
-99
-99
-99
-99
-99
64.1
-99
-99
-99
-99
-99
61.9
-99
-99
-99
63.6
-99
-99
-99
-99
65.2
60.4
64.4
-99
-99
66.0
-99
-99
-99
61.2
60.9
-99
-99
-99
-99
-99
-99
-99
-99
-99
-99
-99
-99
-99
-99
-99
60.4
-99
56.2
-99
65.9
-99
-99
-99
-99
-99
-99
-99
-99
-99
62.3
-99
-99
-99
61.5
59.8
-99
-99
-99
-99
-99
-99
-99
-99
-99
-99
-99
-99
-99
-99
-99
-99
-99
-99
-99
-99
-99
-99
60.4
69.0
64.7
-99
-99
-99
-99
66.8
-99
-99
-99
-99
67.2
-99
-99
-99
-99
-99
-99
-99
-99
-99
-99
-99
-99
-99
-99
-99
-99
-99
60.9
56.8
58.8
-99
-99
-99
-99
65.5
-99
-99
-99
-99
67.5
-99
-99
-99
-99
62.1
-99
-99
-99
-99
-99
65.4
-99
-99
-99
62.4
-99
-99
-99
-99
63.0
-99
-99
56.8
63.5
62.2
-99
-99
62.6
62.2
61.5
-99
-99
-99
-99
60.1
-99
-99
-99
-99
-99
-99
-99
-99
-99
63.3
54.5
-99
-99
-99
59.5
-99
-99
-99
-99
59.5
-99
-99
-99
-99
58.6
-99
-99
-99
62.6
63.1
-99
-99
-99
-99
60.8
-99
-99
-99
67.6
64.0
-99
-99
-99
-99
-99
64.4
60.8
-99
-99
60.8
62.2
63.1
-99
60.4
56.5
-99
60.4
-99
-99
58.3
-99
-99
-99
-99
59.5
-99
-99
59.0
-99
62.2
-99
-99
-99
-99
-99
-99
-99
-99
-99
-99
-99
-99
59.0
-99
61.2
-99
-99
-99
-99
-99
-99
-99
-99
61.7
60.4
-99
-99
-99
-99
61.5
-99
-99
-99
-99
61.5
-99
-99
-99
61.2
59.5
-99
-99
-99
-99
60.5
-99
-99
60.3
-99
-99
-99
-99
59.0
-99
62.6
62.2
-99
59.6
-99
-99
62.6
-99
64.7
-99
64.8
63.1
