value
66.6
65.4
66.6
68.9
67.4
69.1
73.8
72.2
73.8
76.1
67.4
64.4
63.9
67.1
66.3
64.9
61.5
60.6
60.9
61.0
63.2
65.7
67.2
61.6
65.3
68.7
68.3
66.5
73.4
71.0
74.1
74.0
67.2
66.1
66.1
64.0
64.4
66.0
65.2
63.5
66.0
67.9
72.0
73.1
69.1
67.3
69.0
69.6
70.3
70.0
71.3
70.4
70.2
69.3
74.7
70.9
68.8
69.9
71.7
75.1
75.3
76.3
73.6
77.8
83.3
74.6
68.8
66.9
74.6
79.8
72.2
69.6
70.9
72.0
77.6
81.8
81.4
79.1
80.9
75.9
72.7
71.5
75.8
71.2
70.3
69.2
70.5
73.8
77.1
77.9
79.4
77.2
78.6
83.6
87.3
82.9
73.5
74.8
77.6
80.8
82.7
85.1
87.9
88.6
86.6
87.5
89.1
91.5
89.8
91.7
89.0
81.9
84.4
84.6
81.9
78.6
70.9
70.5
76.1
79.1
81.5
83.2
84.4
85.8
84.0
84.6
85.7
83.8
84.8
83.0
82.5
85.8
91.2
92.3
89.7
93.9
92.4
85.7
83.5
84.7
87.8
94.5
90.9
87.5
85.3
88.0
91.9
93.6
92.3
89.2
87.1
86.1
89.5
89.3
92.0
92.6
95.6
93.6
88.8
87.5
86.5
87.5
87.8
85.8
86.7
89.7
88.9
90.0
89.6
90.2
90.0
88.5
88.7
91.1
92.1
93.0
91.0
91.7
94.1
95.7
92.8
93.8
95.3
96.6
92.7
91.7
92.3
95.2
96.2
104.8
103.2
101.6
96.3
95.4
98.4
101.1
98.1
100.0
102.3
101.7
99.1
99.4
97.8
97.1
95.4
94.6
95.1
95.5
95.3
95.6
96.0
93.2
92.9
93.4
94.8
96.5
96.4
97.3
97.5
100.0
99.1
101.3
97.4
98.1
99.0
99.0
96.2
100.5
98.4
98.3
98.4
98.8
99.6
100.7
97.5
92.4
94.1
94.8
93.8
93.5
95.1
97.7
97.9
98.3
97.4
95.6
95.4
94.9
99.0
99.0
95.4
97.8
94.7
91.8
92.8
92.1
90.8
89.5
92.1
92.5
90.6
91.3
91.7
92.4
91.6
91.4
92.3
90.8
89.5
88.4
89.2
88.7
87.9
88.4
88.9
89.3
88.4
89.0
89.4
87.8
87.0
87.0
86.2
87.2
86.1
84.9
84.8
82.6
83.1
83.4
84.2
86.6
87.0
84.4
83.8
81.7
81.2
83.5
84.5
84.8
84.2
81.8
81.7
82.5
83.9
85.0
84.9
83.6
82.2
80.7
79.3
79.3
80.9
80.1
78.2
78.1
78.2
79.2
78.1
78.0
75.7
78.7
79.1
80.4
71.5
72.7
70.6
72.4
72.6
72.4
74.1
74.0
74.2
73.6
75.0
75.5
73.8
71.9
72.5
74.6
74.1
76.4
74.4
73.5
70.8
70.7
74.7
73.9
71.8
70.2
70.0
70.7
70.5
70.0
69.9
68.9
66.3
64.8
63.9
64.5
65.3
64.6
64.5
65.0
65.2
