value
68.7
69.6
69.8
70.7
69.5
71.5
74.9
74.6
74.3
76.9
69.9
66.8
66.4
69.4
68.2
67.3
63.9
64.1
64.5
64.6
66.3
67.7
67.6
67.0
68.3
70.9
71.4
70.8
74.3
73.1
74.8
75.6
68.8
68.6
68.3
67.3
68.1
68.6
68.0
67.7
68.8
70.2
74.0
74.5
70.3
70.4
71.8
71.6
72.6
72.2
73.7
72.6
70.7
74.2
76.4
72.1
70.4
71.2
73.3
76.9
76.4
77.2
76.4
78.4
83.0
77.0
70.5
68.5
75.5
79.6
73.5
71.5
73.0
75.1
78.6
82.6
81.6
81.1
83.0
78.1
74.7
73.3
77.2
74.3
71.7
71.3
73.0
75.6
77.6
77.3
78.5
77.6
78.1
83.9
87.6
85.4
72.2
74.2
77.2
81.7
84.5
86.5
87.8
89.2
88.3
89.1
91.4
91.5
90.3
92.5
89.8
82.4
85.5
86.0
82.3
79.5
74.5
76.9
79.3
80.2
83.6
83.6
84.7
85.9
84.4
85.1
84.1
84.7
86.1
82.4
83.4
87.0
91.5
94.1
91.6
93.8
93.5
86.1
83.3
84.0
85.8
92.8
91.2
85.1
87.3
93.8
95.8
94.7
92.8
89.2
86.8
86.6
90.9
92.7
94.2
95.4
98.1
94.4
88.5
88.5
88.0
87.8
86.8
87.9
88.0
91.1
91.3
92.7
91.8
89.9
90.8
91.8
91.9
93.1
94.0
98.7
92.9
90.7
92.9
97.6
94.3
96.2
98.9
98.5
93.3
92.7
94.7
98.4
101.3
107.5
102.6
101.6
98.3
98.2
98.7
99.9
99.1
101.4
100.6
100.4
99.8
101.7
99.9
97.7
95.7
94.8
94.9
96.7
96.2
95.2
94.4
92.6
93.4
95.5
96.3
95.2
93.1
95.5
100.3
97.4
97.1
100.0
99.6
98.2
100.1
98.9
97.2
100.6
99.5
99.0
99.6
99.6
100.1
101.5
98.9
94.4
97.2
95.3
93.3
94.3
96.4
96.1
97.5
97.7
97.2
95.7
95.1
95.8
98.3
98.4
96.6
96.7
94.3
92.6
92.0
92.8
91.3
91.4
91.9
91.9
93.2
94.5
93.6
92.3
92.4
91.5
92.1
91.0
89.7
88.7
90.6
91.0
90.1
90.5
91.2
90.6
89.3
90.4
89.7
88.1
88.6
87.8
87.9
88.2
87.3
87.9
87.3
85.1
85.8
86.7
87.9
88.6
87.8
85.8
84.7
83.0
85.1
86.7
87.1
86.9
86.4
84.3
84.7
84.6
87.6
86.5
86.2
84.0
83.0
82.3
81.8
81.6
82.6
81.9
80.4
80.0
80.3
81.5
79.4
78.8
76.4
78.8
80.2
80.0
73.9
71.9
73.0
74.5
74.3
73.9
75.4
75.8
77.2
77.6
76.6
76.0
74.2
75.3
78.2
77.6
76.1
78.3
75.3
75.8
73.2
73.0
77.1
76.8
74.8
72.8
71.8
72.8
74.2
71.6
72.0
68.8
64.6
66.5
66.6
66.9
67.0
66.9
66.6
67.6
67.4
