value
62.5
59.6
58.6
58.7
59.3
64.1
62.4
61.2
61.9
63.3
62.2
60.8
59.6
59.7
60.4
61.3
61.1
64.9
64.1
62.9
63.2
61.6
62.8
63.7
60.2
64.4
65.9
63.3
69.6
66.3
67.2
65.6
66.3
59.8
64.1
64.9
65.0
63.8
62.1
64.0
60.9
65.5
61.5
63.7
67.6
62.8
62.1
67.3
65.3
65.3
71.0
66.4
68.3
65.6
63.3
65.3
64.8
65.1
68.6
69.0
71.0
69.5
67.2
67.2
67.6
67.8
68.7
69.5
70.1
69.7
69.3
65.7
67.0
67.6
68.4
67.1
63.9
63.1
65.1
63.6
62.1
62.9
66.1
63.8
63.5
63.9
67.1
65.8
68.6
67.2
66.8
66.1
66.5
66.7
64.0
64.9
64.9
66.4
67.9
66.6
65.1
65.8
67.5
66.4
67.7
67.5
63.5
61.8
68.5
66.5
64.4
67.4
67.8
68.5
64.3
67.3
64.6
69.9
66.5
65.6
65.0
65.9
60.1
64.2
62.8
61.4
60.8
63.3
62.4
67.0
67.5
63.8
65.8
64.2
65.8
66.9
67.9
71.0
67.7
68.7
64.4
66.3
65.3
65.6
-99
-99
67.9
68.2
70.7
69.4
65.5
-99
-99
62.4
66.4
63.7
61.3
64.9
65.9
64.8
62.5
62.5
-99
63.4
58.5
59.9
65.3
62.0
61.0
60.6
62.2
62.2
63.8
61.1
60.5
60.1
63.9
62.6
65.9
66.0
61.0
62.0
60.7
61.0
60.6
58.0
57.3
59.2
60.8
58.2
60.9
60.7
62.2
61.2
60.7
63.2
61.3
61.3
58.4
59.7
62.0
61.2
58.6
61.0
59.2
59.9
60.7
59.2
60.7
57.9
58.8
59.5
58.8
58.3
58.8
59.3
56.8
57.1
56.3
61.1
61.2
60.7
61.9
60.3
57.5
59.5
61.3
60.9
63.0
59.7
60.7
59.7
59.2
61.2
60.9
58.0
59.3
61.0
60.0
59.1
58.7
61.4
59.1
62.7
63.5
58.3
57.8
58.7
57.4
63.2
63.6
61.5
63.1
63.0
66.0
61.4
60.7
62.4
59.3
61.2
63.8
62.4
61.8
64.7
60.8
62.4
61.0
63.1
65.6
65.9
65.1
64.2
61.4
59.3
61.7
62.9
60.3
60.6
58.5
58.8
61.6
63.3
63.9
62.4
63.1
63.8
65.2
64.6
64.8
65.2
63.7
62.8
62.0
64.5
63.5
62.5
63.3
62.0
63.6
61.3
63.3
64.5
63.5
61.4
62.0
62.7
60.2
63.2
62.0
61.2
61.8
64.0
62.8
64.8
61.3
59.7
59.8
62.8
61.8
63.0
62.9
64.7
66.3
61.2
63.8
63.0
63.9
63.4
62.2
60.1
60.2
58.6
59.2
62.4
60.2
56.3
58.9
64.2
60.1
59.3
56.9
59.3
58.5
59.9
62.8
63.3
62.3
61.2
58.5
59.7
59.1
60.4
60.3
59.5
55.0
60.6
63.4
60.5
59.7
58.5
59.1
63.2
64.5
64.6
65.3
