value
36.8
34.7
32.0
33.0
25.6
21.8
20.9
29.9
29.6
23.7
17.9
7.6
17.7
23.4
18.3
20.4
12.1
-4.0
-3.1
16.3
15.4
20.5
21.1
11.3
14.4
24.5
22.3
24.7
32.2
31.1
33.8
29.2
27.8
24.2
24.3
26.8
27.8
27.3
25.3
29.2
31.8
31.2
29.3
32.0
30.8
25.6
25.0
30.2
29.0
23.6
21.9
17.4
25.7
27.8
22.4
20.9
26.8
35.2
37.1
29.3
15.1
16.2
11.7
28.3
32.2
21.6
17.1
14.2
8.1
15.9
17.7
17.8
9.7
12.6
17.7
13.0
12.7
17.0
23.1
18.0
13.7
22.3
25.8
28.0
26.8
24.3
29.0
25.3
26.4
25.1
27.4
31.7
31.6
30.8
32.8
30.0
29.0
28.0
28.3
30.4
33.8
37.9
36.9
36.2
38.5
40.3
40.9
43.0
40.9
41.6
41.3
41.6
44.0
44.1
44.8
37.9
39.2
40.1
44.1
42.8
45.3
42.9
45.5
47.3
45.3
47.1
53.5
56.3
58.0
58.3
56.5
53.9
52.4
53.5
49.6
57.2
62.2
61.2
66.9
61.3
63.0
53.4
50.3
55.5
60.6
60.0
61.8
65.4
66.9
62.3
65.1
68.4
71.3
71.9
69.6
71.9
67.6
63.7
64.0
61.8
58.9
56.6
54.1
59.2
57.1
58.7
54.6
56.7
60.3
60.2
58.8
67.0
66.3
65.4
68.2
72.4
76.9
69.6
64.3
62.5
64.3
64.6
61.8
64.9
66.2
70.7
67.0
68.3
65.1
62.8
61.7
63.0
63.7
66.1
67.4
63.8
60.1
62.7
59.5
56.2
60.7
59.1
58.7
65.8
62.9
67.5
66.7
68.9
67.4
68.6
68.8
65.0
61.4
64.9
69.0
69.1
67.0
66.9
70.2
72.6
66.5
65.1
64.3
60.3
58.7
55.9
61.1
61.8
61.0
66.7
63.6
61.8
61.9
60.1
56.7
55.7
59.2
61.3
60.8
60.9
59.0
58.3
59.4
58.9
52.7
55.6
57.0
58.2
56.0
56.0
61.2
60.4
57.4
60.6
59.3
56.5
55.8
55.4
57.8
58.0
58.3
59.8
56.8
54.3
49.3
48.6
43.6
37.8
38.9
44.3
44.4
42.5
37.7
38.5
38.4
45.6
45.4
49.7
51.9
52.1
52.5
53.8
53.5
46.7
44.0
45.8
39.5
46.7
33.8
37.2
35.7
34.3
31.4
30.0
32.7
46.2
50.3
45.5
44.8
51.0
50.7
48.8
42.4
40.3
46.8
44.4
39.5
44.1
43.6
39.0
39.4
41.2
43.3
41.8
33.6
41.1
41.3
35.5
40.2
44.3
41.9
37.1
41.5
39.8
40.8
41.5
33.0
32.1
27.7
26.9
39.3
37.9
26.8
26.1
33.4
27.9
37.3
27.1
32.9
33.2
29.5
23.7
16.3
24.5
35.0
38.5
34.7
22.9
33.4
39.5
39.3
33.5
35.0
37.3
39.0
41.7
38.7
38.3
40.6
39.1
39.3
41.2
41.0
37.5
38.6
