value
55.9
61.9
57.7
49.7
49.2
54.2
52.0
58.9
64.0
66.3
66.7
67.7
67.3
60.7
67.7
71.0
62.5
48.4
50.9
59.8
54.8
51.6
45.3
53.6
59.3
60.4
61.5
62.8
65.9
72.4
58.0
46.1
46.1
48.4
48.8
53.7
60.2
63.6
61.4
54.2
46.3
69.3
67.3
70.7
55.5
49.2
46.6
40.1
40.3
55.0
55.9
52.6
65.8
69.9
66.3
59.8
68.0
59.8
57.1
51.5
45.2
40.0
42.0
56.0
55.5
47.1
49.3
50.5
57.1
64.5
64.6
57.5
50.7
50.5
60.4
63.0
67.8
67.2
56.7
51.6
52.2
58.2
68.3
61.2
47.7
45.2
49.3
54.4
58.7
65.0
68.6
64.4
62.0
68.2
59.0
56.0
62.7
65.5
68.4
66.2
73.8
77.5
71.4
62.5
64.3
70.5
68.3
71.6
77.0
57.8
59.0
62.6
61.5
64.1
71.0
70.4
68.3
70.5
72.5
68.7
68.6
68.4
68.1
67.0
67.6
63.3
57.1
67.7
70.8
73.6
74.8
72.7
69.3
63.3
67.7
72.2
73.8
75.6
75.6
74.2
73.4
73.0
76.7
77.4
71.9
69.7
64.9
73.1
75.6
78.8
77.2
78.0
78.3
79.6
76.7
76.8
74.2
77.2
80.0
78.5
80.1
81.5
83.1
83.9
81.5
78.9
78.4
81.7
81.4
82.4
78.5
76.8
76.9
73.0
80.7
80.6
77.9
80.6
79.2
79.3
79.0
77.5
76.5
77.5
80.6
79.0
81.6
80.8
79.9
80.9
79.9
81.7
77.5
77.2
76.7
77.8
80.4
80.2
79.6
78.3
76.7
77.7
77.3
78.7
78.4
78.9
81.4
78.5
76.8
80.2
81.3
78.6
76.7
79.5
80.2
82.5
83.2
82.2
82.0
82.4
82.4
81.0
83.5
83.5
83.4
83.5
80.0
77.4
79.8
80.3
82.3
80.4
80.0
78.2
76.7
77.2
77.7
77.3
78.8
78.2
80.8
81.7
78.2
79.4
80.1
80.5
82.3
79.7
79.9
78.0
77.6
77.9
78.6
79.1
78.4
79.8
79.7
80.8
80.1
77.7
76.7
75.5
76.1
75.5
76.6
75.1
75.7
76.1
74.6
71.6
72.9
72.3
70.7
72.5
70.3
72.6
75.3
75.2
76.4
78.2
72.9
64.4
69.0
70.5
70.4
70.5
69.6
68.7
70.5
73.0
77.0
77.5
70.8
71.7
72.1
68.2
57.3
58.9
57.2
57.3
61.1
64.4
65.9
70.1
74.5
70.3
58.5
59.2
63.5
68.4
67.8
60.8
58.3
63.7
61.8
65.7
52.0
48.7
59.7
65.1
69.8
70.8
64.0
62.2
64.2
68.3
67.2
58.9
52.0
66.6
61.2
40.9
48.7
54.1
56.9
58.1
57.3
64.4
67.8
72.0
70.5
64.8
68.1
70.3
55.1
56.0
49.8
60.7
63.6
47.1
47.7
49.3
49.3
57.3
67.4
73.7
73.0
57.9
44.9
51.0
52.3
58.9
69.3
56.4
55.3
