value
72.9
72.1
74.5
73.9
74.5
75.6
73.9
75.6
78.0
76.9
76.3
76.0
75.5
74.0
74.2
73.0
73.1
61.5
66.9
71.5
73.7
69.8
69.0
67.0
68.3
68.8
72.2
74.8
75.5
74.6
71.0
64.9
65.9
67.6
64.8
67.6
72.1
73.7
74.5
71.9
72.2
73.8
74.6
75.8
76.6
67.6
67.5
55.3
57.4
70.1
72.5
75.0
75.8
77.0
77.3
77.8
78.7
74.9
67.1
65.3
60.0
57.0
55.5
63.0
68.6
60.1
65.0
66.8
70.0
72.2
74.2
69.8
65.3
63.6
66.5
68.9
73.0
73.7
73.1
70.1
70.3
77.1
80.0
77.9
66.6
58.3
63.6
67.5
68.7
72.0
74.3
74.2
76.3
77.2
70.4
68.7
73.7
74.4
76.0
77.9
78.9
81.4
79.5
80.6
79.0
79.9
80.5
80.5
81.4
81.3
77.5
76.8
75.5
77.5
77.5
76.5
77.3
78.2
77.7
76.3
77.0
74.9
73.7
77.5
75.3
74.9
72.0
75.1
78.2
79.6
79.8
78.8
79.9
78.6
76.9
76.6
78.5
80.2
80.2
79.6
76.6
78.4
81.7
81.8
80.9
79.8
77.7
78.8
77.0
79.2
78.9
78.8
80.1
79.4
79.0
81.4
81.9
79.7
80.5
82.9
83.4
82.9
80.4
80.7
82.7
83.3
83.8
84.7
84.2
84.2
83.1
84.3
83.7
80.3
83.3
83.6
83.4
81.8
82.5
81.5
81.7
82.4
81.2
82.1
83.3
81.8
84.0
82.8
84.0
81.7
81.1
82.9
81.3
80.6
79.2
78.7
79.0
76.2
76.7
79.9
82.8
82.9
83.6
82.9
84.6
84.5
85.0
80.9
82.0
84.8
84.2
84.9
84.7
82.7
81.4
82.3
83.9
83.4
84.1
85.1
81.8
84.1
85.4
85.0
84.8
84.6
81.4
84.4
85.9
85.4
83.9
84.5
83.2
84.9
84.5
84.9
83.7
81.1
79.7
79.2
82.6
83.0
81.4
81.9
81.8
80.8
83.5
84.9
85.5
82.9
81.2
82.9
82.7
82.0
80.3
83.2
83.8
81.2
79.3
79.5
81.3
81.4
81.2
80.5
83.0
81.9
84.0
82.1
83.4
82.9
81.5
79.5
81.5
83.2
80.4
78.8
81.5
81.6
81.8
81.3
81.7
80.2
80.9
80.6
79.5
79.3
79.5
80.0
79.9
80.8
81.1
81.8
80.1
82.2
81.1
81.2
76.7
76.9
76.8
75.9
77.5
77.9
79.7
79.8
80.2
80.0
76.1
77.2
79.1
80.5
76.3
77.4
77.5
78.3
78.2
78.6
74.8
73.7
75.8
78.4
79.2
77.9
77.8
76.7
78.1
76.5
77.1
76.3
73.7
77.0
75.3
63.1
68.8
70.7
71.4
69.7
70.5
74.9
75.7
77.8
76.3
77.1
78.5
77.9
77.8
75.9
72.4
76.8
78.6
71.7
68.6
69.7
69.4
76.2
78.4
78.9
78.8
75.8
72.4
72.2
73.8
75.6
77.4
74.8
72.9
