value
56.4
64.5
54.8
47.2
49.1
51.4
51.5
58.6
67.0
71.5
69.4
63.5
66.3
63.6
64.4
68.9
62.1
49.5
55.3
58.8
52.7
51.4
44.7
53.7
58.5
60.3
63.7
64.5
66.7
70.0
53.3
44.1
44.6
51.0
47.4
55.8
62.0
63.7
60.3
57.2
50.1
68.8
64.6
71.9
50.6
46.7
48.1
39.8
41.4
50.7
51.0
51.3
63.6
69.9
65.1
59.6
66.6
58.1
52.1
50.0
42.8
43.4
43.0
55.2
53.7
51.3
50.6
56.4
62.2
60.9
58.6
55.1
51.9
51.7
58.6
60.5
66.8
66.7
63.6
54.2
55.6
61.5
72.2
58.0
48.4
46.8
49.4
55.9
57.6
65.4
69.5
66.7
62.1
69.0
59.6
57.9
65.9
67.3
68.4
71.1
69.5
75.0
67.2
64.6
60.2
76.3
76.0
74.5
70.9
57.6
60.3
65.9
67.3
68.7
70.1
70.9
71.5
72.6
68.3
70.0
70.6
70.6
68.8
66.8
60.4
60.0
60.4
67.6
70.7
71.5
71.1
73.3
69.6
64.8
70.0
71.2
73.4
73.5
76.3
79.5
80.0
78.3
80.6
80.7
75.6
73.9
68.7
77.4
80.8
79.1
80.1
80.1
82.0
81.3
78.5
78.4
73.6
78.3
80.7
79.4
79.9
81.3
83.3
86.5
86.3
84.6
81.9
82.4
82.7
83.9
79.9
79.6
77.9
77.0
80.3
81.7
81.2
83.3
83.2
75.6
78.6
77.6
78.3
75.7
74.5
78.1
76.4
79.2
80.0
81.6
79.0
77.5
77.0
74.6
79.8
80.0
82.1
82.8
82.8
79.2
76.7
78.7
77.1
77.7
77.6
77.7
82.6
78.0
79.0
81.2
82.8
80.3
79.6
82.8
81.8
84.5
84.0
86.2
82.9
81.2
81.7
82.1
82.7
84.0
82.6
81.4
79.6
78.9
75.4
76.4
79.0
79.3
79.5
76.1
77.7
77.5
79.9
80.1
80.9
81.8
81.9
83.8
79.3
81.9
80.2
79.7
80.7
80.7
83.1
80.7
79.8
79.8
81.7
82.2
80.8
81.2
80.5
82.1
80.6
81.7
79.0
79.3
79.5
76.7
75.9
77.0
78.9
78.0
76.5
73.4
74.4
75.1
73.4
75.8
78.0
76.5
78.8
78.7
76.0
78.8
75.0
70.1
69.8
71.0
70.5
71.8
72.7
72.7
74.8
73.4
74.2
73.3
67.3
72.9
71.1
67.9
59.9
58.2
55.3
56.6
64.2
65.0
67.2
70.4
74.0
69.9
61.8
61.4
65.7
69.9
68.0
59.4
61.0
66.3
61.6
60.2
50.7
50.8
60.1
64.0
71.2
72.5
63.5
61.2
65.0
69.8
67.7
57.7
51.0
64.4
54.0
40.3
46.0
53.6
56.3
57.9
57.2
68.5
71.2
68.7
72.1
70.0
70.7
69.5
52.9
54.6
46.7
60.5
58.4
46.1
47.0
48.6
45.8
53.3
66.7
72.6
67.1
50.8
44.6
50.4
54.4
58.2
67.0
53.7
54.6
