value
64.4
68.4
66.9
58.7
61.7
67.9
63.9
68.7
75.8
76.1
74.3
73.9
72.6
70.6
70.3
71.9
66.5
53.1
62.5
66.9
67.4
60.6
57.8
58.2
60.4
62.7
64.8
70.6
71.4
72.5
61.5
53.7
55.7
56.3
56.1
58.7
66.5
69.4
68.3
62.4
62.9
70.3
70.3
72.5
63.1
59.2
58.4
49.5
50.4
64.2
66.5
67.0
71.9
72.8
71.5
73.1
72.8
67.1
62.6
55.3
54.1
48.7
50.9
57.0
60.8
52.8
56.2
61.8
67.1
68.4
66.3
60.9
57.8
56.4
60.9
64.2
68.8
70.1
68.1
60.3
59.1
69.6
73.3
65.9
55.7
50.0
54.6
60.4
63.5
67.7
71.7
71.5
73.6
71.4
69.1
64.7
69.7
74.6
75.0
75.9
78.3
76.9
75.9
76.0
70.3
80.4
78.9
78.9
79.6
72.2
68.9
72.4
73.4
73.9
75.1
76.7
77.6
77.7
77.7
77.2
72.8
70.9
75.0
73.7
71.0
70.4
63.7
72.0
73.8
77.1
79.6
78.1
76.5
72.2
75.3
76.6
78.2
79.6
79.7
80.3
76.5
77.0
79.7
82.2
82.0
78.4
75.2
79.8
79.3
80.9
81.0
80.7
78.5
80.8
79.1
79.8
77.3
80.3
80.8
79.1
82.1
81.1
83.5
83.8
83.0
81.6
80.8
83.7
84.7
83.7
84.0
81.2
77.9
73.4
79.8
80.3
80.5
80.1
84.2
81.5
81.0
77.3
78.3
78.4
78.6
77.9
82.2
83.5
84.1
82.7
82.6
79.5
80.8
79.1
79.0
79.5
80.3
78.5
77.9
77.4
78.8
81.1
84.1
82.2
83.4
83.5
81.9
81.4
82.0
82.6
83.8
82.3
81.7
81.6
84.0
85.2
86.2
83.9
82.8
82.5
81.4
81.6
85.5
85.3
85.3
84.5
82.8
84.4
82.9
82.0
81.0
80.7
80.9
81.2
80.4
81.2
80.3
80.6
81.3
81.7
82.8
83.2
82.1
83.0
83.2
83.6
84.0
81.3
82.7
79.4
81.8
83.8
83.7
83.6
82.1
78.1
82.5
81.5
79.8
80.6
80.5
79.8
80.3
80.6
81.8
79.8
77.2
76.3
81.8
77.0
78.3
78.8
79.2
81.5
80.9
81.4
81.6
81.3
80.5
79.6
81.6
75.8
74.6
76.8
76.8
76.5
76.4
73.5
75.4
77.0
79.2
80.2
78.6
78.6
78.6
75.3
67.6
68.5
68.0
67.2
69.8
73.0
75.4
76.1
77.5
73.6
67.4
68.1
73.3
76.3
72.5
71.7
71.4
73.4
73.0
71.5
64.1
60.8
67.0
71.0
73.3
74.7
74.1
70.8
74.8
75.0
72.8
67.2
64.9
71.6
68.1
49.6
58.6
63.2
65.5
63.1
68.6
72.1
72.8
74.1
74.9
73.9
74.7
73.4
71.3
66.1
60.8
70.6
69.9
58.4
56.0
58.6
60.3
69.3
74.6
74.5
74.0
67.2
58.9
66.1
65.0
69.2
71.9
62.6
63.1
