value
72.4
70.8
73.0
72.2
70.7
72.4
72.6
75.1
77.7
77.0
75.8
76.2
75.6
74.3
75.1
72.5
74.4
61.7
70.8
69.5
73.0
68.5
68.2
65.7
65.0
66.9
68.5
74.7
74.5
74.4
68.1
60.7
62.0
62.9
60.2
64.8
68.9
73.6
73.5
70.8
71.2
73.1
72.8
76.0
71.8
66.7
65.6
53.3
54.9
69.7
70.0
70.8
75.2
76.5
76.1
76.0
78.7
72.4
63.5
62.3
58.3
53.2
52.5
60.1
65.8
57.7
60.8
63.0
70.0
71.5
73.7
67.4
61.2
60.4
63.3
67.1
72.7
71.5
72.1
67.5
65.1
76.9
79.8
74.3
61.1
55.7
58.6
63.0
66.9
70.2
76.3
73.4
76.4
76.2
70.1
67.9
73.4
72.5
75.7
77.1
77.9
79.8
78.2
78.5
77.2
76.5
77.7
78.6
80.5
78.0
76.1
75.8
74.7
76.3
76.4
75.9
76.9
77.0
77.5
75.3
74.1
72.5
74.3
73.8
73.1
69.8
68.4
72.4
75.6
79.6
79.7
76.9
75.9
76.0
76.2
75.9
76.4
78.0
78.8
76.6
74.5
76.1
78.0
80.4
79.3
77.8
76.1
78.8
76.2
77.0
77.3
76.8
77.0
76.9
75.6
78.3
77.4
74.8
73.6
77.2
78.3
79.3
79.7
78.1
78.6
78.5
80.1
82.0
84.5
84.3
84.0
84.6
84.8
83.3
84.9
84.8
84.0
82.4
83.7
81.0
81.5
82.6
84.0
83.5
84.6
84.2
84.9
85.1
84.9
82.8
80.8
83.9
82.2
78.7
79.7
79.8
80.1
80.9
79.3
79.5
83.0
82.9
83.9
85.0
85.5
85.1
85.1
81.3
81.0
83.2
85.5
86.5
85.8
82.9
80.2
82.0
82.3
82.5
84.8
86.8
85.5
85.8
86.4
86.2
86.6
85.6
84.2
85.5
86.8
86.7
86.8
86.6
84.8
86.4
85.9
85.8
83.8
84.6
79.6
83.5
82.9
85.5
84.7
81.9
81.6
81.1
85.4
85.7
85.5
80.4
79.7
81.7
81.8
80.6
80.5
80.2
83.1
82.7
80.6
78.6
79.6
80.2
81.7
81.5
82.2
82.0
80.6
80.2
80.8
80.9
81.0
82.0
81.6
83.6
83.8
83.4
83.3
81.5
82.2
80.1
81.3
78.4
79.8
79.1
79.0
80.2
78.4
78.8
79.7
80.7
80.8
82.7
81.1
82.4
83.3
81.3
77.1
76.7
77.0
74.3
74.9
78.7
80.6
80.9
82.1
80.3
75.4
78.2
80.0
80.9
75.3
76.3
77.9
79.9
79.0
78.7
74.0
72.9
76.5
78.4
80.2
78.0
77.7
75.7
76.9
79.0
79.2
74.3
73.2
77.7
75.1
61.0
70.7
71.4
71.2
68.6
68.3
73.4
73.4
78.3
73.4
78.0
79.2
78.1
76.1
73.0
73.8
77.4
76.8
69.8
66.6
66.3
66.9
76.1
78.9
79.2
79.4
73.1
73.1
74.9
77.4
77.4
78.2
73.7
72.5
