value
48.9
42.9
45.9
48.0
44.2
41.3
42.6
40.9
43.6
48.8
44.6
43.8
42.8
39.7
43.8
38.7
32.6
34.2
42.3
38.9
44.2
41.3
41.8
39.9
35.2
46.6
46.2
48.2
50.9
51.5
52.9
54.8
44.4
40.7
50.6
48.5
44.7
41.1
39.5
38.2
46.5
41.4
41.7
44.5
50.0
46.2
44.8
42.8
46.6
47.8
46.2
40.0
32.9
30.5
33.9
35.6
34.8
36.7
41.1
41.0
36.7
41.6
50.9
57.1
54.9
57.4
57.2
53.5
53.0
49.5
42.6
36.3
39.6
39.6
45.2
46.8
44.5
47.1
48.3
52.6
56.3
52.8
54.0
50.6
50.4
48.4
48.0
53.5
53.4
47.4
49.0
50.4
49.8
44.0
43.1
43.0
47.0
49.7
52.6
57.5
55.2
53.2
61.0
69.2
62.4
61.1
66.1
56.2
53.8
51.2
51.1
51.2
54.2
62.5
66.1
56.2
47.3
48.1
51.6
54.5
53.6
54.5
55.8
57.0
60.9
64.0
62.3
63.3
55.3
53.6
54.9
54.1
53.2
56.4
53.7
50.8
52.0
51.6
54.0
52.1
54.2
58.3
54.4
50.3
52.0
55.3
58.6
53.9
51.6
54.7
57.3
60.4
62.3
61.6
62.5
67.6
69.7
69.5
59.9
60.5
61.4
65.0
72.1
60.0
64.0
63.1
71.0
65.6
59.6
61.4
58.5
59.1
61.5
59.6
59.0
60.7
63.4
63.0
64.2
61.8
67.8
70.7
68.0
63.4
66.9
73.6
74.1
77.8
79.7
80.5
80.8
79.2
77.1
77.2
75.7
78.1
78.5
76.4
72.9
76.3
80.6
82.6
80.0
75.8
75.4
79.4
75.0
71.6
72.0
68.3
72.6
78.8
83.4
76.7
71.4
72.3
71.2
66.4
62.8
65.5
67.3
69.5
70.7
71.0
68.5
69.0
71.5
71.3
69.7
70.4
70.0
69.9
74.0
73.9
71.8
67.0
62.8
67.0
67.2
65.5
68.4
67.6
67.8
69.4
67.5
70.6
74.0
74.5
65.8
61.0
60.6
61.6
62.4
60.4
59.8
65.5
64.2
58.4
59.7
60.5
64.0
60.6
63.5
61.2
64.8
68.0
68.0
70.8
73.8
73.3
67.6
64.1
64.9
67.3
71.8
70.4
64.4
62.6
60.7
60.5
58.8
61.5
56.2
48.6
52.5
55.5
60.1
61.9
63.7
56.4
63.8
64.3
64.6
64.8
65.0
63.0
62.4
65.1
63.5
62.2
59.1
53.7
49.6
47.8
53.3
60.9
55.6
55.8
59.7
62.6
61.6
56.7
50.9
57.4
51.8
58.4
54.0
48.1
44.3
43.2
41.5
43.5
42.5
40.5
45.1
40.2
42.0
43.9
43.5
39.3
37.4
33.7
40.9
44.7
40.5
39.0
35.0
38.6
34.2
42.9
39.0
35.3
36.4
38.9
45.5
43.9
40.8
43.7
44.8
47.4
47.5
50.2
48.6
43.7
38.3
46.8
49.8
52.0
45.5
44.9
53.7
47.4
45.3
41.8
45.4
