value
45.4
42.3
49.1
49.3
47.8
45.8
45.0
41.1
41.0
44.7
41.4
39.3
37.2
30.6
34.1
27.2
23.6
25.9
29.4
28.5
34.0
33.5
35.5
31.7
26.7
32.4
41.6
43.7
51.9
53.7
47.7
47.3
38.9
37.7
48.1
41.3
40.2
38.2
36.0
32.4
33.3
42.0
35.5
32.0
35.5
43.4
38.8
35.5
35.2
37.1
37.3
31.8
29.8
27.5
31.2
33.3
35.8
36.8
35.5
36.9
36.1
36.8
42.0
49.8
52.2
51.5
50.8
51.6
42.1
34.2
27.3
28.7
33.9
36.1
41.7
42.9
39.5
42.9
42.7
41.6
46.7
45.8
40.3
40.2
38.3
38.7
38.4
35.5
36.2
35.1
38.9
40.7
40.5
41.5
42.0
41.1
41.9
44.9
47.6
50.3
54.3
51.9
52.1
65.6
60.2
60.2
66.1
58.9
48.6
48.0
50.0
49.2
54.6
60.2
65.3
57.3
48.4
48.9
51.5
-99
54.7
56.4
54.8
53.3
59.1
55.5
60.4
61.0
56.8
53.9
56.4
53.8
57.1
54.7
54.7
51.9
51.7
52.8
53.3
51.6
52.1
53.4
47.9
43.2
50.2
52.9
54.7
54.3
52.9
53.7
56.7
60.1
56.9
54.1
55.8
63.2
67.6
71.5
67.7
56.1
58.7
62.6
66.2
61.3
59.3
61.7
64.8
66.2
74.6
68.8
68.0
62.9
62.4
59.3
56.8
56.7
59.8
60.7
58.9
62.7
64.2
65.4
67.4
62.3
62.6
66.3
68.9
74.0
73.0
73.3
69.0
61.7
63.7
63.8
70.2
75.2
77.2
74.8
75.4
76.3
75.4
78.6
80.7
76.1
73.4
76.5
75.8
75.7
70.4
68.9
68.8
72.9
81.0
81.7
72.2
70.9
73.3
69.7
64.8
65.4
67.0
63.9
64.0
65.1
62.1
63.5
68.2
72.1
70.9
70.3
65.0
63.7
66.8
69.6
71.5
66.6
56.6
62.9
66.1
66.1
64.6
64.8
66.3
60.4
63.0
65.8
72.1
75.5
65.0
62.0
62.4
58.6
58.1
57.1
58.6
60.9
59.3
58.6
55.0
55.0
59.6
56.3
61.3
58.6
63.1
64.4
62.7
63.8
63.9
63.1
63.9
63.5
60.3
60.3
63.1
64.8
66.0
61.2
59.3
59.6
59.6
58.7
50.0
48.9
47.2
48.6
53.6
52.9
49.6
56.3
52.4
57.5
60.0
61.7
63.8
63.7
57.6
62.0
63.6
59.9
59.2
51.2
47.5
48.8
50.1
56.9
50.9
50.6
46.5
56.9
58.2
53.7
47.4
45.4
42.6
48.0
45.1
41.8
45.1
38.0
40.2
41.0
41.4
37.8
37.5
39.0
42.1
41.5
42.6
42.0
41.1
39.6
46.0
44.4
42.7
42.6
35.7
41.0
44.1
43.5
44.1
44.1
36.4
34.5
32.8
31.4
34.4
43.6
43.6
43.8
43.5
48.9
45.1
42.0
42.8
44.2
50.1
48.8
45.6
43.8
48.3
46.6
42.6
40.3
44.9
