value
50.5
47.7
40.5
38.7
39.0
45.4
43.4
45.3
54.7
60.9
63.9
66.0
65.4
66.1
53.8
62.0
49.8
40.9
44.2
48.4
48.0
38.2
39.0
51.0
38.7
45.6
45.7
48.0
56.1
65.5
42.5
40.6
38.1
43.7
42.2
49.0
54.7
50.0
48.5
44.5
48.9
56.0
49.1
47.0
44.0
48.6
42.5
34.0
41.8
48.8
42.2
45.9
47.1
44.5
51.4
48.9
43.0
47.9
45.1
36.0
36.9
34.9
39.7
56.0
39.6
41.7
46.2
50.5
58.7
59.4
48.8
47.6
41.2
52.7
64.3
62.8
59.8
53.3
50.7
42.5
43.1
49.2
50.5
42.6
34.5
39.8
47.2
54.7
60.6
61.2
62.5
57.6
54.7
45.0
47.6
57.7
61.5
66.6
69.4
71.7
70.2
64.6
61.5
59.9
57.1
68.6
72.8
71.4
65.1
50.0
56.3
58.3
59.7
64.6
58.9
60.2
66.9
60.7
62.3
67.4
65.4
62.8
62.1
55.9
55.8
50.8
52.1
62.5
69.8
69.6
69.3
63.4
58.4
63.3
72.3
73.3
72.1
69.4
68.6
71.8
77.8
76.6
75.5
70.2
66.2
70.5
71.5
75.7
74.1
76.2
77.2
76.8
76.4
74.9
79.2
77.8
72.3
73.5
72.3
75.1
72.4
78.5
82.4
82.8
75.3
77.0
76.3
75.6
73.8
75.0
75.5
75.9
76.4
75.0
76.5
76.9
78.9
81.1
80.2
78.1
76.4
74.6
76.6
73.6
71.7
73.2
74.0
73.7
77.5
77.9
79.0
75.6
77.1
73.3
76.2
76.8
77.1
79.4
77.0
80.8
77.0
76.6
75.9
75.9
75.5
78.9
77.1
74.2
76.6
77.5
76.6
76.1
76.8
78.5
79.7
79.8
77.9
79.8
78.5
76.2
80.2
81.2
79.6
80.9
77.6
76.0
70.1
65.5
63.8
69.7
74.0
75.2
74.9
78.6
78.7
76.7
73.8
72.4
74.3
78.0
80.9
80.2
80.0
78.3
74.3
78.7
79.3
79.3
78.0
77.0
78.4
80.0
78.8
79.3
78.6
78.5
70.1
72.2
78.3
74.1
70.5
71.5
75.2
71.4
68.6
70.7
68.1
65.7
67.4
70.3
66.5
64.9
66.4
69.2
71.8
73.1
74.0
75.0
73.0
65.9
63.6
65.1
67.6
67.2
67.6
70.1
69.0
65.7
65.8
67.6
62.0
59.3
55.0
59.0
63.4
56.7
50.5
48.7
46.2
54.2
60.1
63.9
66.1
66.5
68.9
59.4
53.5
52.7
52.4
58.3
61.3
48.8
49.7
57.0
55.3
51.8
37.5
42.3
47.8
53.1
61.6
67.4
52.4
48.4
52.0
55.0
57.0
40.0
36.8
39.5
38.9
32.5
40.8
43.1
47.1
49.0
53.4
62.6
67.3
70.7
50.9
45.9
44.0
48.5
39.5
40.2
40.0
50.5
45.0
37.9
47.9
45.8
45.8
49.7
58.7
65.1
52.9
36.0
34.0
42.3
42.1
41.8
43.9
44.4
42.4
