value
57.8
57.3
45.7
43.5
44.6
48.7
46.0
49.9
58.7
64.4
68.3
67.5
68.0
68.8
67.9
66.5
51.2
45.9
46.9
51.8
49.9
45.5
43.4
56.1
51.7
57.1
51.8
56.7
64.2
68.2
46.9
44.8
42.4
51.5
47.6
53.3
60.5
55.4
52.9
49.9
50.0
60.9
53.0
51.8
45.8
48.7
47.7
38.6
43.6
52.2
48.2
51.0
54.4
48.8
55.0
52.9
52.8
50.0
49.8
40.0
40.6
39.4
43.0
58.3
44.1
45.7
52.7
55.9
62.5
62.5
52.7
52.4
47.8
54.9
63.3
62.8
66.3
62.0
56.2
49.4
48.0
54.4
58.4
48.4
40.7
44.9
52.4
56.5
64.3
67.8
67.9
64.1
59.4
51.1
51.6
58.0
64.1
68.7
72.3
72.6
71.8
68.2
63.6
59.7
59.9
72.5
75.1
73.4
66.0
53.6
59.0
63.7
65.2
67.6
67.5
66.2
69.7
72.9
67.0
69.7
68.7
66.9
66.9
59.3
56.6
55.4
57.1
65.2
71.5
70.8
71.4
70.3
63.4
65.5
73.6
75.3
75.4
73.1
75.1
78.3
80.2
80.1
80.1
76.7
71.7
74.5
72.7
78.4
77.9
79.6
79.9
79.9
80.6
76.3
81.2
79.6
74.0
74.5
75.0
76.2
74.3
79.5
85.4
86.5
81.0
80.2
80.0
81.1
76.8
76.3
78.9
80.0
79.8
76.2
79.2
79.6
81.5
83.2
79.3
77.9
78.2
76.1
78.9
76.1
73.1
74.5
75.5
76.3
77.3
80.5
80.4
75.9
79.0
75.4
78.1
79.0
80.0
84.2
80.9
83.3
79.1
78.3
78.0
77.4
76.0
80.7
82.2
78.0
79.6
82.0
81.7
79.1
79.7
83.3
82.8
84.1
83.0
83.0
81.7
80.0
82.8
82.3
82.9
85.3
82.6
77.0
72.9
69.2
68.4
74.1
78.0
78.8
76.8
78.3
80.0
77.8
78.1
75.7
77.4
79.1
83.2
84.0
82.7
82.6
80.0
82.9
80.8
82.7
81.4
81.6
81.0
82.8
81.4
81.3
80.7
82.0
76.3
76.0
82.3
77.2
75.9
75.5
76.8
74.8
72.9
70.6
70.0
72.8
72.0
71.8
69.7
68.8
69.3
72.4
73.4
74.5
75.7
77.0
75.7
71.7
68.7
67.8
70.3
71.7
71.2
72.5
70.2
69.3
68.5
70.1
69.1
64.8
60.5
62.3
67.8
62.5
56.5
54.7
50.6
56.5
64.9
67.7
68.3
69.2
70.2
63.1
57.9
56.3
57.5
63.3
61.8
53.6
53.6
61.6
60.4
56.7
42.0
44.2
55.0
66.3
66.3
71.8
56.0
51.8
55.9
60.3
61.6
45.3
41.6
47.1
42.3
35.7
40.7
44.7
51.3
53.2
56.4
64.1
69.4
71.2
57.2
51.8
57.7
54.1
43.8
45.1
40.7
54.1
48.6
41.4
45.6
48.4
45.4
50.4
64.0
68.7
55.5
40.6
37.1
46.2
43.9
43.8
46.8
44.0
47.0
