value
55.2
59.2
46.6
38.9
40.5
48.9
43.5
46.5
55.7
60.3
66.2
65.9
65.0
67.4
65.5
68.4
58.7
44.3
40.6
48.1
46.1
44.8
39.1
55.4
43.6
50.2
45.2
51.2
57.2
69.3
47.8
44.6
36.6
50.4
42.9
48.3
57.2
47.8
51.1
47.5
41.7
60.5
53.0
51.8
44.6
45.6
43.7
35.8
38.6
48.5
46.4
46.4
50.3
44.2
53.0
47.8
51.3
50.2
48.6
37.0
37.7
36.8
39.6
55.1
44.0
42.2
46.3
46.9
57.3
59.5
56.2
51.5
45.4
51.1
63.1
62.3
62.3
59.6
52.6
45.8
44.3
51.2
54.4
48.5
38.5
42.3
47.3
50.1
62.1
67.1
66.3
59.7
54.3
48.0
47.1
52.2
58.3
64.4
67.2
68.3
68.6
71.2
61.4
55.5
57.3
66.8
70.0
69.5
67.7
52.9
53.7
58.9
58.3
62.8
67.4
59.4
63.9
67.0
63.7
66.6
64.7
63.9
63.9
58.3
60.6
53.1
54.9
62.0
67.9
68.6
68.6
69.2
60.3
60.4
71.4
72.8
70.3
69.7
70.1
71.2
75.4
74.1
73.7
72.8
66.0
67.3
62.5
74.7
74.8
77.1
77.9
77.5
75.3
73.1
77.1
76.5
71.5
74.8
73.2
75.9
73.6
77.5
82.9
82.9
77.7
75.7
76.5
80.5
75.5
75.3
76.1
76.8
75.0
69.3
74.4
75.5
77.5
81.2
77.1
75.1
75.1
74.9
74.5
75.0
73.3
76.0
76.9
77.4
77.7
79.1
77.3
75.5
77.7
75.2
77.3
76.4
78.1
80.3
76.9
80.0
77.4
76.0
77.2
77.3
75.6
79.7
79.5
74.7
78.0
79.8
79.1
73.3
77.2
79.8
80.2
79.5
79.7
80.2
78.7
78.9
81.1
81.2
81.2
82.4
80.6
76.9
70.0
66.1
66.3
73.7
75.5
75.6
76.7
77.5
77.1
73.7
74.8
70.6
73.2
75.1
80.5
80.7
78.2
78.7
77.8
78.9
76.2
79.6
78.3
75.9
75.8
79.6
78.1
77.7
75.9
79.0
72.7
73.0
78.3
73.1
72.3
69.9
71.9
72.4
71.4
68.2
69.2
69.3
68.1
66.9
64.1
63.7
64.1
66.3
67.5
70.5
70.2
71.1
70.7
72.0
66.8
64.5
64.3
66.6
66.5
67.3
65.6
67.0
65.5
68.0
69.0
65.3
58.9
59.4
63.9
60.4
52.5
50.9
44.8
52.3
61.6
61.4
63.2
64.4
68.8
61.7
52.7
49.7
51.9
62.5
57.0
50.7
46.9
55.8
54.1
52.0
40.4
37.6
47.4
56.6
64.5
72.2
54.7
48.1
55.1
57.8
59.9
46.1
38.0
47.7
42.6
33.5
37.5
39.3
47.3
49.9
53.5
62.6
65.9
68.5
61.9
49.6
52.3
55.9
41.3
42.1
38.2
51.8
51.9
40.7
43.8
49.4
41.7
46.8
62.2
70.0
59.7
42.1
35.4
45.0
40.3
39.8
47.6
46.5
47.6
