value
54.2
62.2
53.3
48.6
45.7
50.6
48.4
51.7
61.7
61.3
64.9
67.0
65.2
61.9
67.6
68.8
63.7
48.1
47.9
52.7
50.3
49.5
43.4
54.6
44.5
57.5
49.7
54.0
59.1
69.3
54.5
47.0
42.5
50.0
46.3
52.0
60.1
57.3
55.7
54.0
42.2
64.6
59.4
63.0
51.4
48.9
46.5
39.8
40.5
51.5
48.8
51.2
57.1
55.2
60.1
54.0
60.5
56.2
52.2
45.3
43.0
39.2
40.7
53.7
51.2
45.7
48.7
49.7
53.4
60.4
64.8
56.4
49.9
50.9
63.1
66.1
64.1
64.0
58.1
50.5
48.2
53.1
61.5
53.8
44.0
44.8
48.3
51.7
60.7
65.5
68.3
62.9
60.5
56.5
50.1
56.6
61.8
66.0
69.1
70.0
72.0
75.6
67.5
63.4
63.3
70.1
69.2
72.1
75.5
58.6
57.8
61.1
59.3
63.3
72.1
69.9
65.7
69.7
71.0
68.7
66.3
68.3
66.3
63.0
67.6
62.6
58.6
65.2
71.6
74.3
75.2
74.8
66.2
63.7
70.7
73.2
74.8
73.6
74.4
75.4
76.2
75.0
77.0
76.6
68.3
68.7
67.0
74.4
74.9
76.6
78.4
77.9
77.5
80.8
78.0
76.6
74.4
77.4
81.0
81.1
80.8
79.3
85.4
86.6
83.6
77.9
77.2
78.5
80.1
81.0
75.8
77.2
78.1
74.9
80.2
80.5
77.6
81.0
81.1
79.0
80.1
77.6
75.8
78.8
81.9
81.5
80.4
81.0
80.5
81.1
81.3
81.7
77.6
75.9
77.1
80.0
80.8
81.5
80.0
78.7
77.7
76.4
79.0
80.8
77.4
79.0
78.7
79.2
79.8
81.7
81.6
79.8
77.5
80.4
83.5
83.4
82.7
82.0
81.4
79.7
82.9
83.1
84.1
85.6
83.9
82.4
73.6
74.6
75.0
78.3
81.0
79.5
78.7
79.8
80.6
79.2
77.5
77.1
77.6
78.6
81.4
82.4
80.3
81.6
82.6
79.3
81.7
81.4
80.9
79.0
78.7
79.7
79.7
77.8
79.5
80.2
77.7
78.1
80.0
74.9
73.5
73.1
75.0
75.6
74.3
73.3
75.3
73.7
69.7
70.0
69.4
70.5
68.6
68.2
71.3
72.3
76.1
75.5
75.1
78.8
70.2
66.9
67.6
68.6
70.7
74.4
70.2
68.0
69.1
72.5
75.8
74.8
67.7
67.2
66.3
66.1
56.5
56.6
52.7
56.2
64.9
65.1
65.0
67.5
74.0
69.3
58.5
56.5
57.5
64.5
64.1
59.0
54.3
61.3
58.7
58.6
47.2
45.1
56.0
65.1
66.7
73.4
60.9
53.6
59.4
67.4
66.0
54.1
42.3
57.4
59.2
39.8
42.6
48.1
52.2
54.9
55.6
66.2
67.9
71.3
71.3
54.7
56.2
66.6
50.7
49.0
44.9
58.1
61.2
46.7
49.6
51.2
48.1
58.2
64.1
73.6
70.4
53.0
43.9
46.3
51.2
50.6
64.3
53.7
53.9
