value
71.9
74.3
75.0
74.7
72.2
71.4
71.4
72.9
72.2
74.4
78.9
77.9
78.9
77.2
77.8
77.3
75.5
74.2
74.1
72.6
74.3
75.0
74.3
75.1
69.8
70.1
73.3
74.5
77.4
76.9
79.7
82.2
79.3
78.1
79.7
79.1
82.0
77.6
81.2
76.7
73.7
75.8
75.5
77.9
80.7
78.4
74.5
74.8
76.4
77.1
75.0
78.4
79.4
79.0
78.9
77.9
75.9
73.3
73.5
76.7
77.3
79.1
75.6
72.5
74.8
78.8
79.3
75.5
78.9
79.6
77.5
77.9
78.6
77.4
79.5
79.3
78.9
75.8
74.3
75.4
75.7
73.3
76.3
80.1
80.1
75.2
74.7
80.2
85.2
80.5
72.2
72.5
74.4
74.3
76.1
78.5
76.9
73.7
74.6
76.9
79.1
77.4
74.8
75.4
77.7
79.7
76.0
74.3
71.2
71.3
72.7
74.0
73.4
73.5
74.0
74.1
75.7
76.9
77.2
74.9
75.5
78.1
78.4
78.3
79.7
81.0
78.5
77.5
78.4
78.7
79.2
77.9
78.7
78.5
78.5
77.2
76.6
79.0
81.3
79.9
81.8
87.5
83.4
82.6
84.0
81.9
81.5
81.4
81.6
83.2
85.1
82.9
82.8
82.0
80.2
80.3
80.6
81.1
81.2
82.0
82.9
83.1
81.7
82.2
82.5
82.5
82.8
82.4
82.4
82.0
82.4
83.4
81.4
82.5
83.0
82.7
81.4
82.0
80.6
81.2
82.3
80.7
81.0
82.6
81.7
83.7
84.0
82.9
81.9
79.6
82.4
79.9
81.4
81.3
81.7
83.2
83.1
83.0
83.8
83.8
81.7
80.1
81.8
81.3
83.3
84.4
81.5
79.8
81.5
83.5
83.8
79.8
79.7
78.7
77.8
81.1
82.6
80.3
78.0
80.8
82.0
79.7
78.3
78.3
75.7
78.3
80.3
77.3
81.4
78.9
78.1
79.9
79.8
81.6
80.8
81.5
74.4
79.4
81.0
82.7
80.9
73.7
77.6
79.9
81.4
80.4
81.2
78.1
76.2
75.3
77.4
78.1
79.9
82.3
83.2
83.7
80.9
79.8
80.2
81.8
82.7
80.6
79.3
82.8
83.7
84.0
84.0
84.1
83.4
79.6
80.3
82.8
83.7
83.8
84.5
84.2
81.3
82.0
83.3
79.6
82.0
81.0
81.7
81.4
79.8
83.4
81.5
82.9
83.2
81.5
80.9
82.3
83.4
81.9
81.1
82.2
84.0
82.5
81.6
81.2
79.6
81.2
81.8
82.1
82.2
79.8
80.1
81.0
80.6
83.7
83.2
82.7
81.5
82.6
82.4
82.3
80.9
79.6
79.6
79.4
79.5
77.7
78.6
78.0
74.1
76.0
75.8
77.2
76.9
75.4
75.9
77.3
80.9
83.0
79.5
81.0
80.5
78.5
80.1
81.3
80.5
80.5
79.0
78.6
76.3
73.6
73.9
73.3
72.5
72.5
76.2
76.5
75.4
75.9
75.1
75.0
73.2
71.6
71.6
72.8
73.0
73.7
74.0
70.5
68.7
