value
77.1
74.3
-99
76.8
-99
-99
-99
82.0
79.5
80.5
79.9
81.0
83.6
82.3
82.3
80.5
82.2
83.2
79.1
78.3
86.3
82.1
82.3
80.7
83.0
84.9
84.0
82.6
83.0
79.6
80.8
81.8
86.1
80.9
80.9
82.1
83.2
81.8
81.3
80.1
82.4
80.7
82.6
82.1
82.4
81.0
81.8
-99
81.7
80.3
80.8
82.5
83.7
82.9
81.6
82.8
81.9
83.9
83.2
84.0
83.3
86.0
81.3
82.6
85.2
83.7
84.8
82.8
84.4
83.4
82.0
83.7
84.4
85.1
83.3
83.5
84.4
84.3
83.1
80.6
81.7
83.0
81.0
81.6
83.0
82.0
81.0
81.2
86.5
86.2
81.5
82.5
81.5
81.4
81.3
81.2
82.6
85.9
84.5
82.8
82.8
83.9
82.3
84.8
85.5
85.6
83.2
84.6
82.0
82.1
81.8
83.6
80.7
80.6
79.4
79.9
83.5
82.5
81.7
82.9
83.2
81.8
82.2
85.0
84.4
81.0
82.0
83.9
83.0
82.8
82.9
84.4
86.2
84.3
84.0
77.8
83.9
83.4
81.8
85.8
86.0
81.7
82.1
82.8
82.7
82.6
79.5
78.1
82.4
82.7
82.7
79.7
80.7
80.2
78.2
81.0
84.0
82.2
82.9
78.9
83.1
81.3
83.1
84.0
79.9
82.7
81.7
78.9
80.7
79.5
82.4
81.2
83.3
82.9
81.5
80.5
77.0
79.7
77.8
80.1
76.9
78.8
80.4
81.5
82.5
78.4
78.6
79.6
75.1
77.2
78.3
78.4
78.4
78.5
81.0
79.1
79.4
77.5
80.1
80.0
80.8
77.4
75.7
77.3
80.6
79.3
76.5
77.1
81.4
77.5
78.8
78.1
76.8
75.2
76.2
78.6
76.4
75.4
76.2
76.2
76.2
76.7
78.0
76.7
76.6
76.0
77.9
79.6
78.7
79.2
78.4
78.8
76.4
77.9
78.7
80.3
78.2
78.0
78.9
79.5
78.3
73.4
74.3
79.2
77.6
77.5
76.0
77.2
79.0
76.3
76.6
79.1
80.3
80.6
78.3
77.2
78.4
80.5
79.2
77.4
81.6
79.6
79.8
80.2
79.8
80.5
81.1
79.8
80.8
79.8
78.8
77.7
80.2
77.0
77.7
79.9
80.6
78.4
78.7
79.2
81.7
78.6
79.0
78.6
81.9
79.9
80.0
82.0
81.4
78.4
80.8
80.5
80.5
80.8
79.7
77.4
81.7
79.0
79.2
80.7
80.8
80.5
79.5
80.4
79.9
77.6
79.2
79.7
82.1
82.4
82.7
82.4
83.2
81.7
81.2
81.1
80.9
80.5
83.1
82.8
82.4
83.3
81.4
82.6
83.8
83.1
82.3
82.2
82.1
80.5
81.7
83.3
85.4
83.5
82.9
83.6
85.2
83.9
83.5
83.7
83.1
82.1
81.6
81.2
82.5
80.7
81.1
80.6
79.0
78.5
81.9
82.4
80.5
80.2
79.3
79.4
80.4
80.3
79.9
79.7
79.5
80.6
79.5
79.1
79.9
