value
79.8
80.7
80.4
80.2
81.3
80.5
78.4
79.2
80.7
81.1
82.0
80.5
80.9
81.8
81.7
81.0
81.3
77.6
80.5
82.2
82.7
78.9
81.3
76.4
80.8
82.2
80.5
80.9
80.7
81.0
81.9
80.4
79.5
81.5
80.2
82.4
80.7
80.5
81.2
81.0
81.0
80.7
81.0
80.8
82.3
82.9
79.6
78.9
79.9
80.1
81.5
82.2
81.5
80.7
77.0
81.5
83.2
80.2
81.4
83.4
80.1
82.8
79.1
81.5
78.9
82.3
85.2
78.5
82.5
82.4
81.8
84.0
82.7
81.6
81.9
80.2
82.9
81.5
83.1
76.2
80.2
77.0
82.0
82.0
81.9
83.6
81.6
83.2
80.4
83.8
84.1
81.5
83.9
84.3
81.5
82.1
78.3
81.0
84.1
80.3
81.0
83.6
83.3
81.6
81.8
80.1
81.6
80.4
81.5
82.9
83.4
82.5
81.9
77.8
81.8
83.6
79.9
81.6
82.0
82.7
80.2
81.3
82.4
81.9
77.4
82.8
80.8
82.7
82.4
82.1
81.5
81.6
81.3
81.8
82.2
82.6
81.2
80.8
82.2
82.0
82.9
82.3
82.7
83.0
82.7
82.1
81.5
81.3
80.8
82.2
82.2
81.1
81.7
81.0
77.5
78.2
80.3
79.6
79.2
79.5
79.0
79.1
79.3
79.3
79.3
78.1
77.9
77.3
77.6
77.2
77.0
77.0
77.1
77.1
76.9
76.8
77.9
77.6
77.8
76.0
75.4
75.6
75.5
75.0
75.1
76.5
76.1
76.6
75.1
75.4
75.8
77.5
78.3
77.3
76.8
77.3
75.8
74.9
75.5
74.7
75.3
75.3
75.0
75.7
76.2
75.8
75.6
75.5
74.5
75.3
76.0
75.0
75.0
75.4
75.6
75.9
76.1
75.8
76.5
76.1
76.3
75.7
75.7
74.6
75.2
75.3
75.4
76.5
76.3
76.2
76.8
77.5
76.9
76.6
77.4
76.9
77.1
76.5
77.6
77.2
77.5
77.0
77.5
78.4
78.1
77.5
78.0
78.2
78.3
76.7
78.2
77.8
78.4
78.1
79.0
79.1
79.7
79.1
78.8
79.5
79.8
79.9
79.6
79.1
77.9
78.7
78.2
79.5
79.3
79.5
79.0
78.4
79.5
79.9
79.3
79.3
77.3
78.7
78.2
80.3
76.2
76.9
78.9
78.3
78.1
79.0
78.3
78.5
80.6
80.9
80.6
80.5
78.1
80.0
77.9
78.3
80.0
78.2
78.5
80.8
80.1
80.1
80.9
80.0
81.2
78.9
80.5
78.8
78.3
80.4
78.6
80.8
75.6
79.5
81.6
79.1
79.2
78.2
79.5
81.3
81.2
78.8
81.1
79.1
80.4
80.7
79.6
78.7
79.1
80.7
79.6
79.8
82.2
80.6
80.2
80.7
79.5
80.9
81.3
81.6
79.8
80.8
80.1
78.5
79.9
78.2
79.1
78.7
78.7
79.7
81.6
82.4
81.8
81.9
82.8
82.9
82.4
82.1
79.9
81.2
82.6
83.2
81.7
82.6
82.1
