value
65.4
66.7
66.1
64.7
64.7
66.4
65.5
65.6
66.8
68.0
67.1
67.3
66.7
67.3
64.9
66.6
64.4
58.8
57.7
61.7
62.1
62.8
63.3
63.0
60.6
61.9
64.9
65.9
66.5
66.4
67.1
64.9
62.7
63.4
64.0
66.6
67.4
67.9
68.7
66.3
66.3
66.5
67.5
65.6
65.8
66.7
64.8
61.7
59.9
63.9
66.3
68.1
67.6
66.3
66.5
65.6
67.7
69.4
67.3
65.6
61.6
55.7
58.5
65.6
65.3
62.7
62.9
64.8
66.5
66.6
69.1
65.8
63.0
60.6
63.1
67.3
68.2
70.0
70.6
68.5
66.8
67.0
69.2
70.6
68.7
64.7
62.5
64.0
64.6
66.2
70.2
70.2
69.6
69.7
69.2
68.2
68.1
69.4
69.9
69.6
68.9
70.3
70.5
69.6
69.2
70.5
72.3
70.5
70.8
67.2
67.3
70.7
70.8
69.0
69.9
68.5
68.3
67.8
68.6
66.4
67.5
70.1
69.3
68.7
68.8
69.0
67.7
70.5
70.3
69.8
70.1
70.3
68.9
66.7
67.7
69.2
70.7
71.2
70.9
70.6
70.5
70.4
69.1
67.2
66.7
66.3
64.7
64.8
62.9
66.3
68.1
68.5
67.8
67.2
68.0
68.1
69.7
70.1
67.0
68.0
67.6
68.5
69.8
70.4
69.9
70.0
69.7
68.5
68.6
68.2
67.5
67.4
67.2
67.3
67.3
67.1
66.5
67.6
68.4
66.4
66.6
66.5
65.0
67.4
66.1
67.3
67.2
68.2
68.3
67.2
67.0
67.5
66.3
65.8
66.1
68.1
69.6
68.5
69.1
68.3
67.0
66.5
68.3
68.1
67.4
69.2
68.9
69.8
68.9
69.4
67.9
67.1
68.7
67.9
66.5
67.7
68.4
69.8
70.3
69.7
68.4
67.1
68.3
68.1
66.1
66.3
69.0
68.4
66.0
67.3
66.6
68.3
68.3
67.4
67.0
66.4
66.0
66.0
67.6
65.4
66.6
67.0
65.9
66.1
65.7
66.2
66.2
65.6
67.1
66.6
66.7
67.2
67.3
66.4
64.3
63.6
65.5
69.1
68.4
67.6
66.1
66.7
66.2
66.7
67.6
66.4
66.5
67.2
68.2
68.5
66.1
68.4
69.0
69.2
69.4
67.4
67.7
68.0
67.8
67.0
66.5
67.7
67.1
68.9
68.4
68.2
66.3
67.7
68.7
69.2
67.5
67.1
66.5
65.4
66.2
66.8
66.0
66.6
67.1
66.9
66.7
67.9
67.6
68.4
68.7
68.8
66.8
64.7
65.3
66.3
67.6
66.7
65.9
66.4
67.0
67.1
66.3
65.5
66.9
66.8
67.6
68.0
68.0
67.6
67.4
67.6
66.1
66.1
64.5
66.6
64.9
58.6
58.1
59.1
64.0
63.6
63.6
64.2
64.8
66.8
67.4
65.4
66.0
63.7
63.4
64.2
63.8
65.6
66.6
65.0
63.6
62.8
63.3
64.9
67.2
66.9
66.9
62.8
61.9
61.8
63.9
63.5
63.3
65.2
65.3
