value
77.7
78.0
83.9
77.5
72.6
72.6
73.4
78.6
77.9
82.5
81.3
79.9
80.1
81.5
84.6
81.9
81.7
79.1
78.9
77.6
77.8
79.3
77.5
74.0
74.3
-99
80.8
-99
-99
90.9
83.5
83.9
83.2
80.4
81.7
82.9
79.8
-99
80.9
91.7
-99
-99
-99
-99
-99
-99
-99
86.4
87.4
83.9
81.1
85.7
87.5
88.1
79.5
84.1
83.4
83.9
84.1
88.2
82.7
83.4
84.7
83.1
83.2
89.1
82.6
80.7
80.3
82.8
78.7
88.1
84.2
85.2
83.2
82.4
83.3
88.3
83.6
83.9
83.4
79.4
80.6
81.6
82.9
84.9
89.8
82.4
84.6
81.9
81.9
80.4
78.7
84.4
87.5
83.5
83.6
84.8
86.3
83.1
87.3
82.6
80.8
79.0
81.7
81.8
82.7
80.5
78.5
81.3
80.7
80.2
81.8
80.6
79.6
78.5
81.7
81.8
85.0
83.6
80.6
87.0
83.5
87.2
82.5
82.7
85.2
86.6
82.8
82.9
85.1
83.3
83.1
79.8
84.3
82.8
82.4
-99
87.4
78.8
89.3
-99
-99
85.1
85.6
85.9
87.1
86.6
86.0
88.2
84.9
79.3
80.8
89.1
85.2
86.1
-99
85.2
84.2
85.1
87.1
85.8
84.1
85.1
82.7
86.0
85.9
81.8
86.5
82.9
86.5
85.8
86.8
87.7
84.5
87.3
82.9
83.0
81.7
80.6
83.2
82.6
81.8
83.4
83.2
85.1
85.0
83.1
81.2
80.3
80.4
78.2
81.7
82.0
78.9
81.8
82.3
81.8
82.0
83.9
81.8
78.8
80.2
78.9
82.7
79.8
82.4
79.5
82.7
83.3
82.0
80.7
79.3
80.8
79.4
80.3
82.5
80.3
78.1
82.7
77.3
79.8
76.1
76.8
76.5
78.1
79.8
77.8
82.1
77.4
78.9
82.7
78.5
80.5
81.9
81.5
79.7
81.7
80.2
80.4
80.9
75.9
76.9
81.5
83.2
80.3
81.3
82.8
78.0
79.0
79.3
79.0
82.1
82.2
82.0
82.9
80.1
81.9
82.4
84.1
83.8
79.3
79.8
81.8
83.8
81.7
84.6
84.6
84.1
80.4
80.2
84.9
83.7
82.3
82.1
85.1
81.0
82.6
83.7
78.3
83.6
79.4
83.4
81.6
82.4
83.2
79.9
82.5
86.7
80.5
84.5
84.8
85.0
85.2
82.5
82.1
86.0
85.0
83.8
81.8
80.7
86.4
79.4
86.2
83.4
-99
80.4
85.6
-99
82.1
82.9
84.6
86.1
83.6
83.4
84.2
83.3
84.2
83.3
83.2
77.4
78.7
75.9
75.8
75.0
78.2
83.2
80.7
78.9
79.9
80.7
83.1
83.3
84.8
82.3
81.8
82.7
83.4
83.9
84.8
82.3
82.2
80.8
83.5
79.2
80.5
75.8
77.2
74.0
73.0
79.0
79.7
75.1
75.5
79.2
76.6
76.0
76.3
74.6
72.6
79.0
82.8
77.2
74.6
72.2
