value
84.5
83.3
83.5
85.6
87.5
81.3
84.2
84.7
86.4
83.6
82.2
82.2
83.3
81.5
82.1
81.6
81.6
81.6
83.5
81.0
83.1
81.5
83.2
83.2
79.5
82.4
86.0
84.8
82.2
83.4
83.5
83.5
84.4
80.6
83.2
84.2
82.0
83.1
82.1
83.1
-99
-99
-99
81.7
84.6
84.0
85.5
83.4
83.8
84.5
84.7
84.6
84.4
85.3
88.1
83.0
83.0
85.3
84.5
81.6
84.8
80.8
78.6
79.5
80.8
81.7
80.6
80.2
80.1
81.0
82.9
80.4
81.5
80.9
80.6
79.6
82.2
83.1
82.9
83.2
84.4
87.6
88.0
86.9
84.7
84.3
83.3
80.6
79.7
87.3
83.9
85.6
85.9
85.7
88.9
84.7
-99
87.6
86.5
87.5
85.5
87.1
86.6
88.6
87.8
85.8
85.8
86.3
88.2
85.0
84.2
80.1
82.1
84.2
84.7
83.8
83.5
82.8
83.5
85.9
86.5
83.8
85.2
84.6
85.1
84.0
84.2
85.0
82.2
85.9
84.7
85.5
85.3
83.9
85.7
86.0
86.9
86.0
86.2
86.2
86.0
86.0
82.4
84.6
85.0
84.7
86.3
-99
88.2
82.4
86.4
85.6
86.7
88.6
90.2
88.4
88.5
88.0
87.8
87.8
90.1
86.3
86.7
92.8
87.5
88.3
89.9
89.4
89.8
-99
87.1
83.1
86.0
86.7
87.6
89.6
80.2
-99
85.1
86.9
87.0
81.9
86.5
86.2
89.6
88.4
87.0
85.4
87.8
-99
-99
-99
-99
-99
-99
-99
-99
89.6
87.0
-99
-99
-99
-99
87.2
-99
-99
-99
-99
85.1
89.9
86.0
-99
88.0
-99
-99
87.8
87.0
89.1
85.0
85.5
87.3
-99
86.0
80.6
86.2
88.5
87.8
88.2
87.2
89.9
89.6
87.3
85.5
88.8
87.8
89.1
89.2
90.6
88.1
88.9
89.4
86.5
87.5
87.0
85.7
86.0
85.8
88.9
87.6
87.5
83.4
85.0
88.6
89.0
86.2
88.2
87.1
89.4
89.6
88.6
89.6
87.8
85.8
86.2
87.0
88.9
86.8
88.8
90.9
88.1
87.8
79.0
84.0
87.5
87.2
88.8
87.0
87.6
86.0
87.3
-99
85.3
84.2
-99
-99
-99
86.0
83.4
82.4
84.7
86.9
-99
86.3
86.8
85.1
85.1
85.3
-99
-99
84.5
88.9
87.5
84.2
86.0
86.3
83.8
80.2
86.4
83.1
87.0
88.2
85.0
87.0
86.0
87.2
-99
89.4
84.9
88.2
-99
-99
84.5
83.7
82.7
-99
-99
-99
-99
84.4
86.0
85.0
86.7
87.4
-99
84.2
84.7
79.7
-99
84.9
83.6
82.4
85.8
82.0
-99
84.5
-99
-99
-99
84.8
-99
86.0
87.4
-99
-99
-99
-99
-99
-99
-99
-99
-99
-99
85.1
-99
-99
-99
