value
70.4
69.4
70.1
73.2
73.3
75.1
75.4
75.5
74.9
75.5
75.8
74.3
72.9
75.9
71.1
69.3
71.5
70.7
71.0
70.9
72.3
74.0
73.9
72.3
71.1
72.2
75.3
70.1
71.8
72.3
72.8
74.5
75.2
71.9
73.9
73.9
73.6
74.4
75.0
73.5
75.7
74.5
72.5
71.8
72.6
73.7
75.4
74.6
74.3
73.8
72.8
73.9
72.1
73.7
73.3
74.1
74.0
74.2
74.5
74.5
74.1
74.1
73.8
73.0
74.4
72.7
72.1
75.9
71.6
67.9
72.6
71.0
71.2
71.0
71.7
70.3
69.4
70.1
73.5
74.9
76.8
73.8
72.6
71.6
75.5
73.2
73.1
74.2
73.6
71.2
69.5
68.9
69.7
71.5
73.5
76.7
77.0
77.7
76.7
76.1
76.9
77.0
76.4
76.8
71.8
73.8
77.1
77.6
76.4
76.6
76.3
75.9
77.9
75.6
77.2
78.2
76.5
76.0
77.1
76.7
76.3
77.0
76.1
75.3
74.0
73.5
76.3
73.9
75.3
75.9
76.2
75.2
76.1
77.4
78.2
77.6
77.6
76.3
74.2
73.4
72.6
74.9
78.0
79.6
78.3
77.3
79.0
76.1
75.8
75.7
78.1
78.2
78.1
78.5
78.3
78.0
77.8
77.6
77.6
78.0
78.4
78.3
78.3
77.4
76.5
77.4
77.2
77.4
77.6
78.3
77.1
76.3
77.3
77.9
75.4
75.3
75.4
77.4
76.4
76.5
77.9
78.2
76.8
77.1
78.1
77.9
78.1
78.9
80.0
81.3
81.0
79.2
78.5
78.4
79.3
79.5
79.8
80.7
80.4
79.7
80.4
80.1
80.0
79.6
80.4
79.8
79.8
80.2
79.1
80.2
80.0
80.9
79.4
79.6
79.8
79.7
79.8
80.7
79.9
80.1
80.2
78.6
80.4
81.0
79.8
79.5
81.1
80.8
81.3
81.1
80.5
79.8
80.6
80.5
81.2
81.0
81.1
81.2
80.8
79.7
78.7
80.3
80.3
79.8
79.9
79.8
79.2
79.2
78.1
78.4
81.7
81.6
80.5
80.5
79.7
78.6
80.8
81.2
82.3
80.7
80.8
80.5
80.6
80.2
79.9
79.9
79.9
77.6
77.9
78.4
79.8
78.2
77.9
78.0
79.8
79.5
80.3
79.2
78.7
77.9
79.2
78.7
78.2
79.3
78.7
78.4
76.8
76.0
77.9
77.6
77.7
76.0
79.9
75.6
75.1
77.1
78.8
79.1
79.1
78.7
78.5
80.7
79.5
79.3
80.3
79.2
79.7
78.1
78.6
78.1
75.8
78.5
77.4
72.9
75.7
72.5
72.5
75.5
76.2
77.7
76.7
76.4
74.8
75.3
77.0
75.7
75.4
73.8
76.6
77.4
77.5
76.7
75.2
77.1
76.0
71.2
74.3
74.5
75.0
74.9
75.7
75.8
78.5
80.0
77.8
76.7
76.7
76.5
73.6
71.4
73.0
73.2
72.7
74.6
74.2
73.6
73.8
75.4
75.6
75.9
76.6
77.6
76.0
74.3
73.3
