value
60.0
63.7
59.9
52.3
55.4
55.9
59.8
62.1
58.9
58.8
61.3
60.7
60.9
60.6
62.0
65.0
63.5
59.3
62.3
67.8
71.2
70.8
66.0
67.8
65.1
64.9
62.2
64.2
66.8
67.1
69.2
70.9
70.8
69.2
72.0
72.6
71.5
69.1
59.2
56.8
61.1
65.9
65.5
63.7
68.3
67.8
64.5
67.2
70.3
67.5
63.3
65.0
65.8
64.4
67.2
71.6
72.9
72.8
68.6
73.0
61.4
58.8
63.8
68.6
68.7
69.5
71.5
71.5
71.6
69.9
72.3
74.0
66.7
68.7
70.7
74.1
76.7
76.6
77.5
70.1
74.2
75.8
75.9
70.7
70.3
69.8
69.1
70.0
67.9
69.6
71.5
71.2
68.5
71.4
77.5
66.3
65.9
67.3
67.6
67.0
63.2
65.8
70.7
71.6
75.3
77.6
77.4
79.4
77.2
79.5
71.9
70.4
76.0
78.7
79.1
72.9
73.0
75.1
78.4
76.2
71.4
69.5
68.7
72.0
74.8
75.7
76.9
75.9
81.3
78.0
79.3
79.5
81.5
82.5
86.1
81.5
82.8
86.5
86.2
83.7
79.7
77.8
82.3
82.9
80.0
84.4
85.1
86.3
85.6
85.1
86.8
87.3
87.9
86.9
83.9
81.6
83.5
86.5
86.5
87.4
83.1
75.5
78.6
78.2
78.9
80.8
83.8
85.3
85.9
87.7
87.9
88.1
83.3
83.2
83.5
86.7
87.1
87.1
86.7
87.1
88.2
85.5
86.1
86.1
86.3
86.7
83.8
83.1
85.0
85.3
83.9
86.5
87.6
88.6
86.1
82.0
80.5
81.4
84.6
84.5
83.6
84.7
85.8
85.2
79.3
81.1
81.4
82.8
83.7
85.0
86.4
87.7
85.7
82.8
84.7
85.7
85.9
87.6
85.9
86.5
86.8
87.6
87.3
89.4
83.2
82.5
84.3
83.4
84.2
83.9
83.2
85.6
86.2
86.6
84.3
83.6
84.5
85.4
85.8
86.5
87.6
82.3
81.2
83.1
82.6
80.2
78.0
78.5
82.2
85.0
85.4
85.6
85.7
85.6
85.6
84.3
85.9
85.6
86.4
85.0
84.6
86.2
87.1
89.2
81.4
84.6
84.8
84.6
81.5
80.9
81.8
78.5
79.9
82.8
83.5
81.0
79.8
80.4
82.8
83.0
80.2
81.8
82.8
84.3
84.1
82.9
81.0
82.3
80.1
78.1
78.9
78.6
78.7
78.6
79.0
77.7
77.4
76.0
72.9
74.1
75.8
77.1
77.9
77.9
81.3
80.4
78.0
73.1
73.9
77.8
77.5
77.6
81.9
79.4
76.2
73.0
67.1
68.5
71.5
71.4
72.0
71.2
70.2
69.6
71.6
72.1
74.3
72.1
67.3
69.7
65.2
62.4
60.2
62.3
63.6
66.4
66.7
68.2
64.8
66.2
67.1
70.5
71.4
68.8
65.9
65.3
65.4
65.4
60.7
54.0
53.1
51.9
55.4
58.8
57.5
55.6
58.7
59.2
58.9
58.8
55.6
53.8
53.9
57.4
59.5
