value
67.0
69.7
70.9
70.6
68.4
70.3
69.4
67.8
70.7
71.1
68.1
69.2
71.3
65.2
68.7
70.1
68.5
64.5
60.5
63.7
66.5
66.7
69.0
67.2
65.9
67.9
70.0
69.6
71.0
69.9
69.5
71.2
69.2
70.4
70.7
69.2
71.2
70.7
68.5
70.0
68.0
69.8
70.2
69.7
71.0
72.2
70.8
64.2
65.5
71.3
71.9
73.4
71.1
70.9
70.2
76.0
73.5
77.3
73.1
74.0
66.2
60.6
63.3
71.1
71.0
70.6
69.1
71.7
72.6
76.1
76.2
69.8
64.1
64.7
68.3
72.6
73.8
75.1
76.4
73.4
75.2
75.3
77.0
74.2
72.9
68.7
69.3
71.0
71.3
72.7
73.3
74.4
75.8
75.0
72.9
73.1
73.3
74.7
75.6
77.2
76.1
76.4
78.7
77.5
77.1
76.5
78.1
73.9
76.7
76.3
76.7
75.9
77.3
76.1
77.5
76.2
75.6
75.5
73.6
74.3
75.3
76.2
71.1
70.4
73.2
75.1
72.9
75.5
73.8
75.6
76.6
76.9
73.9
75.7
75.0
75.0
73.9
74.6
73.2
75.8
74.7
74.2
72.9
73.3
73.8
72.9
70.9
71.6
70.7
72.5
75.4
72.6
71.9
70.9
71.8
73.4
72.9
74.3
74.8
73.9
72.3
71.7
72.2
71.7
69.8
70.5
70.6
71.2
72.7
71.7
73.1
71.4
70.6
72.7
71.3
71.9
72.2
71.7
72.5
72.0
71.7
70.4
71.1
70.8
72.3
72.5
69.7
71.6
73.5
71.7
72.7
72.1
72.8
72.1
72.2
73.3
75.6
72.8
72.7
73.8
72.7
77.0
72.3
70.5
72.2
74.0
75.7
75.2
74.3
73.3
72.9
74.1
74.5
74.2
71.7
73.0
72.5
75.1
73.0
72.0
72.4
70.9
71.0
70.8
69.9
71.9
72.7
73.7
73.4
72.8
72.6
73.6
73.9
75.2
70.9
70.8
70.8
70.9
70.8
69.0
71.9
74.9
73.6
71.6
70.9
70.3
72.1
73.2
72.2
71.6
70.5
73.0
72.4
71.0
70.3
74.0
71.7
71.1
72.0
72.9
72.7
76.6
71.0
70.7
73.2
72.7
72.1
73.7
74.7
72.2
69.4
70.3
72.3
70.7
71.6
72.3
71.7
73.9
73.5
72.2
72.1
73.0
70.9
72.6
72.6
73.7
70.3
71.4
72.6
73.8
71.2
72.8
72.1
71.3
71.6
72.7
72.2
71.5
71.0
71.1
72.0
70.6
71.5
71.5
75.0
71.2
69.8
71.3
71.1
70.0
71.5
71.4
70.8
69.6
69.7
68.6
71.7
70.7
70.7
71.3
69.0
71.6
72.8
68.7
71.0
70.0
70.5
70.8
70.0
68.3
68.3
61.8
62.3
61.9
65.1
67.5
68.1
70.0
67.7
68.5
70.0
68.6
69.2
69.6
69.6
68.3
69.0
70.1
69.3
68.2
67.9
67.8
68.1
67.2
64.2
68.5
70.1
69.0
68.9
67.5
67.1
68.9
69.7
69.9
69.4
