value
25.9
29.4
32.5
44.8
44.1
34.2
30.3
20.9
26.5
27.1
31.4
27.7
27.1
31.2
34.4
35.1
34.6
32.5
27.1
32.1
38.0
32.2
30.4
31.2
30.1
27.9
24.7
29.8
30.1
38.2
44.8
44.2
42.6
34.5
33.0
37.4
36.6
32.7
30.4
26.5
27.8
24.8
31.3
38.7
37.0
38.8
36.2
34.5
34.0
32.3
33.3
29.5
30.9
37.1
43.1
45.7
46.9
43.5
41.8
35.9
37.3
35.2
35.1
37.9
42.8
48.8
50.3
49.6
49.6
47.3
46.2
46.9
38.0
27.7
27.9
26.9
33.7
43.2
44.6
43.0
36.6
29.0
27.2
30.1
29.2
29.9
32.4
34.8
39.1
42.0
36.8
39.3
41.4
39.9
40.2
43.0
41.2
42.5
45.0
48.0
51.3
55.9
52.0
51.1
49.3
52.2
55.3
58.5
58.8
59.7
60.1
61.4
60.0
60.4
62.1
65.5
69.3
66.3
67.2
69.3
69.1
69.2
65.8
60.7
64.0
66.0
64.3
65.7
66.4
65.8
64.7
58.2
56.0
55.6
60.0
64.7
63.5
62.6
67.6
61.7
60.2
58.7
56.5
56.7
56.1
54.0
51.7
57.4
63.3
58.8
55.6
54.8
57.9
56.5
57.8
60.3
61.3
67.2
68.7
70.5
67.6
61.8
65.0
68.7
70.9
72.8
74.8
78.6
80.8
83.0
83.1
82.5
80.1
74.1
66.9
58.0
58.5
59.1
60.6
63.6
64.6
62.4
66.6
70.2
73.9
73.8
76.0
76.8
74.9
74.3
74.7
68.8
66.3
67.3
70.0
69.1
67.9
71.0
73.7
75.0
74.5
71.5
71.8
75.2
76.0
72.3
75.8
79.1
83.3
86.2
74.9
74.9
76.2
78.3
80.8
82.2
81.8
81.6
84.3
85.2
85.0
71.9
73.6
73.5
74.1
68.7
65.3
68.4
69.0
73.7
77.3
71.7
69.1
68.4
70.6
70.6
69.6
64.5
66.3
64.9
65.3
65.2
65.0
64.9
61.1
65.8
60.8
62.3
64.2
63.1
64.3
59.7
59.8
58.4
59.1
57.9
55.2
59.9
63.9
55.2
54.0
56.4
56.2
57.7
53.4
60.2
61.2
57.1
59.5
50.3
49.8
53.6
54.2
52.8
49.2
41.6
38.5
41.4
48.0
54.3
53.5
53.5
53.5
61.5
63.4
57.1
53.5
54.1
49.5
52.9
52.6
47.5
56.2
56.6
58.6
66.4
61.4
60.0
56.8
57.1
62.2
58.6
53.7
47.6
51.9
55.2
53.2
49.6
49.9
47.0
51.0
49.9
53.7
48.9
49.8
50.1
47.1
45.4
45.7
43.8
40.2
41.5
41.8
47.4
42.4
47.4
49.5
46.0
37.2
35.2
32.2
29.7
37.5
33.3
31.2
35.0
29.0
23.7
35.4
37.3
35.4
37.7
42.8
34.0
28.2
32.7
31.7
30.9
33.1
32.6
31.6
28.5
28.8
28.6
32.2
31.6
36.7
37.0
41.3
42.7
45.3
39.4
36.7
41.1
36.4
