value
9.6
15.2
24.9
20.3
29.2
23.7
31.2
34.9
38.2
36.7
41.4
34.0
15.3
13.4
23.1
30.4
29.6
37.5
44.0
19.8
7.0
8.3
18.6
10.3
24.6
20.8
33.9
37.7
42.5
27.8
10.9
2.2
21.1
25.0
27.0
29.4
34.2
38.6
28.3
30.5
35.0
32.7
32.2
36.3
39.7
25.3
22.6
31.8
37.1
19.4
12.2
22.0
25.1
22.3
26.3
35.1
33.2
29.5
28.2
28.0
25.2
27.4
32.7
31.6
27.8
24.8
32.6
39.6
38.0
29.8
26.9
25.2
37.2
42.1
37.9
30.6
33.3
26.5
24.9
23.4
28.9
33.4
30.4
31.0
31.3
34.0
42.2
48.5
51.8
47.2
33.8
34.9
37.9
46.3
48.5
59.7
50.8
61.6
60.5
42.7
40.0
37.6
39.8
53.3
51.5
42.1
45.5
41.2
37.1
37.0
51.7
57.1
39.7
39.9
47.4
57.9
55.3
59.1
65.8
76.4
59.3
38.0
34.4
39.8
49.2
57.8
61.6
64.6
62.1
57.3
56.0
49.6
58.7
74.6
77.3
72.2
72.5
73.0
77.4
68.4
65.2
59.8
60.2
61.7
58.3
56.2
61.0
71.1
71.5
70.8
68.9
65.5
59.4
60.8
62.1
65.2
63.5
61.8
64.2
66.9
66.5
74.8
80.7
72.3
72.0
71.4
75.7
77.9
76.7
75.9
78.6
80.6
83.5
82.1
74.1
78.0
82.5
79.2
79.7
74.0
70.9
71.9
74.0
70.1
74.2
76.8
79.9
82.3
82.9
82.5
81.5
76.0
76.5
75.0
76.8
80.2
83.5
85.2
85.4
86.3
80.9
76.1
78.5
73.1
71.6
73.9
74.6
65.5
64.7
67.8
68.0
72.9
76.8
76.1
72.8
72.3
74.2
78.9
76.1
73.3
75.5
73.1
75.5
76.7
71.2
68.1
67.2
67.6
71.2
72.5
73.6
78.6
81.9
78.8
77.8
81.4
84.0
85.0
87.3
85.8
84.6
86.7
83.7
79.4
70.3
67.9
75.7
81.0
80.5
82.0
81.2
85.2
86.1
81.3
75.5
66.1
64.5
67.9
61.0
59.2
74.5
79.1
64.0
59.8
64.3
65.7
64.8
67.2
71.6
75.5
67.7
60.1
62.3
69.4
72.6
72.6
70.4
61.0
48.0
56.3
62.0
63.3
63.4
65.6
61.2
53.3
55.7
55.2
49.0
48.5
46.4
45.8
46.4
45.8
42.6
38.0
38.5
40.6
48.3
43.2
46.8
46.6
56.0
50.3
48.1
48.6
45.0
51.8
50.3
44.6
34.5
40.4
51.8
41.1
41.7
21.3
30.7
42.9
44.0
53.8
52.8
42.6
41.6
43.9
36.2
24.7
17.2
14.5
29.4
28.7
19.7
27.4
26.7
38.6
36.2
39.8
40.8
37.3
17.0
9.5
5.8
14.9
10.0
13.1
14.4
13.2
24.1
23.6
16.3
19.2
29.4
33.3
34.9
28.0
22.3
22.5
6.3
-0.6
22.6
28.1
31.1
41.0
19.6
5.8
12.4
