value
9.1
14.8
22.8
12.7
13.7
16.9
25.5
20.5
26.2
29.8
35.5
20.7
10.8
7.9
22.2
33.2
28.3
36.4
42.2
15.2
4.9
9.2
15.2
6.2
18.9
20.2
34.9
35.6
34.2
25.0
5.2
4.8
24.5
30.9
26.9
32.0
33.7
33.7
27.8
33.4
38.9
28.0
28.1
32.3
36.5
21.9
19.3
29.8
35.6
13.3
8.9
21.7
19.6
10.4
17.3
23.9
26.3
26.5
26.7
24.9
18.4
28.1
33.0
28.6
23.9
29.7
36.2
42.6
30.4
22.7
25.0
21.1
34.9
39.5
32.4
27.2
31.0
25.3
21.9
23.1
26.3
31.0
27.6
26.7
25.9
34.4
38.5
44.9
52.5
43.3
28.0
32.3
39.9
47.1
44.6
56.9
49.8
53.3
43.8
33.3
32.1
32.5
35.4
48.4
40.4
39.5
39.7
33.4
32.5
32.2
46.6
40.4
30.9
36.4
43.5
61.0
56.6
64.1
65.8
66.9
43.8
40.6
40.7
40.2
44.5
51.0
50.6
59.6
57.6
55.3
54.7
47.2
60.6
79.5
72.7
69.2
69.4
73.4
69.3
63.3
59.5
53.7
58.4
60.2
64.1
58.6
59.4
65.2
70.3
67.0
67.7
59.1
56.4
61.0
64.9
61.9
63.1
61.0
60.7
61.6
63.2
73.9
77.1
66.1
69.1
71.3
73.1
71.4
72.4
75.1
79.8
85.0
76.3
77.2
74.0
76.6
79.9
76.4
76.9
72.8
69.3
69.2
70.3
69.3
73.1
76.6
79.6
78.8
78.4
80.8
75.3
72.9
77.1
81.1
78.0
75.2
78.4
79.9
82.0
85.2
72.2
76.2
78.5
73.3
70.2
73.2
67.3
61.4
60.5
60.7
67.8
70.1
69.1
66.9
68.1
64.8
71.9
73.5
71.8
68.8
70.1
67.9
72.5
71.6
68.3
64.1
63.4
65.6
68.7
66.8
73.0
78.8
79.8
77.0
76.1
77.2
82.5
83.5
83.5
80.0
79.0
80.5
78.6
75.0
67.3
65.4
72.8
73.3
73.7
76.2
76.4
79.9
76.6
73.8
70.2
62.0
60.3
65.6
62.2
60.5
74.1
74.7
58.6
54.4
64.7
66.1
64.8
61.7
71.4
76.7
64.3
58.5
68.1
70.1
63.2
66.2
65.5
49.2
45.6
54.5
59.8
65.4
65.4
68.1
55.0
48.2
50.1
49.1
47.4
41.0
43.7
46.0
42.9
41.6
42.3
36.8
39.2
39.8
47.0
35.5
42.4
42.9
44.6
40.7
47.0
45.2
44.2
50.2
33.3
35.2
29.7
38.6
47.8
36.3
32.2
19.0
33.3
40.5
37.4
47.0
44.3
37.8
40.4
50.4
32.2
19.2
17.2
17.9
33.8
27.6
18.3
28.5
23.0
33.0
30.4
36.7
36.2
24.4
10.8
1.8
-1.3
11.0
4.2
16.1
10.5
14.0
18.8
16.7
14.6
17.8
32.7
30.0
24.8
14.6
17.0
15.4
1.3
3.8
25.2
27.0
29.4
35.8
8.3
9.0
11.6
