value
16.5
19.2
14.6
11.1
12.7
17.0
19.2
23.8
32.1
33.1
26.7
13.8
10.8
7.9
17.3
12.6
9.3
7.8
6.8
6.0
6.6
6.3
8.0
21.3
30.3
33.9
31.0
27.8
32.5
36.2
37.8
35.0
32.7
30.2
30.3
31.6
32.3
37.6
34.8
34.7
35.1
31.8
33.5
38.5
38.5
37.7
41.6
39.8
35.1
38.5
33.7
32.0
35.9
35.5
33.2
33.0
31.1
34.6
39.1
40.5
43.3
45.5
35.7
38.6
44.8
39.6
39.3
41.1
41.5
47.4
47.5
54.5
53.8
51.9
46.7
44.1
37.4
40.9
51.0
40.9
35.3
30.9
33.3
40.2
47.3
49.6
54.1
56.5
53.8
54.8
57.6
57.4
57.0
61.0
56.1
52.0
49.8
43.7
46.8
49.1
49.7
46.1
53.8
39.2
41.1
42.1
40.9
42.5
48.3
49.3
50.5
50.3
43.4
46.3
53.4
58.9
62.9
62.2
57.6
47.6
43.8
52.5
58.5
60.1
60.4
65.9
64.5
65.7
65.1
69.3
73.7
77.6
76.6
67.9
64.5
63.7
59.9
56.9
58.7
58.2
68.4
54.1
49.5
56.8
61.4
61.5
55.1
53.9
56.2
55.2
56.6
63.3
67.6
62.9
65.0
70.3
75.6
78.1
75.0
76.4
76.5
73.7
67.6
65.4
57.4
64.5
71.8
75.8
76.4
61.9
54.3
61.2
58.1
66.3
69.9
62.7
67.3
75.4
81.9
86.8
86.5
91.0
94.0
88.7
83.1
76.0
75.3
79.1
81.8
79.8
85.5
82.6
78.1
75.2
74.8
82.3
83.8
84.0
81.3
83.1
83.6
82.0
82.8
81.6
83.4
84.1
84.5
87.0
78.4
75.8
79.7
80.4
80.2
69.1
70.8
74.6
79.6
79.4
81.5
81.4
80.3
79.5
78.5
76.0
78.6
81.9
82.2
80.6
79.3
79.0
79.7
78.2
77.9
81.0
71.7
75.6
77.6
76.5
77.3
83.8
84.3
77.3
76.5
79.6
79.0
71.1
76.5
74.1
68.4
66.5
70.2
69.2
71.8
74.0
77.2
69.7
72.2
76.6
78.4
66.9
58.9
57.5
65.0
71.5
59.0
61.2
58.8
49.2
48.4
47.6
58.6
62.9
54.9
51.9
45.8
47.1
47.3
48.9
54.2
59.2
50.9
46.9
46.8
46.1
51.4
49.4
47.4
46.9
47.7
47.3
48.2
48.3
49.5
53.6
53.2
53.5
53.7
52.8
53.7
53.3
46.7
43.0
43.2
43.0
45.2
48.4
39.8
36.6
34.1
38.9
43.0
46.2
43.1
46.0
43.8
44.7
45.1
42.3
37.9
38.0
39.3
39.1
41.7
44.5
31.1
29.4
29.7
29.2
32.1
35.5
33.7
35.7
35.4
36.6
41.2
49.2
29.9
21.9
18.3
18.9
21.6
5.3
3.1
10.0
16.7
16.3
18.2
27.1
26.0
24.9
25.3
22.5
23.8
20.0
25.7
29.4
34.5
33.8
27.4
25.0
22.4
21.4
26.3
26.9
29.7
