value
81.0
82.7
83.6
78.6
80.5
80.3
81.9
79.1
76.3
79.3
81.6
80.5
80.3
80.4
78.4
80.2
77.0
79.2
81.2
82.2
83.9
79.7
79.4
80.6
78.7
81.9
82.1
81.3
80.2
81.1
82.1
84.9
80.5
83.9
83.1
83.6
82.3
82.9
84.4
83.3
82.7
83.4
82.2
82.3
79.9
85.8
81.6
79.4
80.0
80.5
80.3
82.1
81.2
81.7
83.4
85.1
82.6
84.3
85.1
85.2
85.6
83.1
80.1
81.6
83.3
84.5
83.4
83.5
81.0
84.6
84.5
85.5
82.0
83.1
81.9
84.4
85.8
83.5
82.2
86.2
84.2
84.0
85.2
86.2
86.6
84.1
85.0
84.9
84.2
83.9
85.6
84.5
84.9
82.0
85.8
81.7
82.1
83.4
85.5
84.2
83.0
-99
84.3
81.9
85.2
84.3
84.9
77.9
82.0
85.4
85.1
79.4
83.7
82.8
82.4
84.7
83.6
84.3
86.3
86.5
84.8
84.8
84.6
86.0
85.5
86.9
84.2
84.2
84.3
84.8
83.5
83.3
81.2
84.2
85.3
86.9
83.1
84.3
82.6
84.3
84.9
83.8
81.2
85.0
80.2
83.1
81.4
82.8
83.0
82.8
83.1
83.4
84.8
82.5
84.2
85.3
82.5
84.8
83.0
83.0
84.9
81.9
81.7
79.1
84.1
84.4
84.5
79.3
83.6
84.4
85.4
84.5
85.4
84.9
85.3
85.6
83.3
83.3
83.4
85.5
85.3
84.5
81.5
79.0
76.9
77.0
81.8
82.9
84.6
79.2
81.6
81.3
81.9
78.9
81.2
81.8
83.9
-99
79.7
83.4
81.2
80.4
77.6
83.1
82.7
82.0
84.0
84.1
81.2
83.0
83.5
83.4
83.2
83.2
84.7
84.1
84.1
84.0
80.2
80.0
82.1
83.9
84.4
83.4
82.3
84.1
82.7
84.6
83.4
82.6
84.3
83.9
84.4
86.0
85.4
84.2
84.3
84.1
84.2
84.7
85.0
84.1
84.9
85.3
86.0
85.2
84.4
84.0
83.6
81.9
83.1
83.7
84.2
84.2
85.1
85.1
83.9
83.6
83.8
84.4
84.8
85.7
86.0
84.5
85.0
85.6
86.1
86.1
85.5
85.4
85.5
85.0
82.7
85.5
85.3
86.1
85.2
83.8
84.2
83.9
84.0
85.1
83.6
86.0
85.2
83.1
85.5
86.4
87.1
88.6
83.4
84.7
85.2
85.5
83.4
84.3
85.2
85.1
85.7
85.0
82.8
78.9
82.8
82.8
81.1
84.6
84.8
83.9
84.5
84.7
84.8
81.5
84.7
83.6
83.6
82.1
79.5
81.6
80.7
80.1
80.2
82.3
86.0
81.8
84.8
85.6
85.4
85.0
85.8
79.1
83.8
85.0
84.0
85.1
83.0
82.6
82.5
81.8
84.3
82.4
86.1
82.0
81.1
84.5
83.6
82.6
80.3
80.0
81.4
82.4
81.3
82.0
82.0
79.7
82.7
77.2
81.0
82.5
83.0
82.3
82.7
82.7
82.6
78.4
78.4
