value
9.8
-2.4
-3.0
-0.5
0.9
11.0
5.7
27.9
34.9
33.9
19.1
3.1
0.9
-6.4
6.5
12.1
2.6
1.4
2.1
2.2
4.7
5.1
10.6
24.3
36.6
39.7
32.8
24.9
26.3
29.6
34.8
37.0
33.3
27.1
31.0
34.3
33.1
29.6
30.4
29.8
26.9
17.3
26.1
32.1
33.6
34.5
35.1
35.8
30.2
28.6
30.2
26.7
28.6
29.7
19.5
22.4
25.7
20.6
25.7
33.7
35.8
40.3
31.3
31.4
35.0
35.1
35.1
34.2
36.5
43.4
42.7
45.2
46.3
54.2
47.8
40.6
34.2
36.2
43.2
38.0
28.6
25.2
26.3
29.3
37.0
40.1
45.0
50.9
49.3
46.5
48.6
48.4
54.7
56.2
53.7
48.1
46.4
39.9
34.7
38.6
47.8
44.5
50.1
34.8
35.3
33.3
32.2
33.2
43.7
45.7
49.4
43.3
34.4
39.1
45.0
51.7
56.6
59.3
56.0
47.5
39.3
42.1
51.1
54.9
54.0
55.3
56.6
53.4
55.7
59.1
60.8
65.1
72.2
69.9
67.8
64.8
54.1
54.5
50.6
53.2
58.1
57.3
47.6
53.6
54.3
56.9
57.0
52.3
53.7
53.5
54.3
57.4
64.1
60.1
59.7
59.2
65.8
67.2
70.9
76.1
76.2
76.3
67.6
62.0
55.0
54.9
65.4
71.1
70.0
67.3
52.5
57.1
57.4
56.4
69.2
63.3
65.1
72.2
77.4
79.3
79.6
79.7
78.4
80.8
80.5
78.4
69.9
70.2
74.5
74.2
75.9
80.2
68.5
76.2
74.0
71.2
73.8
74.6
76.6
75.8
80.2
80.7
78.7
77.5
72.9
76.9
76.0
77.9
69.1
73.1
73.7
73.6
78.0
72.2
69.5
71.7
73.1
75.3
76.8
76.2
71.9
77.4
79.3
72.3
74.2
71.0
74.8
75.3
75.4
77.1
80.0
80.3
73.6
71.4
73.3
71.8
69.2
74.7
74.7
74.2
70.1
74.2
71.3
67.5
71.8
68.7
66.9
73.6
71.3
67.3
68.8
66.7
63.1
67.0
69.1
65.5
64.8
64.0
67.7
75.3
57.1
49.2
52.9
66.1
59.2
56.5
60.1
51.6
43.1
43.0
52.9
59.9
62.7
50.6
50.2
40.8
41.7
40.1
44.0
47.7
50.3
42.9
47.5
46.7
42.5
45.4
41.9
37.1
38.8
42.4
40.3
43.0
51.8
42.6
44.8
45.8
46.2
45.4
45.5
45.8
52.5
38.5
40.6
41.8
44.7
42.6
41.2
31.4
29.2
39.6
43.8
49.4
40.7
38.7
43.3
39.1
47.6
41.7
35.4
35.6
35.1
34.7
47.3
44.2
29.7
22.3
25.0
25.4
27.0
29.0
30.2
30.7
31.8
34.0
41.3
47.3
27.6
7.0
5.5
7.5
11.8
8.7
0.6
7.7
4.2
7.4
11.4
22.7
21.4
15.6
14.8
20.3
22.6
22.1
25.8
25.8
35.3
36.1
24.3
19.4
21.0
24.0
24.7
25.1
30.0
