value
39.0
49.4
52.4
48.5
49.0
48.3
50.5
47.6
35.1
38.5
39.1
41.5
34.0
38.5
34.0
39.7
42.7
37.1
36.2
35.6
34.0
29.5
35.6
38.2
43.6
44.0
41.2
44.1
48.3
44.0
44.3
40.5
35.9
46.4
42.8
36.9
37.9
35.9
40.9
43.7
42.5
38.4
38.5
46.3
43.8
42.1
45.7
44.8
42.4
39.2
39.7
36.4
34.9
34.1
34.2
35.9
38.8
39.9
38.2
41.0
35.3
40.7
40.0
37.9
43.6
44.2
45.8
42.2
37.6
32.1
34.1
35.2
36.9
42.3
35.3
35.2
38.0
35.0
37.0
39.5
39.7
36.9
34.6
36.0
34.1
33.7
34.5
36.0
37.6
38.5
37.2
37.9
38.0
37.3
37.4
36.1
38.9
41.1
39.4
41.8
43.3
44.6
44.8
53.5
52.7
51.6
51.8
46.9
45.4
47.8
47.7
50.3
53.3
52.0
46.5
42.6
43.9
46.2
45.2
44.2
48.4
48.9
53.0
51.2
56.2
54.3
52.3
51.6
48.3
49.8
46.8
48.7
45.4
46.2
45.0
43.6
45.4
48.2
53.5
54.0
53.3
50.3
45.5
47.1
49.8
54.7
50.8
49.5
55.6
57.0
52.3
50.7
54.0
58.1
54.8
54.5
54.4
57.4
55.6
56.3
54.6
55.3
55.0
53.8
53.3
53.7
53.9
54.5
56.9
57.9
57.8
58.7
55.6
53.8
53.9
58.2
57.8
55.9
59.2
58.6
58.9
56.1
56.9
59.4
60.7
59.1
61.7
63.7
63.6
66.2
62.2
63.0
66.1
65.4
63.9
61.3
64.1
66.7
66.2
66.7
65.5
61.5
64.6
66.0
64.3
62.8
61.8
59.2
60.0
62.3
61.1
60.2
65.7
63.2
58.7
60.0
59.3
59.4
59.6
62.5
58.8
60.2
58.6
56.3
59.1
63.7
64.7
60.7
62.5
57.7
59.1
62.1
64.7
59.6
58.4
55.8
59.2
56.5
60.2
57.6
62.9
60.0
53.6
55.7
61.9
62.8
61.7
55.6
49.2
48.3
51.0
51.1
54.6
57.1
60.5
51.5
50.5
54.3
48.5
48.6
50.0
54.7
54.3
62.9
62.7
58.8
57.7
56.5
56.9
57.9
56.1
56.9
56.2
57.3
59.6
60.0
58.0
57.2
61.4
62.9
57.6
49.4
44.2
49.6
52.1
50.2
49.7
46.4
52.5
53.1
55.1
56.5
54.4
54.7
58.3
50.6
50.4
56.4
51.8
51.7
48.8
44.8
48.5
49.1
45.6
44.6
42.7
39.8
45.8
45.6
44.4
42.8
41.0
41.6
53.7
45.2
45.4
44.6
47.3
49.6
51.1
42.0
36.3
42.5
37.6
34.9
37.4
43.2
42.1
43.3
45.2
47.5
45.5
42.1
45.9
45.2
45.8
39.8
44.0
42.9
45.4
49.3
49.3
53.5
51.5
56.3
50.6
48.4
48.0
42.9
42.2
49.3
37.1
45.1
44.7
37.7
46.0
39.5
37.9
39.4
43.6
37.9
41.5
45.0
44.0
