value
19.5
17.1
25.8
22.5
29.1
31.6
26.5
32.3
40.0
34.3
45.9
47.6
27.8
15.5
21.7
25.1
29.2
27.2
39.9
25.2
12.4
5.1
13.2
13.7
21.2
20.9
26.6
41.3
51.8
41.1
19.1
6.8
16.2
13.7
23.0
20.2
26.3
33.3
28.3
27.0
29.8
38.0
27.6
29.0
37.0
30.0
19.0
16.9
35.9
24.3
14.6
23.1
27.8
26.7
25.9
31.2
34.2
33.5
33.4
27.6
26.4
23.2
25.9
32.1
30.6
32.6
31.9
34.9
42.7
42.5
32.5
27.9
28.9
34.6
33.0
30.3
31.6
24.1
21.6
21.9
28.3
32.4
33.8
33.8
32.7
37.2
38.1
43.2
42.5
49.3
36.2
34.0
35.1
39.1
43.8
46.9
53.0
50.3
43.9
39.9
41.3
41.0
38.7
45.4
63.3
47.2
43.4
52.2
40.9
37.1
40.5
51.5
53.2
41.3
45.0
49.2
57.2
57.8
60.1
69.6
74.4
54.4
43.6
55.4
58.1
59.8
53.9
65.1
64.1
47.4
49.7
46.3
48.0
65.5
76.0
69.6
60.7
65.8
71.6
79.5
72.8
68.7
53.6
47.8
49.9
54.5
55.8
64.8
71.1
76.5
70.5
70.3
57.5
53.6
60.2
61.6
57.7
57.9
62.3
66.6
70.7
70.4
75.0
66.9
64.1
66.7
76.4
77.4
62.7
63.5
71.2
74.8
73.1
71.9
76.4
73.0
72.9
75.7
74.7
68.0
67.7
68.3
64.6
64.1
69.1
73.9
75.3
77.2
78.4
79.7
81.2
72.9
71.8
74.3
78.3
79.8
81.0
85.2
85.2
86.4
80.0
76.2
76.3
74.9
66.3
68.2
69.2
63.8
59.8
65.3
66.3
67.6
70.0
72.1
73.8
68.6
66.2
71.8
78.9
71.6
71.7
74.0
71.3
74.2
67.0
63.7
64.2
69.3
70.6
71.8
72.2
77.2
79.4
75.1
72.6
72.7
76.9
80.3
84.3
81.0
77.0
80.3
72.9
74.4
72.0
66.2
69.5
71.5
69.2
76.3
74.8
78.2
86.8
82.7
75.0
61.8
59.0
59.0
58.9
58.8
67.7
72.6
72.6
60.5
56.9
57.6
60.1
61.5
63.1
65.9
68.2
64.6
59.7
67.3
69.8
67.7
69.5
69.3
58.9
53.1
58.8
59.9
60.7
63.7
62.2
54.8
53.6
57.4
51.6
49.9
44.6
47.0
45.5
49.8
35.9
38.0
39.0
38.5
47.4
42.2
44.7
47.4
52.1
61.3
47.3
43.7
42.4
47.9
52.7
52.0
37.5
37.0
49.3
43.1
41.9
27.3
27.8
38.4
43.5
47.1
60.1
41.1
33.1
35.7
44.3
40.0
25.3
17.9
25.9
31.1
20.8
26.5
25.3
36.0
37.1
36.5
40.9
49.9
35.1
20.0
14.0
19.0
21.6
8.8
16.0
6.2
21.3
30.2
18.8
13.0
22.4
24.7
35.2
34.8
32.4
32.6
19.6
3.6
20.4
23.2
32.7
40.2
35.4
9.6
7.8
