value
19.6
13.4
25.0
20.0
26.0
29.4
25.6
32.6
40.0
34.0
49.2
46.2
23.1
13.6
19.0
23.3
32.9
29.8
41.0
26.0
12.2
6.6
18.6
16.3
25.4
22.7
29.7
46.0
57.4
41.0
18.1
7.5
22.1
21.3
28.5
27.8
34.0
36.6
30.7
29.6
36.0
39.2
30.5
32.8
37.0
31.1
21.8
22.5
40.1
22.5
15.3
21.2
29.1
26.1
24.4
33.4
34.6
31.6
33.0
30.2
25.5
20.9
30.3
32.6
28.2
28.1
32.9
39.6
49.5
40.2
31.6
28.4
31.7
38.8
39.8
32.8
34.0
27.9
25.7
22.8
30.0
38.7
32.7
30.9
33.1
36.1
36.3
44.7
46.1
51.3
38.6
33.9
37.3
44.4
48.4
54.4
56.3
62.7
67.9
52.0
45.8
39.2
42.0
55.9
63.4
46.0
48.1
56.4
39.1
38.9
45.1
53.9
50.3
40.9
45.7
52.4
54.3
56.5
59.6
70.5
72.1
66.3
48.9
59.3
59.7
64.0
61.7
66.8
65.6
57.4
53.8
47.9
52.2
67.1
77.8
71.0
71.0
70.8
75.0
76.0
70.6
68.4
59.5
53.5
53.0
54.6
60.2
69.1
72.4
76.6
66.6
68.3
61.8
58.3
62.3
67.7
65.3
64.5
64.9
70.7
68.2
71.9
80.5
77.6
70.0
71.0
72.2
75.6
74.3
70.6
76.6
79.0
78.0
70.4
73.7
76.3
76.1
80.1
76.9
70.1
68.8
69.9
68.5
67.2
72.4
74.6
74.8
78.0
79.4
81.3
81.8
73.8
72.2
73.3
78.6
81.7
82.4
83.7
85.3
85.8
83.0
75.6
76.3
75.0
68.7
68.7
68.6
63.0
62.1
65.4
67.4
69.9
72.9
75.0
73.9
70.7
69.4
73.9
78.8
75.0
73.1
73.6
71.4
74.6
69.1
63.3
64.8
69.1
68.6
70.2
72.6
75.8
78.0
76.8
74.5
75.6
78.6
79.1
82.6
84.2
80.0
83.0
82.3
77.0
74.0
67.4
69.4
74.0
75.0
76.1
79.5
82.3
83.9
82.2
76.7
63.9
60.1
61.4
62.0
61.2
72.6
79.5
71.4
60.3
59.3
61.0
64.6
66.9
68.7
69.4
70.6
62.2
61.2
68.8
70.2
72.4
72.7
73.2
54.1
54.4
60.4
61.1
60.8
67.0
66.5
56.2
52.3
61.2
51.4
52.0
47.3
46.7
47.0
51.1
36.6
38.9
38.0
37.2
46.3
41.2
45.7
47.1
55.5
61.4
47.6
44.4
40.2
49.8
53.1
51.2
36.1
38.3
50.7
44.1
42.8
26.3
26.7
38.1
41.3
49.9
60.7
44.3
35.5
36.6
44.8
39.9
25.1
17.9
26.5
29.8
20.4
26.1
26.2
36.8
37.5
38.6
43.1
50.5
29.5
18.2
12.9
18.3
20.7
13.5
19.4
10.8
25.8
31.0
17.3
16.6
24.9
24.8
37.6
39.2
29.7
31.4
15.5
4.8
23.1
28.4
32.8
39.3
31.7
7.1
15.9
