value
26.5
37.5
38.6
44.9
40.7
39.1
38.2
39.5
40.5
37.5
41.5
34.7
31.0
27.7
37.8
37.8
40.9
42.2
38.2
38.9
39.4
37.8
35.5
35.9
30.0
35.1
38.6
38.1
39.0
36.2
31.2
33.3
38.3
33.6
35.3
34.4
31.4
34.1
38.4
44.5
36.8
36.7
33.3
32.1
31.4
31.8
35.8
40.4
43.3
45.3
46.1
46.3
46.3
45.0
45.3
48.4
45.9
41.4
41.2
43.7
37.2
32.1
24.3
20.8
27.4
37.0
39.4
38.0
34.2
32.7
37.5
37.2
34.8
33.4
25.9
24.8
25.0
27.5
32.8
36.5
37.8
40.1
39.3
39.3
37.5
37.2
38.0
39.0
39.3
41.5
41.8
41.8
43.0
42.4
40.1
35.2
35.6
36.9
36.2
28.5
25.0
24.5
28.5
37.3
36.9
39.0
35.6
32.9
36.8
37.6
37.0
38.6
37.1
35.2
33.2
32.9
39.5
37.4
33.5
29.2
29.8
32.9
39.7
39.4
38.7
41.5
42.3
43.1
42.7
44.1
42.6
41.1
45.8
45.7
39.7
43.9
44.0
47.6
45.0
42.6
41.0
41.3
42.7
48.2
42.0
43.2
43.5
48.2
46.3
45.9
45.0
44.3
47.0
51.1
50.5
52.6
51.8
48.8
50.3
51.7
54.6
54.9
49.2
49.4
48.4
47.3
46.8
47.8
48.5
50.8
52.7
52.6
51.1
48.5
51.0
51.4
49.1
45.9
45.5
47.5
52.5
46.2
46.8
51.8
50.5
49.0
47.1
48.7
51.1
52.3
54.1
48.6
47.4
48.2
48.7
50.0
49.1
51.0
52.5
52.3
53.2
54.1
52.5
55.9
54.4
52.9
50.2
56.9
55.1
55.3
56.6
52.6
51.4
52.3
53.4
50.6
48.6
47.4
49.8
50.9
52.6
51.6
51.2
48.6
51.2
52.6
51.0
50.6
51.3
48.1
47.3
48.1
51.6
52.4
55.8
50.1
47.4
48.6
49.1
50.5
50.6
45.3
49.0
49.6
46.4
45.5
44.8
45.7
46.0
49.8
48.3
48.6
48.3
48.0
44.8
44.5
43.2
41.6
40.5
40.3
40.8
42.5
43.8
43.1
46.9
46.5
45.6
45.7
46.0
41.8
40.5
45.1
44.5
41.5
44.6
44.7
40.3
36.9
34.4
35.8
35.6
39.7
45.7
50.3
50.2
48.2
44.0
41.6
40.2
42.1
42.1
37.7
35.9
35.3
37.6
37.6
36.1
34.9
35.6
36.9
37.5
33.3
37.6
35.9
34.6
34.9
30.1
36.8
41.0
39.2
37.1
31.3
34.2
37.1
40.9
30.0
33.6
39.0
38.5
34.3
31.6
27.3
35.3
27.6
39.5
37.1
30.1
37.3
45.4
43.6
39.9
38.4
37.9
40.9
41.2
33.2
30.9
22.1
13.4
17.3
27.4
34.3
34.1
33.2
32.6
31.7
37.0
31.4
26.3
26.6
33.8
33.1
30.2
33.2
36.9
32.5
32.4
33.2
33.3
32.0
30.1
30.7
30.9
37.1
38.5
