value
14.6
14.5
25.6
19.8
25.5
28.8
24.8
32.6
38.3
31.4
43.2
43.2
22.6
11.8
16.1
20.9
28.1
26.7
40.0
20.1
9.4
3.4
13.4
11.3
21.8
18.8
26.8
39.7
50.3
37.3
15.2
2.0
14.0
13.4
20.5
16.2
24.5
34.0
25.9
24.8
28.0
35.5
26.7
28.8
36.0
28.0
17.0
15.7
34.9
19.0
10.8
17.8
27.2
25.8
21.9
26.3
33.9
32.0
33.3
26.4
21.3
16.1
23.3
30.6
28.4
29.6
23.9
33.4
39.5
36.1
30.9
25.9
26.0
31.5
31.7
29.0
30.8
21.3
18.9
19.0
24.4
31.1
33.0
30.7
33.1
36.8
35.3
42.0
42.8
46.3
34.0
32.9
34.5
40.8
44.2
47.0
51.4
51.5
47.2
39.7
40.6
39.6
38.0
45.6
61.6
45.0
44.6
50.7
38.7
36.7
40.9
51.4
48.9
42.0
44.5
50.2
55.6
59.7
61.1
70.8
73.3
57.2
44.7
56.9
61.9
62.3
61.3
67.2
65.4
50.2
50.2
45.9
49.6
67.7
77.0
69.9
66.8
67.6
74.3
75.0
71.3
66.7
58.2
51.2
52.9
54.2
54.3
64.3
71.7
77.2
68.1
69.5
60.6
57.0
62.0
61.3
58.1
61.5
62.3
69.4
69.8
71.4
74.7
70.8
67.4
68.4
75.9
75.5
68.1
66.2
73.1
73.8
72.6
71.5
71.8
71.3
74.0
78.1
74.8
67.2
69.0
68.6
68.0
64.1
69.1
73.3
73.8
77.5
79.4
78.6
78.7
72.2
71.6
72.6
76.6
80.7
82.0
83.0
83.8
84.6
79.1
74.8
73.7
72.9
66.8
67.3
68.9
62.8
59.8
63.5
64.7
68.0
70.5
72.4
72.7
68.7
65.3
72.2
77.9
71.5
70.4
70.9
66.4
72.7
66.6
63.6
64.6
67.3
69.2
69.1
70.2
74.0
77.0
73.3
71.1
71.0
76.4
77.2
81.1
81.0
75.4
79.0
73.9
73.3
70.5
63.6
66.7
70.6
70.3
75.4
74.1
76.3
84.4
78.4
71.2
61.2
56.9
57.0
58.7
56.9
66.1
75.7
70.4
58.8
55.3
57.2
59.9
60.5
61.5
65.6
67.6
60.9
58.5
66.6
68.0
67.6
68.9
69.5
54.9
53.6
57.7
60.2
59.2
63.1
64.5
51.7
49.1
55.3
49.8
49.3
43.5
43.7
40.4
46.5
33.5
35.2
37.3
36.0
47.2
39.5
41.8
44.3
51.2
59.6
45.4
41.7
38.2
46.6
51.4
49.6
34.6
34.9
48.7
41.1
40.6
23.9
25.6
37.2
42.8
45.3
57.7
39.2
31.2
34.4
40.9
37.4
22.7
16.2
24.9
30.5
17.3
24.6
21.3
33.9
32.8
33.6
38.6
46.3
29.8
16.2
10.6
15.7
17.7
5.7
13.7
3.7
16.9
28.0
14.9
10.8
22.1
21.7
28.7
31.1
26.3
28.6
13.6
-4.6
18.1
20.2
24.8
35.2
30.9
2.3
1.7
