value
21.8
13.3
24.2
23.0
31.1
32.2
27.7
35.7
41.7
36.6
52.4
49.4
24.9
15.3
18.9
27.1
33.3
31.3
42.6
28.7
15.6
9.8
21.1
19.2
28.1
24.8
30.1
52.0
60.1
43.3
22.8
10.6
25.6
25.5
32.6
32.6
34.5
38.7
33.0
30.8
37.7
41.4
31.6
36.3
39.6
31.9
23.9
25.4
42.5
26.6
18.1
21.7
31.6
24.1
25.4
33.3
34.5
32.2
32.6
31.4
27.4
22.8
32.7
33.6
29.6
29.9
35.1
43.7
52.0
39.2
34.0
30.1
33.2
43.2
42.8
35.3
36.3
32.7
27.9
24.4
29.5
40.6
32.9
31.1
31.2
32.7
33.6
44.2
46.1
51.0
41.3
35.6
38.6
43.9
48.8
57.2
60.5
65.4
68.2
60.9
48.3
39.9
43.8
58.5
63.6
46.7
51.4
59.4
40.2
39.7
46.4
53.9
53.5
42.0
47.4
51.8
51.8
55.6
59.5
70.8
71.4
65.8
50.8
50.9
55.0
60.7
62.5
66.9
64.4
59.5
55.4
49.2
53.5
69.6
79.0
74.1
69.7
71.4
75.4
76.0
71.1
68.8
60.3
54.3
52.9
56.2
63.7
69.9
74.6
76.3
69.2
68.6
63.0
60.2
62.1
66.8
68.7
65.5
66.5
70.4
68.4
72.4
83.0
79.1
71.2
71.5
72.9
75.4
74.4
72.1
77.3
80.9
79.5
70.3
75.2
79.5
74.8
80.0
78.0
71.5
67.7
70.5
67.3
68.5
74.4
74.1
75.0
77.8
80.6
83.0
82.0
73.4
70.8
72.3
75.8
80.1
82.2
82.3
83.6
84.7
82.2
75.1
76.3
77.4
68.9
68.0
67.8
64.4
62.0
65.2
69.1
71.3
72.1
72.3
73.8
69.1
68.9
73.9
75.9
73.7
71.5
73.6
69.8
73.2
69.5
62.2
62.8
67.6
66.0
68.8
71.1
73.8
75.5
76.3
76.1
74.8
75.8
78.9
81.0
81.2
79.6
81.9
83.7
76.3
73.2
66.7
67.4
71.0
73.1
74.7
77.2
80.1
82.3
79.8
74.8
62.9
57.6
62.9
63.2
61.3
71.7
79.8
71.2
59.6
57.3
59.5
62.7
68.5
68.7
67.9
69.5
64.5
58.2
68.3
71.8
74.6
74.2
74.4
53.6
54.2
58.5
58.8
60.9
65.8
66.9
54.3
51.6
61.2
50.0
52.5
48.6
46.7
46.6
51.5
38.0
40.2
38.2
35.9
48.0
40.2
45.3
47.2
57.9
62.0
48.7
45.0
42.3
50.2
53.6
51.5
36.0
38.0
52.2
42.9
44.1
27.6
27.2
39.2
44.8
51.7
63.0
44.6
35.8
36.2
46.8
40.9
26.5
18.0
27.6
30.1
20.9
26.3
27.3
38.4
38.6
39.0
45.0
51.1
30.9
20.0
14.3
20.2
22.2
18.6
20.2
14.7
28.0
32.0
21.3
21.0
25.3
24.4
40.8
49.4
31.1
32.0
20.5
9.4
25.1
31.1
36.0
42.6
31.2
10.2
23.3
