value
78.0
76.4
73.9
72.2
71.2
69.7
71.3
75.7
78.7
76.1
80.2
79.6
77.5
78.3
76.4
76.6
75.9
72.1
71.1
73.0
73.3
75.0
73.8
74.0
73.2
74.3
75.5
75.9
75.7
74.0
75.3
77.6
77.7
77.9
77.3
76.7
73.8
73.2
76.0
80.4
79.1
82.3
86.1
85.2
83.3
80.8
75.9
73.8
75.8
79.1
80.0
78.8
79.0
78.2
78.2
78.9
78.3
78.0
80.6
84.5
85.3
85.9
84.9
87.5
87.6
88.5
88.2
85.2
81.9
81.2
79.8
78.8
80.1
82.8
81.3
81.7
82.1
83.0
83.8
81.7
81.0
81.4
82.1
83.6
81.3
80.3
81.1
81.3
82.8
83.6
82.0
80.7
80.7
81.8
82.9
81.3
82.9
82.7
82.6
83.7
82.4
83.0
84.4
83.5
82.1
81.3
81.8
82.2
82.6
83.4
83.4
83.7
84.4
86.4
89.8
89.2
90.0
87.9
87.0
86.9
87.5
85.5
84.5
85.1
85.6
85.1
84.9
85.0
85.2
85.6
85.5
85.9
85.8
85.3
85.5
85.8
85.5
85.6
86.5
86.8
87.1
86.7
87.1
87.5
87.6
88.3
88.0
88.3
88.1
87.5
87.7
87.6
86.3
83.6
86.0
86.7
88.0
83.2
82.4
80.0
79.4
84.8
83.8
82.5
80.3
80.8
79.2
80.6
79.4
82.9
82.7
83.8
84.8
82.5
80.8
79.8
82.6
83.2
82.8
82.8
83.0
81.0
83.1
84.2
83.9
84.1
82.1
80.0
80.4
82.0
79.8
80.7
79.1
82.1
83.4
83.0
81.2
80.5
80.3
80.5
79.0
81.1
80.6
77.5
79.2
80.8
81.3
81.1
81.0
81.5
80.2
81.2
78.6
80.1
80.9
81.7
82.0
81.8
79.6
80.7
81.1
81.8
81.5
81.2
80.2
81.1
81.7
80.8
80.7
81.5
82.6
82.5
82.7
82.8
81.8
81.5
80.5
80.7
82.3
81.9
82.5
82.2
81.3
82.8
83.0
83.3
82.2
82.6
82.7
81.7
82.4
81.5
81.5
81.3
82.8
83.8
83.6
81.3
81.8
81.7
82.2
78.7
82.4
83.7
83.6
82.5
80.1
80.6
80.9
79.5
81.2
82.6
83.3
83.3
83.0
84.3
83.2
82.1
83.1
81.2
82.6
82.4
82.3
80.3
80.9
83.5
83.0
82.0
83.3
85.2
87.9
87.1
86.9
86.0
87.0
87.1
85.4
85.2
84.5
84.3
84.0
84.5
85.3
85.0
84.2
85.4
86.8
86.9
84.0
83.8
83.9
83.4
83.6
83.6
82.5
81.3
81.2
81.7
82.7
81.2
82.6
84.0
84.8
81.1
80.4
81.7
82.5
83.0
84.2
83.8
84.9
85.9
82.6
84.0
84.6
83.7
83.6
84.7
84.5
82.1
80.1
77.5
79.0
80.0
79.6
79.5
78.2
77.8
78.1
78.5
78.4
77.4
76.7
76.0
75.1
75.8
78.7
79.6
79.3
79.5
77.0
75.6
75.7
76.1
76.0
