value
66.7
70.4
67.4
67.0
65.3
65.4
62.5
56.8
57.5
60.9
61.0
62.7
65.0
67.3
70.4
72.2
73.7
73.8
74.2
68.8
65.4
64.0
62.3
62.3
61.3
62.2
61.3
61.4
63.2
64.2
67.9
68.4
69.9
74.2
71.9
72.8
73.5
75.3
71.0
68.0
66.9
67.5
69.9
73.0
73.8
74.6
70.5
64.4
67.1
69.2
69.6
70.7
72.6
74.9
77.3
76.8
76.7
74.9
77.7
74.7
73.3
74.8
77.1
79.8
80.8
81.8
81.3
80.9
83.0
83.1
83.6
84.0
84.0
84.3
83.6
78.1
81.0
84.5
85.3
85.4
85.0
85.3
85.7
89.3
88.5
87.3
87.0
85.0
82.5
86.6
87.1
88.1
88.2
88.7
87.9
88.4
88.3
89.7
89.0
88.3
87.4
88.3
89.5
86.8
85.8
86.5
82.5
81.3
83.0
80.9
80.5
79.9
79.7
82.8
86.8
88.2
89.4
88.8
88.7
89.9
90.6
89.1
88.0
88.6
87.0
87.8
89.3
89.1
89.6
90.4
87.4
83.3
85.6
82.8
84.9
82.0
85.5
86.2
84.8
85.1
84.8
88.6
82.8
84.9
86.9
86.9
85.1
81.1
79.6
79.5
83.3
87.1
88.3
89.0
88.8
90.2
88.6
84.1
85.9
86.4
82.7
84.9
82.7
82.7
81.6
82.3
87.0
86.9
87.1
84.1
83.7
87.7
83.9
84.7
83.4
83.0
84.9
84.9
86.9
82.5
80.3
85.1
85.7
84.4
87.2
86.4
86.8
87.7
87.9
87.5
85.0
83.9
82.3
82.6
86.2
85.3
85.1
84.8
84.7
84.7
84.9
86.0
84.4
83.5
83.3
83.6
81.5
81.3
81.2
80.4
83.3
82.1
84.1
86.0
87.2
87.0
83.8
81.8
82.4
80.3
82.5
81.7
80.7
82.7
84.7
86.1
84.3
83.8
85.0
83.8
79.1
78.6
80.5
84.1
86.4
86.9
86.4
83.7
81.8
79.3
83.1
86.1
86.6
87.3
80.5
84.1
87.8
88.5
83.5
84.9
81.3
81.5
82.1
84.2
86.5
88.7
82.1
85.9
86.0
82.7
83.0
82.4
82.7
84.4
86.1
87.6
88.5
86.8
84.8
83.6
80.5
80.4
78.8
81.0
84.7
81.1
81.0
81.3
82.1
79.8
79.4
78.9
83.9
85.5
80.5
81.3
82.6
82.4
83.5
83.2
83.6
82.4
80.4
79.7
76.3
78.3
81.5
77.9
72.0
76.4
79.7
80.6
78.5
77.5
77.9
78.5
79.8
81.4
76.4
75.7
75.1
76.2
75.9
76.0
73.6
72.3
71.5
72.1
74.8
76.1
73.1
72.8
71.4
70.3
71.3
74.1
73.1
72.2
71.2
71.0
72.2
74.5
76.2
74.8
71.0
69.9
71.1
71.9
70.8
70.2
70.0
68.9
68.6
69.7
69.0
67.1
67.5
66.6
65.2
65.7
65.4
67.0
67.0
70.1
69.8
69.8
73.0
69.7
62.8
62.0
62.4
65.6
64.7
63.2
63.5
