value
78.5
77.5
78.3
78.2
78.6
78.2
78.0
78.8
78.2
77.3
77.5
76.4
76.1
74.7
75.8
76.9
76.5
76.7
76.6
78.1
77.0
77.7
77.6
77.0
77.0
76.9
76.2
77.2
77.2
77.1
76.7
75.8
75.9
76.7
77.7
79.1
79.2
78.7
78.3
79.1
79.7
79.6
80.4
80.0
81.1
79.4
82.1
81.4
81.2
80.9
79.0
78.7
78.6
77.7
76.7
77.4
77.7
79.6
79.1
79.3
79.9
78.8
80.0
81.7
80.8
81.4
82.4
82.6
82.7
82.7
81.5
81.1
82.3
82.1
82.0
81.9
80.9
81.8
82.4
83.1
83.4
82.7
83.0
84.2
85.3
85.4
84.7
85.6
85.8
85.7
85.7
85.1
84.0
85.5
88.2
87.7
88.1
86.6
86.3
85.0
85.6
86.5
86.7
87.4
88.6
89.8
90.1
88.9
88.0
88.2
87.2
87.3
86.7
85.8
86.8
86.6
87.3
89.6
88.6
87.1
87.7
88.5
89.5
89.1
89.4
87.1
88.3
90.3
90.3
90.7
91.7
90.0
85.4
88.1
89.6
90.8
89.2
88.1
88.4
88.3
88.6
90.4
91.6
92.8
93.9
92.2
88.1
88.5
88.6
86.8
85.6
85.1
82.4
86.7
86.9
86.8
83.2
86.4
87.3
89.3
87.1
86.1
86.5
88.1
89.5
88.7
90.3
91.1
90.6
91.3
90.8
90.5
90.0
88.7
88.5
90.6
89.6
86.5
85.4
83.9
86.5
87.9
86.3
87.5
85.8
85.3
84.1
83.6
83.0
84.4
81.9
80.0
84.4
87.0
87.4
84.2
84.1
84.3
82.2
80.0
83.6
84.2
82.8
82.0
83.9
83.9
86.0
86.8
86.1
86.3
88.0
87.5
87.2
85.9
85.1
85.1
83.7
84.4
85.1
86.7
84.9
81.0
83.8
81.2
83.5
76.7
79.0
80.6
82.5
84.5
85.8
84.4
85.0
86.0
86.8
85.5
86.5
85.9
85.8
85.2
85.2
84.7
86.1
86.1
84.8
84.2
84.2
84.4
84.1
84.2
81.6
81.8
81.6
78.1
79.3
80.8
83.0
85.0
84.9
84.2
85.1
86.1
86.6
85.5
87.0
86.5
87.0
84.6
84.9
86.1
83.2
84.7
85.3
86.9
85.7
82.1
84.4
85.1
86.2
84.2
84.2
81.1
79.7
84.8
85.2
84.9
86.7
83.1
84.1
83.1
83.2
81.9
77.9
77.1
78.3
81.5
82.6
82.1
83.9
82.8
82.7
83.7
80.4
81.9
82.4
81.8
81.1
81.7
80.9
80.8
80.3
79.0
79.7
79.9
79.9
78.5
78.3
77.5
77.7
76.3
76.8
78.1
79.6
79.8
82.4
81.7
80.7
79.8
79.8
79.4
78.7
77.5
77.6
79.3
77.9
77.8
78.2
77.9
77.7
77.4
74.7
75.8
76.5
78.9
80.5
79.2
78.8
77.8
74.9
75.4
75.6
74.9
74.5
74.1
74.3
76.5
78.1
78.9
76.2
75.7
77.1
75.8
75.1
75.8
78.0
