value
48.4
45.4
46.0
45.7
44.5
43.9
44.1
47.4
54.3
56.9
58.8
59.0
60.8
56.2
57.7
60.7
61.4
56.3
54.8
53.4
54.0
53.4
53.8
54.3
56.1
54.1
56.7
55.9
57.2
58.5
58.8
59.0
61.4
65.6
63.5
62.0
61.4
58.2
58.5
58.6
59.4
60.3
60.7
63.4
64.6
64.9
58.1
57.9
59.6
61.6
62.5
66.7
68.8
62.9
62.6
62.9
63.9
68.7
66.9
64.8
66.2
65.6
68.3
69.8
70.8
72.6
72.5
75.2
73.6
75.2
74.4
74.8
72.6
73.4
71.8
73.7
75.2
76.2
80.7
79.0
77.3
81.2
81.0
74.4
73.7
74.8
75.0
70.2
74.5
76.5
78.1
78.3
77.2
79.3
78.4
80.3
85.1
84.6
87.9
85.9
85.6
84.8
85.6
82.8
83.0
89.7
84.2
84.4
84.8
86.9
82.4
80.9
83.4
86.0
87.9
85.9
88.6
87.2
89.9
89.3
88.5
85.8
85.4
88.5
90.8
91.3
91.0
93.4
93.3
92.5
87.8
86.4
87.7
91.3
-99
91.4
92.2
91.6
97.1
97.2
98.3
98.2
100.3
99.4
99.8
97.2
96.0
96.0
94.8
92.8
92.4
89.5
90.3
93.3
96.7
99.1
90.0
93.3
93.6
95.2
97.8
86.7
93.3
86.5
86.8
85.7
80.7
80.5
83.5
85.5
91.4
96.1
96.7
95.3
92.2
87.8
88.1
88.1
88.7
90.1
90.9
93.1
91.0
88.9
90.4
89.8
88.1
87.9
86.5
84.6
85.7
89.0
84.2
89.3
87.9
89.0
85.6
87.5
86.7
87.6
80.3
84.3
85.1
88.2
86.4
83.3
86.8
86.0
90.3
87.6
86.3
84.2
88.0
89.2
89.9
90.1
84.9
81.2
83.2
82.6
81.4
84.7
85.6
86.6
86.1
85.4
81.9
80.5
81.1
84.1
83.1
81.4
84.5
83.3
87.3
89.5
86.8
89.7
89.6
85.9
87.1
84.7
84.4
86.4
89.0
88.8
88.0
87.3
86.4
87.6
85.3
84.8
87.3
88.5
87.8
87.1
88.1
88.8
85.4
84.6
85.5
85.9
83.6
79.4
83.9
87.1
87.7
83.4
83.5
84.2
85.9
82.4
80.8
84.3
84.1
82.2
76.7
83.2
84.7
85.0
86.2
86.2
85.9
74.4
80.0
81.4
81.5
79.9
80.5
81.9
80.7
78.1
77.0
76.7
77.0
77.0
76.1
75.3
75.7
73.4
73.6
72.5
74.7
75.3
74.9
71.3
69.6
67.8
65.5
67.8
68.2
66.1
66.3
64.3
65.2
61.8
64.0
63.6
62.6
61.9
60.2
65.5
64.0
64.8
64.4
63.5
62.3
66.7
70.0
70.4
66.2
65.3
64.2
64.6
64.6
63.0
63.3
62.9
63.0
61.3
60.8
61.8
61.1
59.6
62.1
63.9
61.7
59.7
59.9
59.5
58.6
58.6
61.3
59.8
58.2
59.5
57.8
56.0
56.5
54.1
53.5
51.7
51.3
54.1
57.7
