value
32.5
22.6
23.7
29.4
27.8
35.7
27.7
34.2
45.1
45.3
58.9
59.2
45.8
26.1
26.1
32.1
35.0
32.5
44.2
40.5
26.6
18.2
24.5
27.1
28.3
29.3
29.5
50.1
59.7
55.0
32.3
17.4
29.1
30.9
30.2
37.6
37.3
44.8
42.6
35.3
41.7
49.4
38.4
39.5
42.7
39.3
29.1
28.4
43.3
39.2
25.9
26.2
37.5
34.0
33.6
37.9
45.2
38.5
34.8
34.9
31.8
30.0
34.7
43.2
32.7
33.7
37.2
46.3
59.2
49.4
39.4
35.7
30.7
43.2
60.0
38.7
42.3
38.7
34.1
27.6
31.6
43.7
42.0
33.7
32.4
36.6
39.9
45.7
44.6
52.3
47.6
39.4
41.2
46.2
49.0
56.8
65.6
65.7
69.3
74.9
67.1
46.6
46.9
57.7
60.4
70.2
68.9
75.6
47.8
45.2
48.5
55.2
61.9
51.3
46.9
50.9
54.2
57.7
61.1
66.6
68.8
69.6
69.0
52.3
53.0
57.8
56.3
63.3
67.9
67.5
60.2
53.0
53.3
64.2
75.7
73.4
69.0
69.5
72.2
78.4
74.2
70.0
65.1
56.5
59.6
65.3
69.0
75.3
77.4
79.0
75.2
70.9
69.1
64.8
64.5
71.6
74.6
71.7
71.3
70.8
70.7
72.9
82.7
81.8
71.7
74.1
77.2
76.3
73.2
73.5
76.9
79.3
80.3
73.1
73.6
79.5
81.9
80.9
82.2
76.4
68.9
68.7
70.1
70.6
71.0
71.3
73.3
74.9
79.8
82.8
82.7
78.5
73.6
74.0
76.2
82.1
82.0
84.6
84.2
83.1
81.6
76.8
77.0
81.2
73.9
71.2
70.9
69.4
66.3
69.8
71.1
72.2
76.3
73.9
77.0
74.5
70.2
74.9
78.1
78.4
77.5
77.9
78.0
75.9
74.3
66.4
64.8
68.0
69.4
72.9
75.1
76.0
77.8
79.3
79.8
78.0
75.3
80.1
80.0
82.3
83.0
83.5
84.9
79.4
76.4
74.2
69.4
71.9
74.8
75.7
75.7
78.7
83.5
81.9
78.7
68.7
61.0
63.3
70.4
65.7
69.5
76.7
74.4
66.4
61.9
62.2
65.1
71.7
70.3
67.3
69.2
65.3
66.9
72.0
71.9
73.9
75.0
74.2
63.7
55.4
57.2
60.0
65.5
65.3
65.5
66.8
59.1
62.9
61.4
52.2
54.1
51.9
43.3
54.7
47.9
46.5
42.9
39.3
43.1
47.0
49.4
48.7
64.4
66.7
58.3
49.2
43.5
49.0
56.2
59.4
44.0
42.2
50.3
49.9
45.3
40.0
31.0
39.8
45.6
53.9
65.5
52.0
40.6
39.3
52.3
51.5
37.1
24.6
30.5
35.7
27.9
26.2
32.3
38.3
46.4
43.6
48.7
57.9
49.1
26.7
19.2
24.8
30.0
24.6
24.2
17.6
27.8
36.0
31.3
36.7
34.2
34.1
47.4
58.2
52.7
44.4
32.2
21.9
26.6
34.2
37.1
39.2
40.9
25.2
28.5
