value
28.2
12.0
17.1
22.0
23.2
31.7
26.5
27.4
37.0
32.0
45.1
51.6
43.2
26.9
22.2
27.2
32.6
25.6
39.7
29.6
17.2
7.7
12.3
15.8
19.4
24.6
23.1
40.2
51.5
53.7
24.5
10.5
18.3
17.3
18.9
21.3
29.1
30.0
33.4
26.0
28.2
40.4
31.9
30.9
35.2
31.8
22.7
18.1
32.2
31.3
17.5
22.9
26.5
29.6
28.7
30.1
32.0
33.9
33.4
32.0
27.3
27.6
26.2
30.8
29.5
33.5
30.0
30.5
44.5
48.5
33.4
28.9
29.5
36.1
37.5
30.8
30.7
29.3
27.6
22.2
29.0
33.0
31.3
31.1
33.5
35.0
36.3
38.8
41.2
47.6
38.9
31.8
33.5
38.8
43.8
44.8
58.9
54.4
61.8
59.1
44.3
40.3
39.0
45.0
50.6
53.5
50.4
58.3
46.0
37.4
37.7
45.5
54.2
44.6
41.5
45.5
53.2
56.7
59.0
62.9
68.3
67.9
67.7
65.5
60.8
61.8
61.9
64.8
65.9
64.2
49.9
43.9
48.2
61.7
77.4
70.8
67.2
66.4
70.9
77.1
76.8
72.3
61.1
53.1
55.0
58.6
61.1
68.2
76.1
76.4
73.3
69.3
65.8
57.3
61.1
65.0
64.2
64.1
63.6
71.9
70.7
71.4
74.6
71.9
67.2
68.7
71.1
75.4
72.0
66.2
70.2
76.1
79.2
70.6
74.6
77.4
73.9
75.8
73.4
67.9
66.1
66.1
65.3
71.0
71.2
73.3
72.6
72.5
75.4
79.2
78.2
69.7
69.7
71.0
76.4
80.5
81.6
81.9
82.3
82.2
80.2
76.5
74.2
74.9
64.1
64.4
67.0
68.8
59.6
61.8
65.4
68.7
69.5
64.7
70.2
65.8
65.9
69.3
74.8
72.4
73.3
72.6
70.9
71.8
68.1
59.6
61.3
65.1
65.8
68.5
69.3
71.6
72.9
71.3
72.4
68.3
70.8
73.2
76.9
80.4
77.5
75.0
76.0
71.5
72.4
64.2
64.7
67.0
62.8
69.5
70.4
71.4
82.5
81.1
73.9
58.6
53.2
55.6
59.3
55.7
64.0
68.7
72.9
64.3
56.5
53.3
54.2
57.8
60.3
60.6
63.2
62.3
59.3
61.7
67.5
69.4
71.9
68.7
64.0
51.2
53.6
54.8
56.5
58.0
61.6
62.6
52.3
53.9
58.1
46.7
48.4
44.3
41.3
51.9
38.9
37.4
37.0
37.8
41.8
42.0
41.5
42.5
50.1
61.1
51.4
46.1
43.1
42.2
49.1
54.3
43.7
38.2
47.3
44.0
39.5
29.5
27.0
35.9
42.2
45.1
59.4
43.8
36.5
32.2
43.2
44.9
28.8
19.8
22.9
30.8
27.0
25.6
27.7
32.9
36.6
34.7
38.8
47.7
44.6
28.6
22.8
20.4
25.6
17.7
18.7
8.7
19.7
27.2
19.8
14.0
20.5
21.1
34.2
43.3
42.5
36.3
29.1
12.6
20.1
26.1
33.5
38.2
37.6
23.2
16.4
