value
28.4
14.8
18.7
25.0
26.2
32.2
25.8
31.0
40.1
35.5
49.4
53.8
43.2
22.8
23.5
28.4
32.1
27.5
42.4
33.0
19.3
9.9
15.3
18.8
21.5
21.5
25.1
43.7
56.0
53.0
25.8
11.1
20.2
18.7
25.4
29.7
31.8
36.0
36.6
31.1
32.4
43.8
32.9
32.8
37.9
33.0
22.6
20.8
36.7
32.6
20.2
23.6
31.4
30.2
29.3
34.0
37.3
36.6
32.9
31.5
28.6
27.6
28.3
35.5
29.4
30.2
32.6
39.2
55.6
49.5
35.2
29.2
29.0
36.1
43.6
33.5
35.8
32.6
28.9
24.1
30.0
39.4
35.4
29.9
31.2
33.4
35.5
41.6
46.4
50.5
42.1
34.6
37.3
43.2
47.2
51.6
65.0
63.4
67.4
72.5
61.6
43.6
43.9
52.2
60.6
57.3
55.8
67.2
44.3
39.1
42.1
51.2
57.8
45.5
43.8
49.0
54.1
54.9
57.4
63.8
70.3
70.3
66.6
63.5
55.5
58.2
60.9
66.7
66.2
61.7
50.5
47.8
50.3
63.5
75.2
72.8
69.4
68.2
71.9
76.0
73.4
69.4
61.2
52.0
55.8
57.9
60.9
70.8
77.1
78.0
72.0
69.3
65.8
57.9
62.8
68.5
69.1
68.5
67.9
71.7
69.0
71.2
78.1
76.4
67.3
72.6
72.2
73.6
74.7
72.0
74.8
77.1
77.9
70.1
75.7
77.6
73.7
76.2
77.5
68.6
69.0
67.9
66.9
69.6
70.5
71.8
71.8
71.6
76.8
81.1
78.7
73.6
71.3
73.6
79.4
81.6
82.7
84.7
84.5
83.5
76.9
73.4
75.7
78.0
68.0
68.7
70.8
69.6
63.0
66.5
69.1
68.8
73.4
70.7
73.8
70.0
71.1
73.2
76.4
77.4
75.5
76.4
75.9
75.1
71.7
62.0
63.7
67.0
70.3
71.9
73.3
75.9
77.2
76.7
75.5
76.3
76.2
77.0
79.5
82.7
80.0
80.3
81.8
74.5
75.0
67.9
68.8
73.0
72.9
74.5
77.9
79.2
83.9
81.1
76.1
64.0
58.7
62.4
64.4
62.4
69.1
71.3
73.5
64.0
58.7
59.2
61.6
68.0
65.4
68.1
68.8
64.0
64.1
66.1
68.3
71.8
72.1
71.2
60.5
51.7
56.4
58.9
61.3
61.7
63.2
64.0
55.8
58.9
58.5
46.9
50.4
46.2
40.4
51.5
41.5
40.1
38.0
36.2
41.1
42.7
45.1
46.5
52.4
60.2
52.6
47.1
42.5
45.2
51.8
55.1
41.5
37.8
48.4
44.5
40.7
32.4
27.4
36.7
45.1
48.6
60.2
46.4
35.2
36.2
46.3
45.3
29.6
20.3
25.1
32.4
25.5
23.9
27.8
34.5
41.0
40.4
41.4
49.7
44.3
25.0
18.7
22.3
26.0
19.8
19.0
11.2
21.9
31.9
23.0
22.5
23.9
23.6
41.1
52.9
44.1
37.7
26.4
13.7
21.3
29.3
34.2
38.9
38.4
21.8
22.6
