value
27.4
16.5
21.4
22.4
26.3
32.8
27.6
31.1
38.9
32.9
45.5
52.2
36.3
22.0
20.6
24.7
31.6
26.3
40.3
26.6
15.3
7.2
11.6
15.2
19.1
24.8
25.7
40.0
50.2
49.2
21.8
9.1
17.1
16.1
21.0
22.9
28.5
32.6
32.5
26.4
30.4
39.8
29.6
30.4
36.6
29.9
20.9
17.8
34.0
28.7
17.4
22.7
26.3
28.4
27.5
28.0
33.6
33.7
34.4
30.8
27.5
27.2
23.8
31.6
30.3
33.8
26.4
34.6
46.2
47.3
33.5
27.7
28.0
36.0
36.1
31.6
30.9
27.1
24.6
22.0
25.7
28.7
31.7
33.1
33.5
35.7
35.1
36.7
39.0
49.9
35.3
30.9
32.0
38.0
42.2
44.4
54.6
51.3
54.4
50.2
43.4
40.3
38.9
45.1
55.5
47.9
48.0
57.2
43.8
36.2
37.7
48.9
55.2
39.4
43.1
46.4
54.9
57.0
57.5
68.0
72.7
68.9
55.5
66.9
63.6
65.7
54.9
66.4
62.8
57.1
46.4
42.2
45.3
63.6
75.3
66.5
67.0
69.3
73.8
79.5
74.2
70.7
54.7
46.6
50.7
56.4
63.1
66.1
72.2
77.1
73.3
70.0
59.9
52.3
58.5
66.0
65.0
62.3
61.6
69.1
70.3
69.5
75.4
68.9
63.6
65.9
73.2
76.1
68.3
66.0
69.3
76.5
74.0
72.5
76.5
74.1
73.0
74.4
72.2
67.2
67.8
65.8
63.6
67.9
69.4
71.4
74.8
74.4
76.4
77.0
78.3
68.7
68.8
71.5
78.1
81.1
81.5
82.7
82.3
84.5
81.6
76.1
74.8
73.9
61.9
65.4
68.2
66.3
59.3
62.7
64.7
68.6
68.5
65.8
71.1
65.3
64.4
69.5
72.4
70.2
69.5
73.1
68.7
73.8
64.9
58.8
59.8
64.5
66.7
69.0
69.8
73.8
77.0
73.2
71.5
68.6
72.4
76.4
80.3
80.3
74.8
78.1
74.8
74.8
72.1
64.2
65.5
67.5
65.3
73.4
71.5
74.9
84.8
81.8
73.4
59.5
54.1
57.3
59.3
57.3
66.3
68.8
72.1
62.4
56.5
53.1
57.6
59.2
61.4
63.0
66.5
65.3
57.0
64.6
69.6
68.5
70.7
71.4
61.7
50.7
56.6
59.2
58.5
59.4
64.3
56.3
50.4
54.9
52.7
50.0
46.2
46.4
45.0
52.1
39.3
38.1
36.4
38.1
44.4
43.3
43.5
43.4
49.7
60.7
49.5
44.9
43.3
44.8
52.3
54.0
41.2
38.0
48.8
44.3
39.2
28.4
24.8
36.6
43.7
47.7
60.0
41.7
37.9
35.3
44.5
42.5
27.0
22.1
23.9
29.6
25.4
25.4
28.6
34.4
37.0
32.3
38.8
49.1
41.5
26.9
21.7
19.2
24.5
13.5
18.4
9.4
19.4
26.1
20.2
13.5
21.0
22.6
36.9
39.5
35.3
33.7
27.1
9.2
20.5
24.6
33.4
39.8
37.1
19.5
13.4
