value
76.8
78.6
78.7
78.6
77.2
77.2
76.7
77.3
77.8
80.4
80.7
81.2
80.5
81.9
82.0
82.0
82.4
81.1
83.4
82.6
83.7
84.5
82.6
82.0
83.7
83.4
83.2
84.4
80.4
80.4
81.1
82.5
80.9
80.2
82.6
83.0
84.4
84.4
82.6
83.8
84.9
84.3
84.3
84.6
84.5
84.9
84.4
83.4
83.7
83.4
83.2
83.8
83.2
83.9
84.9
83.5
82.6
83.5
83.8
84.2
84.4
84.8
83.9
79.7
82.0
85.1
85.4
83.3
83.2
84.0
84.1
84.5
84.5
84.0
80.1
82.0
84.0
84.9
83.7
83.0
80.0
81.5
84.1
84.2
83.2
81.8
81.5
80.6
82.1
83.1
84.2
84.1
83.2
85.1
85.0
84.4
84.2
84.5
84.8
83.7
84.1
84.9
84.1
83.5
83.8
85.1
83.6
84.2
83.2
83.9
84.3
84.2
80.0
82.4
83.8
82.0
82.0
84.1
84.0
84.5
80.4
81.7
83.8
85.2
81.8
83.9
82.7
84.5
83.7
84.8
78.1
80.6
82.2
81.9
83.1
79.5
81.5
81.2
81.5
81.8
82.4
81.2
81.3
83.1
83.6
83.2
80.6
81.3
78.9
81.2
80.5
78.1
78.8
76.7
79.2
81.0
78.1
78.3
79.9
80.4
78.2
77.6
80.0
80.7
80.6
80.2
79.4
80.9
81.0
80.6
80.8
81.0
80.9
80.6
80.0
79.4
79.7
79.7
79.6
79.2
75.6
76.6
77.6
78.5
78.8
75.7
75.6
77.5
77.9
78.1
77.4
77.8
77.3
77.5
77.7
76.1
77.8
78.0
78.3
78.0
76.0
76.6
78.0
77.2
76.0
74.0
75.4
76.0
75.5
74.3
75.6
75.8
75.7
75.2
76.3
75.9
75.7
76.1
74.3
73.9
75.1
74.1
75.1
75.7
75.3
76.2
77.0
76.5
74.8
75.4
75.6
75.9
76.6
76.7
75.5
77.0
76.1
75.4
75.5
76.4
76.8
76.9
76.3
76.4
76.0
77.4
77.5
77.6
78.0
77.3
76.4
76.1
77.2
77.0
74.2
76.5
76.9
76.7
78.2
79.0
78.7
79.5
79.1
78.7
78.0
75.6
75.7
75.6
77.4
77.3
77.0
77.4
77.3
77.1
77.2
78.0
78.4
77.1
78.1
78.1
79.1
79.2
79.0
78.0
79.5
79.4
77.5
77.7
78.1
78.8
79.6
80.1
80.0
79.8
80.0
80.1
81.1
81.6
81.0
81.5
81.6
79.3
79.5
80.7
80.2
80.1
80.0
81.5
79.2
80.7
82.0
81.2
82.1
82.0
79.9
81.6
82.8
82.5
81.1
81.1
82.2
82.0
81.3
80.6
80.1
81.9
80.6
80.0
77.8
79.2
80.9
81.4
82.9
83.1
82.8
81.8
80.7
80.2
82.7
82.4
81.1
80.3
80.3
82.4
81.7
81.3
80.8
77.6
78.6
79.5
81.0
80.3
79.5
79.6
79.8
81.2
80.4
80.1
80.1
80.4
82.0
82.1
83.3
83.5
79.1
