value
35.1
37.0
35.8
41.7
55.8
45.0
39.9
42.0
40.5
38.8
34.9
37.3
37.2
36.0
36.2
36.9
40.7
33.1
32.5
33.9
37.5
37.7
35.6
37.7
33.8
35.3
31.5
36.4
34.3
36.1
38.1
34.5
43.4
44.8
36.5
36.7
38.0
38.1
35.5
35.2
30.4
31.0
32.6
29.0
33.3
34.2
33.6
36.0
37.0
33.6
37.6
34.1
31.4
31.0
33.2
34.5
39.0
38.6
42.8
43.0
42.2
39.7
41.9
42.2
43.3
46.6
47.8
46.0
47.0
45.5
45.8
44.7
43.0
41.3
37.8
35.0
35.8
42.5
40.9
46.0
45.8
45.8
44.4
41.5
39.3
41.2
40.2
41.5
43.2
48.2
43.2
48.1
49.2
48.4
46.1
48.2
50.9
43.5
44.2
48.6
50.5
54.1
55.4
57.7
61.0
63.2
64.8
63.5
60.0
47.4
51.7
53.2
57.4
58.3
60.1
58.5
57.1
57.5
55.1
58.7
63.2
62.8
59.2
60.3
61.0
59.5
61.1
62.4
66.6
60.5
62.9
62.4
60.5
61.4
56.5
52.2
58.9
54.8
56.1
55.9
54.7
58.3
60.9
51.9
47.5
55.8
56.7
58.5
55.2
56.0
56.9
60.4
68.1
65.4
64.9
67.7
68.2
69.2
69.7
61.7
62.5
67.6
69.9
71.1
73.8
73.8
74.4
77.6
79.8
79.7
73.2
70.7
71.2
69.8
69.6
69.9
69.7
60.7
60.1
62.1
68.8
70.7
72.4
67.9
72.9
76.7
78.3
76.8
74.1
75.4
75.1
75.1
74.7
75.8
73.7
75.7
76.7
73.9
71.1
73.7
76.1
77.0
79.5
78.2
77.6
78.9
80.4
82.3
82.4
68.7
72.4
75.1
78.2
79.5
80.2
80.9
81.9
82.2
78.3
71.6
74.7
76.7
73.5
74.8
76.8
69.3
71.2
71.2
73.2
75.2
72.7
74.5
69.8
70.4
72.5
69.7
67.6
65.7
64.6
68.2
67.5
69.1
69.9
72.3
70.0
70.5
72.5
73.0
73.5
74.2
73.1
69.4
65.4
62.6
62.6
64.0
64.5
60.5
59.6
60.5
58.8
63.9
63.2
62.8
63.5
63.7
63.7
62.8
64.1
65.1
68.5
62.6
58.9
60.4
62.3
59.1
56.3
54.3
55.1
58.3
57.0
57.5
55.0
51.3
50.5
51.1
51.9
51.3
55.6
55.5
53.4
54.2
56.0
56.2
57.5
60.0
60.4
60.0
57.8
59.5
61.1
61.6
59.7
54.6
52.5
55.1
53.4
49.1
49.6
54.9
51.1
54.6
54.2
48.8
55.2
45.0
49.7
50.1
44.2
46.9
48.4
47.7
49.1
47.7
41.7
37.3
39.3
41.9
44.3
33.9
33.9
31.9
31.2
34.0
34.0
36.9
34.0
32.1
33.7
37.8
39.1
31.1
30.9
32.5
31.6
29.8
32.8
35.1
34.6
33.0
32.7
32.5
37.3
39.4
40.5
44.1
44.8
43.5
46.3
44.2
41.1
41.1
40.3
37.3
33.5
