value
44.5
50.7
48.9
45.4
44.9
45.2
47.1
45.3
49.0
49.5
45.0
46.3
51.4
54.0
47.7
43.5
40.3
40.5
42.3
56.0
51.2
48.3
44.8
46.0
43.9
41.3
40.0
45.5
45.4
47.8
51.9
52.1
54.7
47.8
43.8
47.6
48.8
42.5
42.6
39.4
37.5
45.5
46.5
43.4
44.2
41.5
44.8
42.7
42.7
42.1
41.7
46.6
51.4
48.1
46.1
42.3
43.4
43.9
45.4
48.6
52.9
47.8
46.9
49.3
55.5
57.5
56.5
57.2
55.8
55.9
50.5
47.3
48.0
45.1
42.4
47.8
54.4
53.9
49.3
52.3
49.2
50.7
58.1
53.8
50.2
52.9
54.2
58.5
57.9
56.2
55.7
55.8
54.4
56.4
56.3
55.2
57.7
53.5
58.0
57.7
57.1
59.9
59.3
58.2
60.2
60.5
61.3
61.9
61.7
57.7
56.1
52.5
56.7
62.0
66.5
62.5
60.0
65.6
71.5
70.3
67.6
64.9
65.7
66.5
63.7
60.5
62.9
64.2
64.3
65.2
64.6
62.2
62.7
61.6
62.2
65.8
63.4
64.8
65.1
63.0
61.6
64.3
60.5
61.4
59.7
58.7
61.3
62.8
63.1
59.6
60.8
60.5
62.4
63.5
63.9
65.8
65.3
67.3
67.6
67.9
67.0
66.4
70.2
73.1
71.0
72.0
71.8
73.7
76.7
77.4
77.6
74.9
72.3
72.8
69.8
67.9
67.8
67.4
68.0
67.3
69.6
68.6
70.9
70.4
71.7
76.7
77.8
74.8
73.7
73.4
74.0
75.5
76.0
75.2
76.7
76.6
77.2
77.7
78.0
76.3
75.6
75.2
76.6
78.7
78.3
78.0
79.7
79.5
81.4
82.0
78.6
79.3
80.2
79.3
79.4
80.6
80.4
81.4
81.2
82.7
78.2
78.0
78.0
79.3
77.0
76.0
78.7
78.7
76.9
76.6
76.8
74.9
76.8
76.6
75.0
77.1
77.1
76.7
73.3
73.1
74.2
74.3
74.3
73.6
73.1
74.4
74.9
75.3
74.7
74.7
75.4
76.3
73.9
72.7
70.8
67.0
67.2
68.8
69.0
70.2
66.4
69.2
69.3
68.9
69.6
66.6
65.7
67.1
68.6
67.2
68.8
72.8
70.5
67.1
67.8
67.3
66.3
67.4
68.7
67.8
65.1
63.3
65.5
66.2
65.8
65.8
65.5
66.8
69.4
63.3
62.6
64.5
66.5
70.6
67.8
67.3
67.8
67.0
65.4
66.8
68.3
66.8
65.8
64.7
64.0
65.6
68.8
68.1
61.5
58.9
62.8
66.8
66.5
62.1
53.8
56.2
58.0
60.0
57.6
58.9
60.4
59.4
57.9
54.9
55.7
50.6
47.2
47.8
45.4
41.0
39.9
41.5
45.9
45.3
54.0
57.6
52.2
46.8
44.0
48.2
46.9
49.2
50.7
46.3
46.5
47.8
44.7
45.4
49.4
45.2
43.0
42.8
46.2
54.2
51.8
48.9
46.0
45.9
54.4
56.8
48.0
48.8
53.9
49.3
49.9
