value
48.0
50.5
50.0
49.5
48.4
48.0
44.3
43.2
35.4
34.0
39.2
40.1
39.8
43.1
44.8
46.7
49.6
50.3
51.1
50.2
52.8
53.1
51.8
52.2
57.1
58.7
54.6
50.2
45.7
47.7
42.4
45.0
47.9
50.0
52.6
50.9
50.0
51.1
53.1
54.2
54.1
49.7
47.9
51.7
55.2
50.3
47.8
49.3
49.0
48.5
49.6
53.6
58.2
54.0
53.5
58.4
62.2
60.5
52.5
50.3
54.5
62.9
54.0
51.2
48.3
48.8
55.9
56.5
54.2
60.2
68.3
69.1
68.9
74.5
57.9
48.8
49.9
53.4
58.5
64.7
63.7
51.6
52.6
61.2
65.7
56.0
59.1
62.0
67.0
71.4
69.3
60.7
65.2
59.2
53.0
61.2
71.0
65.5
55.5
55.0
56.3
61.8
63.1
65.5
65.1
56.1
52.1
55.8
55.2
50.5
51.7
52.7
58.5
65.9
68.3
70.1
73.3
74.0
74.5
77.5
77.9
74.9
75.0
76.4
75.4
74.2
76.2
76.9
74.6
75.2
69.0
64.4
65.7
63.1
60.7
63.4
68.4
76.5
79.1
73.5
73.0
77.3
81.6
85.8
78.4
69.1
69.5
70.7
71.9
-99
-99
75.0
85.8
81.0
71.6
71.9
74.9
74.0
79.1
74.7
71.4
73.9
79.7
71.0
69.6
68.2
69.1
72.6
75.9
77.6
79.0
79.3
81.2
80.2
77.9
80.0
82.0
81.7
82.2
80.8
77.3
72.3
73.1
75.4
77.4
78.8
79.3
81.8
81.9
78.4
76.2
74.9
75.8
80.1
80.6
82.0
80.1
77.7
74.2
74.0
76.2
75.3
75.9
78.8
80.9
79.2
79.8
78.2
79.9
78.5
78.0
77.7
78.9
82.4
80.8
76.5
79.0
79.4
78.9
79.4
78.2
78.6
78.7
75.4
78.7
83.5
84.1
83.7
82.9
79.7
83.3
82.2
80.1
79.3
76.0
73.4
74.5
77.2
79.1
82.3
82.0
84.6
81.5
78.5
81.8
79.9
74.5
74.9
75.0
73.2
73.3
73.6
76.2
80.5
83.4
84.9
84.1
79.3
71.8
72.2
73.7
76.4
75.6
71.0
70.3
69.2
67.3
66.9
70.8
72.9
68.2
68.9
71.5
74.8
72.7
71.1
66.0
62.8
60.0
59.8
62.7
65.6
70.2
70.8
70.2
68.8
66.8
68.5
70.7
71.8
67.6
63.3
62.2
63.9
67.0
67.1
66.2
63.1
62.5
63.1
62.6
67.0
65.1
61.4
61.4
61.0
62.0
63.5
65.8
67.5
66.2
66.1
63.3
63.1
61.2
61.6
60.7
63.6
61.2
59.4
57.1
54.5
55.2
57.3
58.2
60.4
63.1
59.6
61.7
69.1
70.4
67.6
56.3
56.2
58.3
58.5
66.8
59.9
52.0
52.0
52.6
51.8
47.0
43.3
43.5
36.0
35.8
35.2
37.2
39.2
40.9
44.2
44.3
44.2
45.4
46.9
46.5
44.8
45.7
44.2
49.7
52.3
48.3
46.9
47.4
