value
40.0
44.4
36.2
35.4
35.8
39.9
41.3
42.8
42.9
39.5
39.5
40.7
45.2
41.7
38.2
41.6
38.5
35.5
43.1
41.8
44.4
46.2
42.2
46.6
39.1
36.2
37.1
37.7
43.9
44.4
45.2
51.6
54.4
48.0
45.5
42.7
43.1
43.6
34.4
36.3
42.1
39.5
41.5
41.9
45.6
39.8
35.9
38.2
41.1
37.1
39.7
38.8
41.6
40.0
38.2
39.2
44.0
46.3
49.8
53.4
39.8
40.3
43.7
45.5
50.6
57.6
59.7
64.5
45.0
44.2
54.6
56.5
39.3
46.1
51.8
60.2
62.8
63.1
53.7
45.0
55.4
51.0
57.6
48.5
48.8
55.2
58.2
56.6
55.6
53.7
57.7
58.3
55.1
61.7
67.2
60.9
51.1
54.6
59.9
52.2
48.4
50.9
54.4
63.3
63.1
70.0
66.3
66.3
52.6
53.0
50.6
55.6
59.8
58.2
65.6
57.4
59.6
62.8
68.2
58.1
55.1
55.3
58.1
61.2
64.1
68.3
59.5
63.1
70.7
64.9
63.3
71.0
73.0
75.4
72.2
66.4
70.5
71.5
67.1
73.7
76.2
77.9
75.8
77.8
76.5
75.9
75.1
70.9
74.5
70.7
77.3
74.1
74.6
76.4
78.0
77.1
76.2
78.7
77.4
75.3
76.8
79.1
84.9
87.9
86.7
75.8
81.9
82.6
82.7
74.5
69.7
69.4
74.6
74.2
77.7
77.4
71.1
78.0
76.5
79.9
79.6
79.7
78.9
77.3
79.1
84.3
82.6
86.0
87.7
88.2
88.1
86.9
87.7
83.9
82.6
78.9
85.3
84.8
85.2
82.6
85.9
86.8
84.5
87.2
84.9
89.0
88.0
85.9
84.1
82.0
85.6
85.8
85.9
86.7
85.8
87.4
87.6
87.9
88.3
90.3
90.2
91.9
92.9
92.0
91.6
92.5
89.9
89.3
89.3
90.3
91.1
90.3
90.5
91.1
87.1
78.9
77.7
78.8
82.3
82.4
85.8
84.0
84.3
77.5
76.7
77.2
72.7
76.9
78.7
74.2
75.4
79.7
81.5
82.7
84.0
86.2
84.1
75.6
73.0
76.2
78.6
79.8
79.1
81.3
81.4
81.1
81.7
81.8
70.9
73.1
76.1
76.3
77.9
80.0
77.6
71.4
74.0
77.8
82.5
81.2
79.2
79.6
81.9
78.8
70.5
69.5
74.0
67.6
61.0
62.3
64.6
65.2
63.6
68.8
70.4
65.5
69.2
64.4
60.2
59.9
63.2
62.8
63.9
62.3
62.3
64.2
62.6
60.1
59.0
63.7
61.7
61.3
62.6
60.7
51.0
49.7
48.8
55.2
53.4
55.1
58.4
51.6
48.9
50.2
51.8
52.8
51.5
55.8
57.0
49.4
54.3
44.3
44.3
45.9
49.4
49.8
49.7
49.2
50.8
51.8
49.9
46.4
51.7
48.0
47.0
41.6
43.2
43.5
46.5
45.2
47.2
44.9
46.1
43.1
42.5
42.0
45.0
44.5
45.6
45.5
40.8
38.5
39.5
42.6
47.0
