value
19.1
22.8
7.5
8.1
23.0
11.7
9.0
5.5
6.6
7.2
11.0
21.0
13.7
16.9
8.8
9.0
5.7
10.2
26.2
25.7
21.9
17.0
14.7
31.1
19.8
22.1
21.9
15.7
20.2
24.2
24.3
35.3
27.8
21.8
24.8
17.8
17.0
28.2
24.3
14.9
18.2
17.9
20.4
19.3
26.0
22.2
19.2
14.8
21.9
16.5
18.5
17.9
15.0
14.9
16.6
14.9
20.1
31.6
30.1
33.0
27.9
23.2
25.5
28.6
27.5
33.6
32.2
21.3
22.5
22.3
36.4
31.2
22.1
35.9
23.2
34.8
37.8
33.8
28.2
22.4
30.9
26.2
29.2
30.1
30.0
36.9
37.3
34.3
27.4
31.3
37.9
36.0
40.8
35.7
38.4
49.3
46.3
39.0
40.2
38.5
40.0
39.6
44.1
42.9
41.0
39.6
38.8
39.3
37.8
41.5
43.0
43.6
49.7
47.5
45.0
46.2
45.4
41.5
42.1
39.1
41.1
40.1
40.6
42.3
45.1
39.3
40.0
47.0
53.4
45.7
45.3
46.0
44.4
47.8
45.4
50.1
54.4
54.9
49.3
50.1
54.8
54.3
49.8
52.2
50.7
51.5
55.6
58.9
58.7
56.4
60.5
57.0
56.2
55.6
57.4
57.0
59.3
58.5
62.3
64.9
61.4
58.7
58.6
60.9
64.8
64.9
62.6
58.3
59.2
63.1
61.6
54.9
57.7
63.6
66.6
60.0
63.9
55.8
54.8
55.7
61.5
63.8
68.1
65.6
64.0
64.8
68.6
74.9
72.3
73.2
69.8
70.0
66.3
70.3
66.9
69.7
66.3
62.8
64.8
64.6
64.8
67.6
66.7
69.9
67.5
63.2
66.9
67.6
69.0
70.3
74.5
70.6
68.3
69.7
69.5
69.9
72.4
72.1
71.4
74.1
71.7
74.1
75.7
72.5
74.7
73.9
75.7
73.7
76.0
73.9
76.5
69.5
70.0
71.4
71.7
67.5
69.9
67.9
65.3
62.0
66.8
65.9
64.5
65.9
66.0
68.4
72.4
68.2
63.4
64.6
66.1
65.5
66.4
70.3
67.9
70.1
73.7
68.2
59.4
61.1
58.5
59.2
67.4
63.0
57.9
62.3
63.7
52.4
50.2
51.1
59.9
63.7
60.0
61.2
65.0
54.4
53.4
59.8
59.4
64.0
57.4
50.6
57.4
63.8
55.6
48.1
57.9
49.7
39.4
42.8
44.4
47.5
53.7
52.1
51.0
48.4
51.8
55.0
49.4
45.0
43.7
51.6
49.0
49.7
40.6
49.3
44.2
44.1
43.1
54.6
53.1
37.4
47.4
39.3
29.2
30.1
31.7
42.4
40.6
40.4
37.6
47.5
40.2
37.5
40.8
37.0
40.5
35.0
50.3
39.6
36.1
26.5
31.6
36.4
35.2
33.2
32.4
38.3
40.2
32.5
29.6
32.0
39.6
43.9
33.8
28.6
23.2
18.6
31.5
31.7
32.5
27.9
28.9
29.4
25.9
20.6
22.8
18.4
27.7
35.5
32.5
19.3
27.3
28.0
32.4
