value
45.2
50.8
39.1
38.1
37.0
42.4
42.0
45.3
43.8
41.5
41.2
40.8
48.3
38.2
41.0
38.1
40.6
37.8
42.9
43.6
44.2
43.6
42.1
43.2
43.0
37.9
40.9
42.7
45.7
45.1
42.6
51.2
56.0
48.7
49.4
46.7
38.8
46.6
38.3
40.3
42.5
40.0
40.0
46.0
44.9
40.4
36.3
40.2
42.6
37.9
39.3
40.5
42.1
41.6
37.7
38.7
42.6
42.7
50.2
55.0
45.3
44.1
42.9
47.7
50.7
58.8
63.6
58.0
52.5
46.9
55.6
60.3
43.7
49.8
53.7
58.3
64.9
62.2
59.4
51.1
57.4
54.3
50.8
47.5
49.2
48.1
58.8
56.2
47.2
45.3
52.5
54.1
55.9
61.8
64.5
60.9
60.4
57.9
62.1
52.5
49.1
52.5
55.9
64.8
57.7
65.0
67.5
66.1
53.0
46.2
46.7
54.3
60.8
61.4
62.2
60.0
59.8
61.1
66.0
63.2
55.3
56.9
58.0
61.2
64.4
67.0
57.8
62.6
67.8
70.5
64.8
65.5
68.0
69.6
68.8
64.9
64.0
68.5
66.9
67.6
71.1
71.4
69.0
67.9
66.3
71.0
71.1
71.5
70.5
69.3
69.3
65.7
62.6
68.4
72.4
72.1
71.4
69.5
72.2
73.9
72.4
68.3
70.4
70.2
73.9
76.2
71.5
75.9
79.1
77.1
70.5
69.6
72.3
73.7
73.8
74.1
69.6
71.7
71.7
74.1
75.0
73.0
74.7
75.4
74.4
78.7
82.2
81.6
82.8
83.9
83.1
82.7
83.8
84.2
83.4
80.4
76.5
77.1
80.8
75.4
73.8
76.3
79.3
76.3
77.1
80.2
82.8
79.8
81.0
78.8
80.5
80.3
78.7
77.0
79.5
82.7
83.7
83.6
85.1
85.5
86.7
89.6
89.3
86.5
84.4
84.9
85.8
84.8
84.9
85.3
86.1
85.5
83.2
83.9
81.0
83.7
76.4
77.2
79.2
81.0
84.1
86.8
86.7
84.4
83.9
82.9
83.0
80.3
77.0
79.0
75.9
75.7
75.6
76.9
80.2
80.6
81.5
81.4
76.2
73.0
74.2
74.1
77.1
77.4
75.0
70.0
73.9
74.7
68.3
66.9
69.5
71.2
72.2
71.8
74.4
72.7
63.2
66.3
71.0
74.1
77.5
78.1
75.0
79.2
75.2
69.6
69.5
64.3
68.5
63.3
62.2
61.2
60.4
65.5
63.9
63.0
61.3
65.5
57.9
62.3
61.3
59.6
64.0
63.2
62.4
60.4
63.2
60.5
58.5
63.3
59.8
61.8
56.6
62.8
51.9
49.2
50.8
52.9
53.5
56.1
58.9
57.7
53.9
54.0
53.4
55.0
53.9
55.8
60.7
56.8
58.0
53.3
49.8
49.2
51.4
51.3
53.5
52.8
52.6
55.7
51.1
47.7
48.5
49.8
50.7
48.8
49.5
45.0
45.9
48.7
48.1
43.0
44.9
41.4
46.5
45.9
44.4
46.0
43.5
45.3
42.8
41.2
41.1
42.9
45.5
