value
67.7
68.4
66.5
65.0
69.9
70.2
70.9
70.2
69.9
70.4
71.2
70.9
68.6
68.7
67.0
67.5
67.8
69.6
69.2
70.0
68.5
72.3
72.1
72.6
71.5
71.0
72.2
70.3
68.3
67.1
69.8
68.2
69.6
65.0
70.3
72.6
70.5
70.0
70.1
71.4
71.9
74.3
72.9
72.1
70.4
74.1
75.9
76.1
71.4
73.0
75.4
74.0
73.5
71.8
69.7
67.7
70.7
69.4
70.5
74.2
76.0
70.1
73.5
72.1
68.2
77.5
72.7
75.1
71.8
72.5
73.2
71.2
68.0
69.2
70.3
73.0
71.6
71.6
63.6
66.8
69.1
68.7
70.2
71.3
71.5
70.2
67.0
67.6
68.8
67.5
65.6
66.2
68.0
68.6
69.3
68.3
68.2
71.2
69.2
68.2
66.4
66.0
62.8
69.4
-99
67.7
67.5
67.0
67.8
68.0
67.5
67.6
68.6
67.4
68.6
69.3
68.0
66.4
67.4
-99
65.9
66.1
62.8
-99
-99
65.6
63.9
66.9
67.5
66.2
66.4
65.6
65.1
65.9
68.0
65.9
66.0
66.7
67.3
66.8
66.4
67.2
66.8
68.4
68.5
66.9
66.3
65.8
66.6
64.9
64.7
68.4
-99
65.5
64.9
63.1
63.6
54.5
-99
68.3
60.2
63.9
65.3
64.1
65.2
61.3
63.7
61.8
61.9
63.0
61.3
61.5
59.7
63.1
63.8
63.3
59.9
61.9
-99
-99
-99
-99
-99
67.3
65.1
-99
-99
62.2
64.1
65.9
65.1
65.1
66.1
64.0
54.2
67.4
58.6
71.9
66.4
65.2
63.8
63.2
62.4
63.6
61.5
63.4
63.5
72.3
60.8
62.1
61.8
62.3
60.2
66.9
61.2
59.9
59.6
59.4
62.7
63.3
60.8
65.9
62.0
62.2
64.2
64.5
65.3
64.4
66.7
64.2
64.8
65.3
66.3
63.5
61.7
62.7
53.6
64.7
62.0
60.8
62.1
63.0
65.4
64.7
62.7
65.8
65.6
66.9
65.6
63.4
62.6
65.7
67.7
66.0
65.8
67.7
68.0
69.9
67.8
65.5
63.9
65.5
64.3
64.3
65.2
66.0
62.1
66.2
72.8
-99
-99
-99
67.5
68.8
66.0
66.4
71.8
-99
-99
-99
-99
-99
-99
-99
71.6
-99
74.0
69.6
72.1
69.1
69.5
62.6
-99
-99
-99
-99
-99
-99
-99
-99
74.1
71.1
60.2
73.4
-99
67.0
68.9
-99
-99
68.0
67.4
67.3
68.3
68.8
69.0
68.8
71.6
69.1
78.1
72.2
68.4
70.5
69.1
65.5
68.3
65.0
70.3
67.1
66.5
65.1
64.5
67.5
64.7
65.9
63.7
66.2
67.1
67.6
66.0
66.9
69.6
69.5
66.6
64.1
65.4
62.4
64.9
66.3
66.6
66.3
66.0
67.6
67.2
65.4
66.2
70.1
68.9
69.2
65.2
66.1
68.5
67.8
68.8
68.5
69.6
