value
22.0
6.0
5.3
8.1
15.9
14.7
18.7
17.7
10.8
16.7
29.2
28.7
25.2
24.0
26.5
22.7
17.2
25.6
30.2
36.9
35.1
37.8
34.2
24.9
14.8
15.1
18.6
31.2
38.5
40.0
47.5
39.4
26.8
28.0
25.1
30.0
25.6
7.8
9.5
22.0
19.9
21.2
21.3
29.0
33.1
24.4
28.0
36.0
29.4
24.1
24.0
30.7
30.9
30.4
32.7
36.1
38.9
35.1
45.6
29.9
29.9
33.0
35.5
36.9
49.7
43.1
44.8
51.1
31.5
37.2
46.6
36.9
35.8
38.6
40.5
45.9
45.1
44.2
30.7
34.6
35.8
40.5
38.4
35.1
37.2
43.2
41.4
40.5
39.0
40.5
49.7
43.0
44.9
52.1
55.8
40.3
40.8
47.3
40.6
43.2
40.8
43.5
54.4
42.5
48.3
54.7
58.6
50.1
49.2
40.1
47.2
52.4
51.4
52.9
48.0
51.9
54.5
63.3
51.0
55.2
53.4
54.0
53.7
55.0
54.4
56.4
62.7
64.1
64.0
55.4
66.0
65.8
67.0
66.6
65.3
71.4
65.2
61.0
60.1
55.6
63.0
65.5
68.0
67.3
74.5
73.6
66.7
64.9
59.0
64.2
68.1
67.5
70.6
65.7
70.7
74.1
73.9
75.0
76.6
78.4
81.0
72.3
67.9
72.0
75.3
72.8
71.5
71.8
71.6
73.7
76.6
77.8
75.1
71.8
73.2
74.9
74.9
75.9
76.5
79.2
80.2
79.5
74.3
78.8
75.5
76.3
75.3
77.4
75.3
77.2
77.8
76.2
74.3
76.8
76.2
81.0
78.6
76.6
78.1
81.3
81.1
79.9
80.2
78.0
76.5
78.8
78.3
78.1
78.6
78.3
80.5
78.4
82.5
82.1
83.5
83.2
82.7
78.8
84.6
85.6
85.3
79.5
84.5
83.6
83.1
83.1
83.8
83.6
83.8
82.1
79.8
80.6
83.3
82.8
76.3
78.3
79.2
79.1
76.8
79.5
77.8
74.1
72.3
71.5
69.3
68.3
71.1
71.9
67.8
70.1
72.6
73.7
70.4
68.9
73.7
73.9
72.6
69.3
68.0
71.3
76.2
74.3
73.0
74.5
73.3
75.1
68.7
62.4
60.2
66.0
62.9
64.4
66.5
70.4
60.6
59.8
61.3
67.2
71.9
71.1
64.2
65.6
70.4
59.5
60.8
60.8
63.9
48.6
50.4
52.2
55.3
57.1
59.1
57.6
59.7
58.6
50.1
46.6
47.5
50.3
53.3
52.3
47.3
51.3
57.7
46.9
52.9
49.9
52.9
55.9
47.3
48.2
51.3
37.8
35.5
36.4
40.1
45.7
43.0
46.9
38.7
34.0
32.9
33.8
34.4
38.6
43.3
47.8
35.0
37.8
28.2
25.6
33.6
41.4
36.0
42.0
39.6
37.0
37.2
39.1
39.0
39.6
36.0
32.0
25.3
24.4
17.1
19.2
20.2
22.1
28.9
33.3
23.2
24.7
24.3
29.5
25.5
26.3
30.7
26.8
19.2
19.2
27.8
36.0
38.5
