value
13.9
2.9
2.3
6.5
13.5
9.7
10.8
13.3
7.5
12.6
27.7
24.4
18.5
20.6
21.4
19.1
13.3
22.1
25.2
30.8
34.5
34.7
31.9
19.2
9.0
11.9
15.7
24.9
33.6
37.5
42.4
33.9
23.4
25.4
24.2
26.4
22.6
7.6
11.9
21.5
17.4
18.8
21.6
28.3
31.8
24.4
26.8
31.8
25.1
20.5
21.0
25.4
26.6
28.6
30.5
34.0
33.4
32.7
37.0
28.0
28.8
32.3
33.8
38.8
44.5
44.0
43.3
48.4
28.8
36.2
35.1
30.5
31.3
37.2
39.9
41.9
35.6
34.9
27.9
34.5
34.7
39.4
36.6
33.4
38.5
45.9
39.6
37.4
36.5
38.7
45.4
42.1
46.5
49.0
49.9
37.8
40.5
43.9
39.8
41.6
40.9
45.8
52.1
41.5
48.8
49.1
52.6
48.5
48.2
46.6
50.1
53.9
55.6
56.1
52.8
53.5
56.0
60.0
54.3
55.6
55.3
57.1
57.0
59.4
60.5
63.3
63.8
63.0
62.0
55.5
65.1
66.9
68.4
61.7
63.0
69.8
67.7
59.2
59.6
60.7
65.7
67.9
70.5
70.0
73.0
74.3
63.9
66.4
61.6
67.4
69.8
66.9
72.0
72.8
71.0
72.3
72.7
75.4
76.5
79.0
76.2
67.2
67.3
70.3
74.8
71.1
70.8
68.1
71.7
75.9
76.8
77.0
76.7
73.6
73.4
74.7
76.3
76.1
74.6
76.9
78.8
79.2
72.5
76.6
79.7
76.5
78.8
79.9
77.5
79.4
75.2
73.7
74.1
73.1
77.7
79.1
75.9
77.1
78.1
78.8
78.3
75.9
76.8
77.9
76.3
77.9
79.2
78.7
75.9
78.8
76.7
77.4
81.8
80.4
78.5
81.7
75.5
81.5
83.4
83.4
81.1
82.2
82.9
84.0
83.7
83.8
84.2
83.8
80.6
78.3
77.3
78.3
79.0
80.3
81.9
77.4
78.3
77.3
75.3
77.6
74.5
71.7
69.9
70.4
68.4
67.7
68.5
68.2
68.9
69.9
70.2
73.2
72.3
73.3
72.2
71.8
73.9
67.6
67.7
72.3
75.0
76.4
71.9
72.9
71.1
71.5
65.3
60.1
57.8
64.7
62.9
68.0
68.5
69.7
59.1
55.6
59.0
64.5
71.9
61.7
62.2
64.8
69.2
55.6
60.7
58.3
57.1
51.6
49.2
50.6
53.4
57.7
57.6
56.5
59.2
60.8
47.1
46.5
49.2
51.6
55.2
49.2
46.1
47.1
53.5
51.5
51.6
49.8
50.8
51.3
44.0
44.1
45.1
34.8
33.3
35.6
38.4
41.5
38.5
46.0
36.7
31.4
31.0
32.7
33.7
36.2
43.5
44.9
32.2
32.8
25.6
22.4
30.2
34.0
32.2
36.9
38.1
33.3
34.2
33.1
35.0
39.5
33.5
28.9
21.9
18.5
14.7
16.3
17.2
19.4
22.4
25.9
20.4
19.9
21.7
21.4
21.8
21.1
27.7
22.9
17.8
16.9
27.2
29.0
31.7
