value
16.7
21.8
20.1
20.6
24.0
29.1
33.8
29.9
33.9
35.1
40.0
15.8
9.4
1.4
20.1
35.3
34.2
42.1
40.3
29.9
25.0
29.9
39.6
25.0
36.4
38.5
41.0
43.9
32.3
23.6
31.9
27.0
37.2
33.1
37.4
39.1
41.5
42.5
37.3
42.9
34.6
24.0
27.2
31.2
31.6
23.2
33.4
41.3
39.2
26.0
26.1
18.3
13.6
22.9
27.3
28.8
20.7
28.8
26.7
31.1
39.8
47.1
39.5
26.2
32.3
38.8
38.1
40.7
26.3
28.9
36.2
41.6
53.3
58.7
44.9
37.2
38.0
37.3
31.5
36.9
37.7
30.1
16.1
12.6
12.1
34.1
42.3
50.9
54.3
48.4
39.1
36.1
38.3
43.3
56.4
59.2
57.3
55.2
33.6
18.1
29.4
40.6
41.6
53.8
37.4
36.7
33.5
26.7
35.9
43.5
49.3
44.8
25.7
31.4
46.2
57.0
59.2
64.1
63.0
60.9
42.2
33.2
41.2
43.2
43.4
53.0
56.9
59.5
52.1
52.1
55.2
62.0
70.5
75.1
72.6
69.5
67.7
71.8
63.8
58.1
56.8
55.3
58.0
64.8
75.6
73.9
69.6
67.9
71.9
58.7
64.5
59.5
58.4
70.8
67.9
56.1
58.1
64.7
67.9
67.5
77.0
86.9
81.4
71.3
78.2
73.8
73.1
65.7
70.2
69.4
75.8
82.4
78.1
78.4
76.0
80.9
81.0
85.3
79.9
77.1
70.0
67.4
65.8
69.7
74.2
80.6
82.4
84.4
79.2
85.2
78.5
77.4
83.7
84.5
78.6
69.5
70.2
70.7
76.6
79.4
70.8
72.4
80.3
77.2
73.2
70.6
70.3
70.0
58.1
65.6
71.9
75.6
77.7
75.0
71.1
71.2
75.9
72.2
70.4
65.6
66.9
68.2
69.7
70.0
69.1
68.9
69.1
69.0
70.4
70.1
74.6
76.8
79.4
77.2
75.9
79.8
81.5
82.4
81.4
78.5
80.2
82.3
80.3
74.7
72.0
76.0
80.0
80.5
83.2
82.2
84.4
82.3
74.7
69.2
63.8
61.2
64.9
64.1
56.0
64.6
73.2
67.4
59.7
64.6
68.2
64.8
59.7
62.6
67.0
66.8
53.1
59.6
64.0
61.8
61.5
56.6
51.7
42.6
51.1
56.4
60.0
60.8
59.1
54.7
50.4
49.6
57.8
41.3
39.1
42.7
38.2
43.5
39.5
43.2
52.9
52.1
41.5
42.7
49.4
54.3
42.1
37.8
41.7
45.2
46.8
41.1
49.4
41.4
35.7
34.3
32.3
50.4
44.2
41.1
39.0
32.1
44.8
48.6
44.7
46.6
44.6
38.3
37.9
46.9
28.6
20.0
27.4
28.1
26.9
28.2
34.1
33.2
29.8
39.5
37.1
45.8
40.8
19.3
5.6
9.0
4.8
8.8
5.5
20.6
26.7
33.7
31.1
32.1
36.2
42.0
38.3
49.6
35.5
18.1
20.7
24.7
21.5
31.2
31.7
35.5
39.6
42.5
21.5
30.7
38.2
