value
20.5
17.8
27.5
28.0
37.2
31.4
38.2
44.2
38.5
40.6
50.0
37.2
20.6
17.6
23.5
31.1
36.4
42.3
49.5
34.2
21.1
20.8
27.2
22.5
31.0
38.4
47.3
58.3
54.7
30.8
21.3
14.9
33.9
41.4
42.7
36.2
42.6
51.9
35.8
38.3
43.6
38.9
32.7
38.3
41.7
33.4
30.0
39.9
50.6
29.9
22.4
24.8
24.0
18.8
26.3
35.9
34.5
33.4
33.7
28.5
29.0
34.1
41.7
36.7
30.2
36.4
46.5
53.8
44.2
29.1
38.1
33.2
47.1
58.0
49.4
36.5
41.7
35.7
34.5
30.8
31.5
35.0
30.7
28.5
28.9
37.5
46.1
55.3
58.9
58.5
44.4
39.2
41.6
45.2
52.7
65.2
59.8
62.8
68.5
44.0
37.2
40.5
47.5
63.8
55.2
45.4
47.7
41.7
41.1
44.3
56.4
56.6
38.7
40.7
51.5
54.9
52.4
56.1
69.2
76.9
66.4
40.4
42.6
41.6
48.2
56.2
55.0
65.3
66.2
61.0
58.9
53.1
61.8
77.2
79.1
72.3
70.2
72.6
73.3
68.9
68.3
62.3
61.5
62.6
72.0
76.2
76.1
77.9
76.0
68.8
70.2
68.8
61.7
62.2
69.8
67.2
66.7
66.2
69.3
72.0
72.3
82.3
86.1
76.2
78.7
82.9
74.4
75.7
75.6
73.9
79.7
84.0
84.6
81.9
83.7
82.1
86.3
80.7
78.2
76.6
72.0
71.5
72.1
74.0
72.8
78.7
78.5
82.1
87.2
89.7
87.5
79.7
80.1
82.3
80.2
79.0
81.8
83.4
84.5
87.6
80.8
76.5
82.0
78.8
77.3
75.0
76.4
68.9
66.1
65.5
73.6
76.7
77.5
76.5
77.7
74.0
75.4
80.1
79.9
72.6
73.0
72.4
74.6
76.1
74.7
70.8
68.9
69.3
68.2
68.5
73.6
77.7
80.4
79.8
80.3
81.5
82.7
83.8
84.7
81.8
83.5
86.4
83.5
79.8
72.2
70.1
72.9
75.2
78.8
83.3
88.5
86.6
84.4
83.0
78.3
69.7
65.5
73.9
63.3
66.5
77.0
82.7
66.9
61.9
65.6
65.1
67.3
66.3
72.8
77.6
70.1
58.7
61.4
67.2
70.3
73.3
79.4
57.6
53.0
56.0
61.3
64.1
64.6
68.1
61.6
55.1
58.0
57.1
51.4
53.2
42.7
44.8
48.2
51.3
51.8
43.5
44.7
40.8
51.2
44.7
49.1
56.1
65.1
53.9
50.7
48.2
46.1
57.0
57.7
45.1
34.4
46.1
54.2
47.2
51.2
27.3
31.6
45.3
47.9
60.8
63.8
46.5
45.7
51.8
43.0
27.5
25.9
19.6
32.7
31.5
24.1
32.4
32.3
42.5
37.7
43.1
45.6
37.2
20.3
16.3
10.9
21.1
14.5
20.9
24.1
23.9
35.3
30.7
29.6
39.5
35.5
41.6
52.9
29.5
23.3
24.6
11.0
13.6
31.4
29.6
34.1
42.1
27.4
17.9
32.0
