value
25.4
19.5
26.7
25.6
38.2
34.2
35.9
41.1
39.4
45.6
48.8
36.5
21.7
19.9
25.6
27.7
39.6
39.7
45.4
41.0
27.8
28.1
34.1
29.8
31.4
42.5
50.1
58.5
52.3
32.8
24.7
20.7
36.5
42.2
48.1
43.2
48.2
52.5
36.9
39.8
42.2
37.5
36.5
37.5
41.6
33.8
30.7
42.2
52.0
34.7
31.3
26.9
18.6
15.3
32.3
36.0
32.5
31.4
31.5
32.2
26.9
36.1
46.0
37.7
32.8
45.6
53.3
54.5
40.1
32.7
44.7
40.3
51.6
60.1
53.5
39.7
44.1
44.2
39.1
41.8
37.8
36.3
30.6
29.7
26.3
45.4
51.2
60.4
61.8
58.3
45.4
38.5
39.8
44.7
48.7
61.5
60.0
63.8
66.6
33.0
36.2
42.7
53.4
64.5
58.5
46.7
45.0
39.4
42.4
50.5
59.3
58.7
38.5
38.9
49.5
54.8
53.6
58.8
68.8
72.7
66.2
40.8
45.8
45.8
49.0
53.7
55.9
66.3
65.5
62.6
60.4
55.9
63.8
72.6
71.3
68.3
68.6
75.1
72.8
69.1
65.6
63.6
65.2
66.8
73.5
73.2
74.5
76.4
74.8
66.9
74.3
69.2
62.7
64.9
74.3
71.6
67.0
68.1
71.6
71.7
78.8
84.2
85.0
79.6
82.9
81.1
79.2
74.8
76.2
76.5
81.0
85.3
84.3
81.3
83.7
84.4
86.5
88.1
81.2
81.4
75.6
72.5
73.7
73.0
74.2
79.5
77.8
84.7
87.5
90.3
89.3
85.2
86.8
88.5
79.1
71.6
75.9
79.0
80.4
82.2
84.5
75.9
79.0
82.3
78.2
78.3
76.2
74.9
65.4
71.5
75.8
76.8
77.6
79.6
80.9
75.2
79.7
80.6
81.3
76.1
71.3
72.5
76.0
77.4
75.6
71.3
72.3
68.8
71.5
71.2
75.1
77.3
78.5
77.8
80.5
81.4
81.8
81.9
80.8
79.2
84.5
84.7
85.8
82.6
76.5
75.2
75.9
79.6
82.3
83.8
84.4
83.0
82.3
80.8
77.1
73.6
72.1
77.3
70.2
72.3
78.5
80.9
67.2
65.2
66.1
67.1
70.2
67.4
75.7
77.7
69.7
60.1
63.3
69.1
73.0
77.3
78.7
56.8
55.0
57.0
60.3
65.0
68.1
70.8
62.8
59.7
62.7
55.6
48.0
49.6
43.8
42.4
47.9
54.4
54.8
52.2
49.7
44.6
53.5
47.5
53.5
64.1
63.1
54.1
52.1
49.9
49.8
55.1
58.0
43.6
37.4
50.3
51.8
52.2
52.8
31.0
30.7
42.7
45.3
60.9
61.7
47.5
49.4
53.8
45.9
25.9
31.4
23.2
29.5
32.3
26.0
33.9
37.0
43.6
41.3
38.9
41.0
35.8
20.7
17.6
13.3
21.0
17.2
18.2
27.0
25.0
37.5
33.5
33.7
42.4
40.3
41.5
53.4
29.5
24.6
23.5
12.2
19.4
31.4
28.4
32.4
36.5
28.7
18.8
32.4
