value
59.2
60.6
57.1
53.5
54.6
57.7
58.3
59.6
61.9
54.2
49.7
46.8
47.3
51.5
52.9
50.7
48.8
54.3
58.7
59.9
60.0
58.9
58.9
62.6
62.0
66.0
64.3
68.9
61.0
58.0
58.3
58.1
57.5
58.8
59.0
57.3
59.8
64.1
62.5
63.9
65.1
67.7
68.6
63.3
61.9
61.0
66.7
63.4
63.1
63.4
65.0
62.9
63.8
64.7
69.0
65.7
63.0
63.2
67.3
70.2
72.3
70.5
76.7
78.5
67.4
59.1
59.0
63.5
72.0
68.9
67.7
73.2
74.8
76.7
78.0
76.8
73.6
69.6
62.6
65.7
69.5
69.5
70.8
68.0
67.6
72.1
76.8
77.7
78.4
79.6
79.6
79.5
81.0
80.9
75.1
71.2
77.8
80.2
82.2
78.1
77.3
80.6
79.3
83.3
81.9
82.2
84.2
84.4
84.8
85.8
77.8
74.4
75.4
77.2
76.9
74.1
76.1
79.6
80.1
75.2
73.3
79.8
79.2
80.0
79.2
79.3
80.3
78.9
84.6
87.0
91.5
93.7
91.5
86.8
87.4
89.1
87.5
87.0
90.2
89.6
88.8
92.4
92.1
95.4
95.0
95.1
96.7
95.6
93.5
92.2
93.6
95.7
97.4
99.2
101.6
97.6
97.5
93.0
93.2
95.1
99.7
95.6
95.7
98.6
101.1
99.6
97.7
99.0
97.5
96.9
98.7
100.0
101.8
102.5
104.4
104.8
104.2
102.7
104.7
108.2
106.2
105.6
104.9
99.7
100.5
102.8
104.1
105.9
107.5
107.2
103.6
101.7
104.3
104.8
101.6
102.8
108.3
109.4
106.5
108.8
103.3
102.2
101.4
103.0
104.1
102.9
-99
103.5
100.8
99.5
98.7
97.9
99.3
99.8
100.6
101.2
100.2
100.0
98.0
98.6
98.7
97.2
97.3
99.2
99.5
104.4
102.0
101.6
99.2
101.8
104.8
102.5
103.2
104.1
99.7
100.9
102.1
100.3
100.1
100.6
96.7
97.4
98.4
99.6
97.5
98.9
96.7
97.8
100.1
97.8
98.0
95.2
96.0
98.7
93.6
90.2
92.2
94.6
95.4
97.8
94.7
93.0
95.7
95.6
94.8
91.3
90.5
89.5
87.0
86.2
84.4
84.5
89.8
88.2
87.3
88.8
90.3
90.2
88.6
81.8
76.5
76.8
74.9
76.5
77.2
76.4
75.7
74.8
79.2
80.0
82.2
81.8
84.0
78.6
74.3
71.5
70.9
73.7
77.9
77.9
74.1
74.1
76.1
76.3
77.8
72.5
72.1
70.7
68.8
69.0
71.7
74.9
76.3
78.4
75.6
72.8
70.7
70.1
66.7
66.6
69.4
67.6
67.9
66.1
65.4
64.1
62.8
64.0
64.1
68.8
65.4
66.8
68.9
70.0
64.3
62.8
63.9
69.0
73.4
65.2
61.2
61.5
62.2
49.5
52.9
68.4
65.3
58.6
51.9
49.6
49.2
50.3
56.1
54.6
53.6
48.8
49.2
52.4
52.4
49.4
48.3
51.6
54.0
61.0
63.6
