value
33.6
29.2
27.6
30.1
30.7
37.7
30.6
37.8
46.3
44.5
56.4
59.8
59.8
36.1
28.8
31.2
32.3
29.4
39.7
41.2
26.6
15.1
19.0
23.6
22.1
27.7
30.9
46.7
56.5
59.2
31.8
16.8
21.6
28.0
27.3
42.3
37.7
44.1
41.7
33.6
36.6
49.9
39.1
36.8
37.2
39.0
27.1
24.9
37.1
41.7
25.6
25.4
40.9
40.3
34.5
35.8
44.5
37.8
32.3
33.9
29.7
27.8
27.7
31.3
30.7
32.6
37.1
43.5
58.8
56.8
39.8
34.7
31.4
43.4
61.2
40.1
43.7
41.7
37.0
25.3
30.1
42.6
39.9
34.5
33.0
36.3
38.5
42.5
45.7
51.6
47.3
39.1
40.0
43.0
48.4
60.4
64.0
64.3
68.8
71.9
68.7
51.5
47.0
56.0
59.2
68.4
65.5
70.7
57.1
43.6
46.8
54.5
59.7
56.0
45.9
49.8
56.5
59.2
57.4
62.2
69.1
67.8
67.4
63.8
52.3
56.7
55.3
61.9
65.8
65.7
59.7
51.8
51.7
59.6
74.4
67.4
68.2
69.9
71.8
74.4
74.3
69.0
65.8
58.3
56.2
62.3
62.9
75.7
75.5
77.4
75.4
75.7
71.3
67.6
66.0
70.0
70.7
68.2
70.3
70.1
69.7
71.8
80.4
79.0
69.8
72.4
74.5
73.6
72.4
71.5
74.2
76.6
77.4
74.4
74.9
77.3
78.0
74.1
78.7
73.1
70.0
72.4
69.6
73.3
70.5
69.2
71.3
72.5
76.4
80.0
80.1
74.6
71.6
71.3
77.8
81.4
82.0
83.2
79.8
80.3
81.1
78.6
75.0
77.4
72.2
70.5
70.3
70.1
66.5
67.6
70.0
69.4
73.1
71.8
75.7
72.0
69.5
74.8
77.3
76.4
76.6
75.6
77.3
75.0
72.7
65.8
63.8
67.8
70.8
71.1
74.2
75.5
75.0
75.9
76.7
75.5
74.6
75.9
77.7
79.9
79.4
78.1
77.7
74.2
76.0
72.0
67.6
69.6
72.0
72.2
76.8
77.7
79.9
79.5
74.6
66.3
58.3
63.3
67.1
64.7
67.8
71.3
75.4
68.6
59.8
59.8
63.9
69.5
66.1
66.5
66.5
65.7
67.5
68.4
70.4
72.1
72.8
73.7
68.8
55.2
54.8
60.5
60.0
60.0
64.0
64.0
62.0
65.9
63.9
55.2
52.1
49.6
40.2
52.6
50.5
45.4
41.0
37.9
39.7
47.9
51.7
50.6
61.3
64.5
60.6
50.7
45.5
48.9
55.4
58.0
55.0
41.0
45.4
49.0
44.7
39.6
29.6
37.3
45.0
51.9
62.2
53.0
38.5
39.3
49.9
55.6
38.7
24.7
30.1
35.1
30.4
24.0
31.6
38.7
44.1
46.1
50.4
56.4
59.1
34.6
28.5
28.1
33.5
27.5
28.5
23.0
30.0
40.1
32.7
34.3
38.6
31.2
44.0
53.2
61.9
60.0
39.0
24.7
25.1
36.9
35.7
39.6
41.4
32.3
27.6
