value
36.0
29.4
30.0
33.5
33.4
39.6
31.6
37.5
48.5
46.2
58.1
62.5
60.4
33.7
28.2
32.4
36.0
33.8
45.5
43.7
28.7
17.5
23.2
27.8
25.7
29.8
32.7
49.6
59.7
60.8
33.0
18.2
26.3
30.2
31.0
42.4
38.4
45.6
45.2
36.6
38.5
51.5
42.1
39.7
42.8
41.9
30.5
28.9
41.4
42.7
27.4
28.9
39.6
39.2
36.1
39.8
45.5
40.4
35.4
36.2
32.1
32.4
33.3
43.0
33.0
34.3
39.4
45.1
59.4
54.1
41.1
35.8
33.3
44.0
63.4
40.5
42.2
41.3
37.8
27.6
33.4
44.9
42.2
35.6
33.7
38.1
40.5
46.0
46.6
53.4
49.6
41.5
42.8
46.3
51.3
57.6
67.2
66.6
71.7
75.5
70.2
51.4
48.6
58.1
62.5
70.7
67.2
73.1
55.6
46.3
49.5
56.2
62.8
56.7
47.8
53.6
56.5
59.3
60.4
64.7
71.6
71.0
70.4
60.2
54.6
58.8
56.5
67.8
70.6
68.6
60.1
54.0
54.6
63.8
78.4
73.2
70.1
71.0
75.1
76.9
77.4
72.0
67.5
59.3
60.8
64.2
66.7
79.4
79.5
80.1
77.7
73.0
72.0
67.1
67.5
73.6
74.3
72.3
74.0
73.2
71.9
75.3
83.7
82.5
72.6
76.8
77.6
74.7
74.4
74.1
77.9
79.2
80.7
74.5
76.5
79.2
79.4
77.3
82.3
76.8
70.8
71.2
71.1
74.5
72.0
71.9
71.1
74.5
79.1
83.8
82.6
76.2
74.3
75.0
80.1
81.3
84.7
85.8
84.8
83.9
83.5
80.2
74.9
79.6
74.5
71.7
73.5
73.2
67.8
69.9
72.0
70.5
75.7
75.7
78.6
74.6
72.5
77.5
79.2
81.0
78.4
77.2
80.5
75.9
74.8
66.7
66.6
69.9
74.3
74.6
76.1
77.3
77.8
80.2
79.4
78.7
77.9
80.5
81.9
83.8
84.5
83.1
85.1
76.8
78.6
74.1
71.7
74.7
76.2
76.9
80.1
80.4
83.7
79.6
77.6
68.7
61.7
65.4
71.1
67.3
70.4
73.9
77.5
68.7
62.6
62.9
66.0
71.7
69.5
69.2
69.7
64.8
68.5
70.2
71.5
74.8
75.4
72.3
66.5
56.7
57.9
61.6
64.0
64.3
65.5
68.2
62.0
64.6
64.8
53.8
54.0
51.6
42.3
54.2
51.3
48.0
42.8
39.6
42.5
48.5
52.0
49.7
61.7
66.3
61.1
52.2
47.1
50.0
56.6
59.0
50.9
43.8
48.2
51.9
46.6
40.6
33.2
40.2
47.1
52.4
63.3
53.3
41.4
40.5
51.3
55.5
40.4
26.3
31.6
35.5
31.8
26.8
33.1
39.4
49.7
46.4
51.0
57.5
58.4
31.9
25.7
26.3
31.9
26.9
28.1
22.3
31.1
37.9
32.3
35.9
37.7
33.7
49.5
57.2
63.4
57.7
36.1
24.2
26.2
37.9
36.8
40.8
42.0
30.3
29.3
