value
34.6
24.2
27.0
29.8
33.6
37.1
29.1
36.0
47.7
50.9
60.2
61.0
45.0
26.1
25.8
30.2
32.9
33.1
43.9
43.0
29.3
22.2
28.6
29.8
31.4
33.8
34.7
54.5
62.9
55.3
34.2
21.7
30.7
37.5
36.6
40.0
39.8
48.1
45.2
37.1
44.5
49.3
39.8
41.1
43.3
43.1
30.7
31.2
45.7
41.3
29.3
28.8
37.4
34.5
35.3
42.9
46.8
38.3
35.5
33.0
31.4
31.1
42.3
44.3
35.8
34.6
38.3
49.7
59.2
44.4
38.9
39.5
33.8
48.8
63.8
42.1
45.1
41.4
38.2
30.4
37.2
44.5
43.1
34.6
33.0
35.5
46.2
50.1
48.1
52.8
50.2
41.5
42.0
47.0
50.4
58.2
64.4
65.9
67.8
74.8
62.1
48.2
48.8
58.9
61.3
72.3
70.5
75.2
46.9
45.8
51.4
57.0
63.0
50.9
46.9
50.7
53.1
57.1
59.3
66.4
67.5
66.8
63.4
45.3
48.4
57.0
56.1
66.5
70.8
68.8
62.1
55.3
54.0
67.0
75.6
73.0
67.7
71.1
76.8
79.0
73.3
68.6
67.2
59.4
60.7
68.5
68.6
77.2
76.4
78.4
74.0
70.8
69.7
66.2
66.5
73.4
74.2
72.1
69.1
70.1
72.2
75.7
85.1
81.6
72.8
73.7
77.8
76.4
73.0
75.8
77.6
79.9
81.2
72.6
79.7
81.9
82.4
82.9
81.5
76.6
67.2
68.1
67.6
68.8
72.0
73.9
75.9
73.1
80.0
83.1
83.5
79.3
73.1
72.0
75.1
77.5
80.1
82.7
82.2
79.8
81.3
76.0
76.2
79.5
75.4
70.9
69.7
69.8
67.6
68.5
69.0
74.5
75.6
72.4
75.1
75.3
69.9
73.9
75.1
75.0
76.7
75.9
77.2
78.0
75.2
67.4
64.7
67.1
69.1
69.2
71.5
74.5
76.1
79.3
79.8
78.6
77.6
80.0
79.9
81.5
82.7
83.3
85.1
80.1
79.4
74.9
72.3
70.0
74.6
75.1
78.7
82.7
83.5
80.1
79.3
70.9
62.7
62.8
69.6
70.8
74.6
78.2
75.6
68.6
62.4
62.3
64.6
69.4
70.4
68.2
70.3
66.8
66.3
69.2
73.2
75.4
76.0
75.3
64.9
57.0
57.0
60.1
65.7
66.1
67.0
67.2
60.5
66.9
62.5
54.6
55.8
52.6
45.9
56.1
51.4
48.9
47.0
40.2
44.3
50.9
58.5
54.9
68.5
68.5
60.4
51.1
45.5
51.4
57.0
60.2
44.8
43.8
51.2
51.3
46.3
43.4
32.7
39.7
47.6
56.8
68.7
55.9
41.3
42.2
54.1
53.8
40.9
27.0
33.2
36.4
29.6
28.4
34.2
41.8
49.5
47.4
53.3
62.4
51.9
28.2
20.8
25.8
30.4
26.8
27.2
22.6
28.0
37.1
32.6
38.1
40.1
36.2
51.5
60.9
58.8
44.4
34.1
23.9
28.2
34.9
36.9
38.7
42.6
26.5
28.4
