value
59.2
48.1
46.2
46.4
46.4
49.1
47.9
55.1
63.7
64.2
58.6
71.3
63.8
47.9
40.3
38.7
42.5
45.5
45.6
50.6
53.0
51.6
54.9
59.9
65.5
62.8
63.3
68.9
71.8
63.6
48.0
53.8
55.0
58.7
56.3
64.7
61.8
62.1
62.8
56.3
65.5
59.7
58.8
55.8
49.3
52.0
50.8
49.5
62.3
60.6
52.6
61.2
63.8
58.4
56.0
65.5
54.9
56.2
50.7
49.5
46.6
43.6
57.0
66.9
54.2
51.1
55.0
60.9
65.0
53.4
51.3
55.8
54.5
58.0
65.1
66.7
71.9
68.0
64.8
59.7
68.2
70.5
65.7
50.2
48.6
48.8
55.8
61.3
65.0
66.9
65.2
66.8
60.9
50.6
56.4
60.0
66.7
71.0
72.6
75.8
60.2
60.3
65.1
66.9
64.9
76.7
77.6
76.8
55.8
55.8
59.7
63.7
69.5
67.3
60.9
68.3
73.5
72.1
69.4
72.3
72.3
70.2
58.1
58.0
61.7
60.9
61.6
69.5
71.0
71.3
71.3
73.3
67.3
69.0
70.9
74.3
76.7
78.7
79.3
80.7
80.3
78.3
79.2
79.5
77.8
78.6
74.3
78.2
78.3
80.8
81.5
82.8
78.4
79.8
81.8
83.8
80.8
74.6
77.3
78.1
79.5
82.9
82.9
83.9
85.2
85.5
84.0
83.4
84.0
78.7
81.8
81.1
82.4
79.4
82.9
82.4
85.0
83.6
85.9
87.6
85.9
81.1
79.3
80.8
81.4
81.8
80.7
81.4
82.3
84.2
83.8
85.6
82.7
84.1
81.8
81.2
80.0
81.6
81.1
78.9
79.2
79.4
83.4
85.4
84.4
85.4
84.5
83.1
79.1
83.5
82.2
82.5
85.3
86.3
85.3
85.1
86.9
86.7
86.7
85.1
85.4
82.4
82.4
82.8
86.1
82.7
77.6
81.9
81.4
81.6
81.3
78.5
81.2
83.0
84.5
83.2
79.2
77.3
79.5
82.9
83.6
81.6
82.3
83.2
82.4
84.9
82.2
82.2
80.8
80.6
80.5
81.2
81.8
81.6
82.5
82.8
81.4
81.0
82.1
82.4
83.6
80.9
78.8
75.6
74.2
76.3
83.7
78.8
76.7
77.7
78.6
77.4
74.6
77.0
77.5
78.5
79.1
79.2
72.6
65.4
65.1
66.4
68.4
73.0
77.5
74.3
75.5
76.3
75.6
69.6
62.9
64.1
54.7
62.2
67.0
62.1
64.4
62.6
59.5
64.3
67.6
71.2
72.0
73.9
65.1
63.6
56.3
59.7
68.9
71.5
62.1
54.9
56.2
62.0
61.9
59.2
44.9
44.7
60.7
68.2
74.8
72.8
61.2
54.5
65.0
70.5
57.8
45.8
41.6
41.3
42.1
37.2
39.7
45.2
51.9
64.6
66.4
71.2
74.0
50.8
38.2
37.4
45.6
41.8
40.4
45.5
45.1
60.4
46.2
42.4
46.3
49.5
57.2
69.4
71.5
60.9
44.7
40.1
42.1
45.8
47.7
48.6
46.1
47.6
44.2
