value
65.5
50.6
44.6
46.9
49.8
49.8
49.7
55.4
63.0
66.9
67.5
71.8
71.2
54.2
48.3
44.6
43.2
47.6
51.2
52.9
54.4
54.0
54.9
59.3
62.5
61.9
63.5
66.0
70.8
66.7
50.5
52.2
54.9
58.6
56.6
60.8
59.6
63.2
60.5
58.3
63.3
65.4
62.2
58.2
50.3
52.2
51.8
47.1
54.6
61.9
52.2
61.2
66.4
58.0
57.9
62.5
56.2
55.8
53.6
50.2
45.7
42.1
53.3
65.5
55.1
52.6
54.7
60.6
68.1
58.3
54.8
56.7
55.9
59.0
63.1
66.2
72.0
67.2
62.6
58.4
64.9
69.7
69.5
50.8
48.6
50.2
54.2
59.6
64.1
66.8
63.0
66.3
65.5
57.6
54.8
61.2
66.0
70.1
75.3
76.1
72.6
61.5
66.7
67.1
64.6
76.5
77.5
76.8
61.2
58.0
62.9
65.6
72.5
70.9
62.5
70.1
73.7
72.0
70.1
71.1
71.2
70.8
66.3
57.0
61.5
62.0
63.0
71.7
72.7
70.8
68.4
71.2
69.8
70.0
72.0
74.2
78.1
79.3
78.5
79.9
79.8
75.5
77.4
78.6
79.6
77.1
73.6
78.4
78.4
79.1
81.3
81.3
78.7
80.1
81.6
82.0
81.4
76.9
81.0
79.3
81.1
83.0
83.0
82.9
85.9
85.1
83.0
82.3
83.4
81.4
81.0
81.8
81.9
80.3
82.8
84.1
83.9
85.5
86.7
82.4
82.9
82.2
81.2
80.3
81.1
78.4
78.1
78.6
78.0
81.1
83.1
80.9
79.8
83.2
82.3
81.4
79.9
82.6
82.2
81.3
82.0
78.6
82.3
84.0
83.3
83.9
84.8
81.7
80.9
84.5
84.5
83.1
84.8
86.3
84.3
84.9
85.0
86.0
87.2
86.8
84.8
84.1
82.3
82.9
81.2
77.0
79.4
83.0
80.5
78.6
78.8
79.6
78.7
81.3
82.6
79.0
78.7
78.9
79.9
79.6
80.1
81.5
82.3
83.2
84.1
84.1
81.0
80.2
81.8
81.3
79.7
80.4
81.0
83.4
83.2
83.2
82.4
83.6
83.0
83.1
82.6
81.0
82.8
78.6
75.3
78.8
82.7
80.5
79.3
78.7
79.0
77.3
78.2
78.3
78.5
80.2
79.5
80.1
77.4
69.8
69.6
70.3
74.2
74.9
78.0
79.1
78.1
76.4
76.6
75.5
68.8
68.2
64.6
67.2
71.4
67.7
67.0
63.2
62.8
65.0
70.4
71.6
74.6
76.6
70.4
65.5
61.1
63.5
69.3
71.6
70.8
56.8
60.7
65.8
65.5
61.9
47.3
53.4
62.9
67.6
73.9
70.5
59.5
57.8
65.0
67.3
63.9
50.2
50.6
52.4
44.1
40.5
42.3
47.5
54.3
61.2
67.3
72.3
74.5
74.5
44.6
46.5
53.7
48.4
47.1
50.3
51.0
64.7
49.4
45.4
48.3
50.6
61.8
69.4
72.5
65.3
50.6
42.1
43.1
47.7
50.5
49.6
51.6
50.8
47.3
