value
48.7
40.7
38.5
44.2
43.2
40.5
41.3
46.6
56.9
62.4
56.6
68.6
50.6
40.6
31.7
37.4
42.0
44.3
45.2
47.6
48.5
45.0
53.5
58.8
62.4
49.4
55.6
69.8
70.3
55.4
44.6
48.6
51.1
53.0
52.1
57.5
53.8
58.7
57.9
47.3
57.5
55.7
49.0
46.5
44.3
46.6
43.4
47.2
58.5
53.6
48.2
50.2
46.7
47.1
49.2
57.8
49.5
46.0
46.1
43.6
42.0
42.9
59.6
62.1
48.1
49.7
54.3
62.6
60.9
47.2
47.2
53.4
54.9
63.6
67.1
68.2
71.3
60.0
59.1
51.5
58.2
52.4
50.6
44.2
41.3
46.5
57.2
66.3
64.9
64.7
62.9
64.9
50.1
44.3
52.4
61.2
65.6
71.6
74.3
72.6
48.1
57.5
63.0
66.2
67.1
77.8
79.2
70.9
49.3
53.6
59.7
63.2
66.4
55.7
59.5
63.2
72.0
69.7
71.3
70.8
70.4
66.7
50.6
55.3
54.2
60.4
64.9
70.3
70.3
72.3
71.7
67.6
65.4
72.3
70.4
69.4
75.6
79.4
79.5
80.2
80.8
70.0
75.3
77.7
76.6
74.8
73.5
78.6
79.1
79.1
82.4
83.4
75.7
74.9
77.0
81.6
76.0
73.3
75.2
76.6
79.4
82.7
84.1
84.7
85.9
82.4
83.6
81.3
77.7
76.1
81.5
83.2
82.5
80.0
83.2
83.3
84.2
85.1
86.5
87.7
81.9
78.3
79.1
77.4
78.4
79.5
80.4
82.4
81.1
84.1
86.1
85.9
82.9
81.9
78.8
77.4
79.9
83.2
84.8
79.0
82.1
81.8
83.1
86.3
81.7
81.5
82.2
77.6
78.2
83.2
84.6
85.7
87.2
86.4
86.8
86.6
88.5
88.7
88.3
88.1
87.4
87.8
84.6
86.0
85.5
79.0
77.2
76.1
75.1
79.4
81.0
81.6
82.5
85.0
86.0
85.6
84.9
84.6
82.3
85.7
87.0
85.8
87.3
88.2
84.6
87.3
87.7
86.3
86.3
85.8
84.6
84.5
83.6
83.6
83.8
86.2
79.8
79.8
84.1
84.3
85.6
85.7
76.4
73.9
70.7
70.5
80.0
76.5
75.5
77.5
78.8
74.6
76.3
76.4
76.8
77.7
78.0
77.9
66.3
64.9
63.5
64.4
66.6
70.9
73.8
71.5
71.8
75.1
65.4
63.4
60.4
60.0
48.7
60.3
64.6
62.0
64.9
58.5
57.1
64.0
65.4
69.5
68.7
70.9
61.2
60.2
52.5
57.1
65.6
66.8
47.9
51.0
54.1
57.8
57.8
54.1
41.1
41.0
52.8
63.5
75.7
67.0
58.0
52.3
62.2
62.6
46.3
39.8
35.4
37.5
38.1
35.4
38.9
44.0
57.4
61.7
60.0
67.7
59.4
38.0
32.7
33.2
36.9
35.6
35.7
39.9
38.6
44.9
39.8
42.8
49.5
49.6
56.0
68.3
65.1
49.9
38.0
37.0
40.5
47.7
44.2
47.0
45.5
41.8
37.2
