value
65.8
74.6
79.9
75.0
75.3
75.6
76.0
77.8
77.9
74.1
74.5
71.0
72.9
76.1
76.9
78.1
78.3
75.7
74.4
73.1
76.8
80.3
77.7
79.6
79.7
79.2
72.8
71.7
75.9
78.2
69.5
75.6
76.3
77.1
78.6
83.8
84.8
85.0
85.1
81.1
80.3
78.5
82.9
79.2
81.4
82.3
81.2
83.2
84.5
84.1
84.9
81.7
78.1
77.0
78.1
81.2
83.5
87.9
85.7
88.3
88.7
74.4
68.8
76.0
77.9
79.9
80.3
81.3
86.1
86.6
84.1
84.1
85.6
84.9
85.7
88.7
85.8
87.0
86.9
85.4
86.3
86.9
86.7
85.3
87.3
86.9
87.3
89.0
90.6
90.7
87.8
88.6
91.4
91.2
92.4
90.6
84.0
86.5
89.8
89.0
86.9
86.1
84.3
86.5
86.8
85.6
81.4
85.8
90.6
92.1
85.2
83.7
85.1
86.4
90.4
85.4
83.9
87.8
87.1
87.7
86.8
85.3
84.6
80.0
83.8
87.9
80.6
81.5
85.9
87.1
82.1
82.8
88.5
86.1
89.5
91.3
86.4
83.4
83.7
82.4
85.1
83.7
79.4
83.5
85.3
83.9
83.6
88.0
85.6
82.4
86.7
89.1
85.8
86.8
82.2
79.1
80.7
87.3
85.7
90.3
88.6
78.1
82.3
84.2
85.7
85.6
87.9
87.9
86.8
86.1
82.7
80.4
83.6
79.1
79.9
80.1
79.4
83.6
84.6
84.9
86.1
87.5
86.2
83.4
83.0
86.6
86.9
84.4
78.3
80.4
78.5
79.9
82.3
85.6
81.6
83.9
80.5
80.3
85.0
83.6
83.3
82.2
81.1
82.6
80.3
80.4
83.6
80.2
77.8
78.0
80.3
82.9
86.3
83.2
82.0
82.2
82.5
85.7
83.9
78.9
79.6
80.9
77.8
83.5
85.0
81.3
84.0
85.4
84.0
83.9
86.3
84.6
80.4
78.4
81.5
80.9
82.9
84.1
81.7
86.0
85.5
81.3
80.5
83.2
82.5
85.2
83.2
78.8
81.7
82.5
79.9
83.5
84.0
84.1
81.9
80.2
81.4
79.8
83.2
83.9
83.0
82.3
81.1
82.1
84.2
84.3
82.5
83.9
81.6
82.7
84.5
81.6
83.1
79.3
84.0
84.2
83.9
83.0
85.4
82.5
82.6
82.3
83.4
85.0
84.0
78.9
82.7
84.6
75.8
79.8
81.9
82.0
81.1
82.6
82.7
81.8
79.9
72.2
76.5
77.5
78.1
79.2
81.6
83.5
83.1
85.2
83.0
80.8
81.1
82.1
81.4
81.6
82.3
82.6
84.5
85.2
84.4
82.0
80.2
77.4
80.7
78.3
78.7
75.8
78.6
81.0
81.7
82.3
82.5
79.5
82.1
78.1
72.2
73.8
74.3
72.9
72.0
74.3
73.9
74.6
72.8
71.6
74.6
73.3
75.4
77.1
78.5
79.9
78.2
62.9
63.0
66.6
64.3
63.4
65.1
65.5
66.6
67.4
66.4
65.2
64.0
63.0
63.1
63.9
65.1
