value
61.0
61.5
61.1
61.0
56.6
54.0
55.7
50.7
45.9
50.1
53.5
55.7
56.7
58.4
56.9
58.5
61.5
59.1
59.8
60.6
61.0
64.6
62.9
61.5
62.6
62.3
62.6
59.9
58.9
54.9
54.8
55.2
58.5
60.2
61.9
63.5
61.7
61.0
62.3
62.8
61.1
58.9
58.0
58.9
63.8
59.0
58.5
58.5
57.6
57.3
60.2
61.2
63.6
62.5
62.7
62.9
65.5
63.0
61.1
59.6
59.7
66.0
61.9
61.0
56.0
57.8
63.5
61.2
61.4
64.2
79.4
70.3
66.3
79.2
63.2
60.4
60.7
59.4
62.1
64.6
69.0
62.4
61.3
63.2
69.1
64.5
63.8
65.2
67.6
75.3
76.1
65.2
64.6
64.7
64.5
65.2
70.9
70.8
64.0
64.5
63.5
64.5
65.8
65.3
65.2
62.8
62.6
64.2
62.2
59.0
61.5
62.0
64.4
67.7
69.6
71.9
76.1
84.0
77.2
78.2
76.8
74.5
72.5
72.8
73.5
73.7
73.3
72.3
73.0
74.0
71.9
70.7
71.6
69.1
68.9
70.5
71.7
74.1
73.5
73.3
73.4
74.5
78.4
80.3
75.9
73.9
74.4
75.2
75.4
79.1
75.1
76.2
76.5
77.2
75.0
74.2
75.6
75.3
77.9
78.0
76.6
75.6
77.4
77.4
76.8
76.6
76.4
77.2
78.6
79.3
79.5
79.4
78.7
79.2
79.5
80.1
80.5
79.4
80.1
81.0
80.8
79.8
79.6
80.0
80.8
80.1
79.8
80.0
80.1
80.0
80.5
81.8
81.7
81.6
82.1
81.6
81.4
81.2
81.5
81.4
82.1
81.8
82.1
82.0
82.0
82.2
81.7
82.5
83.1
82.9
82.6
82.0
82.5
82.6
83.2
82.7
82.8
83.2
82.5
83.1
82.9
83.2
82.7
82.3
82.8
83.7
83.7
84.0
83.5
83.6
82.1
83.1
83.9
83.2
83.4
83.1
83.0
82.9
82.5
82.3
82.7
82.8
82.5
82.9
83.2
83.8
82.6
82.6
81.4
80.7
80.7
80.3
82.0
81.8
81.9
82.3
81.2
81.0
80.1
80.3
80.3
80.8
80.5
79.2
78.5
78.6
76.2
76.9
76.3
76.2
77.0
77.3
77.4
77.3
77.6
77.2
75.6
72.4
70.2
69.4
71.1
74.2
75.8
75.2
72.4
72.8
73.6
73.6
73.3
72.7
75.0
72.4
71.9
72.0
73.4
72.7
71.1
71.1
71.3
70.7
70.2
73.8
75.0
74.2
73.5
71.6
71.9
72.4
75.0
71.6
71.8
73.2
72.3
71.9
73.1
71.8
70.3
69.6
69.9
69.3
68.7
68.6
68.8
68.6
67.9
68.3
71.7
69.7
70.2
78.2
79.5
70.3
66.4
65.7
68.0
70.4
68.8
65.9
59.5
62.3
62.5
62.8
56.1
54.8
51.7
48.2
48.2
47.7
52.8
56.4
57.7
58.1
58.6
59.2
59.4
58.5
58.7
59.3
61.0
61.8
63.2
69.7
59.5
55.7
58.0
