value
33.5
23.0
15.6
28.8
34.7
34.1
36.0
35.8
37.6
43.8
36.4
40.0
43.5
49.6
41.1
33.8
35.7
25.9
34.1
44.1
27.6
23.2
13.9
10.9
15.8
18.8
20.4
25.1
29.7
42.6
52.9
31.5
24.5
25.6
25.9
24.7
30.2
25.9
30.5
20.3
15.9
31.1
40.4
36.6
35.8
37.1
36.1
25.9
22.4
33.0
36.4
28.5
30.2
34.6
35.4
32.5
35.0
38.2
37.0
35.9
37.7
37.0
35.6
36.2
37.9
34.0
30.7
36.5
34.2
39.4
45.1
47.2
36.1
28.4
34.9
33.2
27.7
32.7
31.9
32.4
33.7
36.0
39.0
38.8
37.1
44.3
42.0
46.8
46.8
45.7
49.0
36.5
37.3
41.4
45.7
40.9
42.5
50.7
53.1
47.5
46.3
40.3
40.5
47.7
43.4
50.0
57.7
51.0
61.2
57.5
44.8
43.2
41.8
49.9
56.1
49.4
49.2
52.9
55.8
54.2
53.2
55.9
48.9
49.1
47.3
47.5
52.0
58.9
55.4
60.0
64.0
63.1
53.7
51.4
54.8
66.4
63.0
58.2
56.7
64.2
59.7
54.4
60.7
65.8
51.2
48.4
49.6
59.3
61.1
74.0
83.6
82.2
78.2
69.8
65.5
64.7
63.6
57.4
62.0
70.9
65.8
59.3
61.4
61.8
58.7
70.3
70.3
73.8
64.8
63.0
65.2
70.8
74.3
68.1
82.4
80.8
76.6
64.5
68.8
74.0
75.0
75.4
74.2
73.2
83.1
85.9
85.7
83.3
76.7
67.8
72.0
77.0
72.2
68.1
76.3
81.4
82.7
81.0
82.2
86.9
87.7
77.1
71.6
71.5
78.0
65.3
64.6
67.6
70.7
70.8
74.1
73.5
72.9
72.8
74.1
72.6
69.0
68.3
68.9
71.4
73.1
77.1
72.3
74.0
70.6
69.5
68.8
71.2
69.3
69.7
73.4
77.1
77.9
78.5
73.3
66.8
68.9
73.1
72.0
66.3
64.2
69.9
74.9
73.2
73.3
74.9
72.2
67.4
60.9
65.6
69.8
61.0
65.9
79.5
78.2
70.0
63.3
62.6
62.7
53.1
61.6
63.1
63.5
65.4
68.4
57.0
55.2
57.0
58.7
60.1
60.3
56.7
57.3
61.9
70.5
69.9
63.3
62.5
58.7
66.7
62.9
55.1
54.5
58.1
56.9
55.1
52.5
57.2
56.9
61.8
64.1
58.3
56.9
55.8
57.9
51.3
48.9
45.6
46.2
50.3
49.0
42.4
44.0
49.5
65.5
58.4
47.0
36.5
39.1
49.3
54.0
44.3
40.4
47.1
46.1
41.3
31.4
38.4
46.9
48.4
46.2
59.0
45.7
35.4
37.6
44.3
44.5
28.3
24.6
36.0
51.2
36.4
28.9
26.1
38.3
38.8
40.3
39.5
42.6
52.1
38.0
30.4
34.2
35.5
28.0
25.0
23.2
17.0
30.0
27.7
18.2
25.1
33.4
39.7
46.1
45.6
34.7
35.3
22.9
27.4
30.7
35.5
37.9
38.4
20.6
