value
56.8
52.8
53.5
55.2
55.5
53.5
53.2
52.9
53.1
52.5
53.2
53.5
53.7
51.1
49.6
52.5
55.5
58.1
57.7
56.3
54.6
53.5
54.2
53.2
59.1
60.0
57.0
57.0
55.6
57.2
54.9
52.4
52.7
50.3
49.6
51.0
51.5
51.6
46.9
50.6
49.0
52.8
53.3
52.8
51.9
53.6
52.1
54.1
57.6
56.9
52.6
54.9
59.2
58.2
53.6
51.9
50.0
50.7
53.6
51.0
52.3
60.4
61.1
60.4
61.9
64.6
63.1
60.5
59.0
56.4
57.3
55.8
51.3
54.3
64.4
64.5
62.3
62.0
59.6
58.4
58.2
55.9
56.5
55.9
56.5
61.3
60.7
58.9
62.7
63.1
60.8
58.6
57.0
57.2
58.2
55.5
52.7
54.9
56.6
60.2
59.1
59.2
59.8
62.5
63.6
65.1
64.7
64.6
63.7
65.9
61.5
60.1
65.2
67.2
59.8
62.2
62.0
58.9
55.9
57.9
57.2
58.7
59.2
62.3
64.5
63.8
69.9
68.4
63.8
65.6
64.9
65.4
67.5
66.8
63.2
60.9
60.8
60.8
59.2
58.3
59.8
60.7
61.8
61.9
62.2
62.0
62.4
61.9
62.2
60.7
62.5
64.0
64.6
68.2
67.9
65.6
65.7
61.1
61.7
62.7
63.4
65.8
65.1
67.9
67.9
68.4
67.6
67.4
64.7
62.8
64.8
69.1
70.1
77.1
73.2
69.6
73.3
72.1
76.1
84.1
74.9
71.6
70.9
71.2
72.2
72.8
72.2
75.1
75.5
76.4
78.9
74.7
71.4
70.3
70.1
69.1
71.1
70.2
70.8
68.7
70.7
69.9
70.8
71.2
72.1
70.1
72.7
70.6
70.3
72.1
74.3
77.9
74.5
73.7
72.2
72.3
73.7
73.0
70.3
70.3
73.4
80.1
81.8
85.6
74.4
71.7
74.0
76.1
73.1
74.9
77.9
74.2
-99
81.8
76.2
74.6
72.8
73.0
69.4
69.0
71.5
70.2
76.0
76.1
74.4
73.3
72.4
74.7
70.8
71.9
69.1
69.4
69.2
71.8
71.8
73.3
71.8
72.1
72.1
71.5
71.2
67.6
68.5
73.1
75.8
73.3
71.0
69.1
69.2
73.4
71.0
71.9
72.6
71.3
70.7
72.9
71.5
69.1
67.5
66.7
69.9
71.1
69.9
69.3
67.2
64.6
65.5
66.5
66.9
65.3
67.2
67.3
67.6
66.2
68.4
69.8
66.8
66.8
62.7
64.1
65.3
62.7
58.4
58.4
60.1
58.6
60.5
63.3
62.3
61.7
62.7
62.1
60.1
57.4
56.9
60.2
59.8
63.9
60.0
54.0
50.3
54.8
57.1
57.1
56.0
58.4
63.1
59.1
53.9
52.4
51.4
54.1
58.4
52.5
52.6
53.3
52.5
50.6
53.1
54.2
54.4
53.8
50.7
52.4
55.1
54.8
52.9
56.2
52.0
54.6
57.7
55.8
55.9
53.5
50.4
52.2
50.0
53.9
60.7
60.4
57.2
54.4
49.6
48.6
48.3
