value
39.5
35.0
29.5
33.0
36.9
39.4
43.5
35.5
37.6
46.2
40.4
45.8
44.1
48.1
40.8
36.9
41.3
35.6
36.9
47.1
34.8
24.0
18.0
21.1
17.7
24.3
30.7
33.2
47.1
53.5
48.7
28.6
22.2
26.9
29.4
33.2
36.0
31.8
37.0
33.9
28.4
41.1
48.8
38.2
37.5
42.2
36.7
29.9
27.6
36.6
34.6
28.6
30.8
36.4
43.7
36.6
34.8
45.6
44.1
39.9
34.7
33.1
34.0
36.3
37.0
41.4
40.8
46.8
44.7
48.3
53.7
41.3
37.0
40.1
46.3
37.9
36.9
43.2
42.5
37.8
34.1
38.0
38.1
34.4
33.0
43.7
42.0
46.7
47.5
45.6
50.3
40.2
39.5
37.3
47.7
47.5
50.1
64.3
73.0
76.5
72.3
55.1
54.2
54.5
56.4
60.1
65.2
62.9
66.4
54.4
47.3
46.2
50.9
55.8
58.0
55.0
55.3
56.8
56.5
56.3
57.1
55.5
56.0
54.9
52.7
53.8
58.2
60.9
60.8
68.1
67.9
61.2
51.2
49.4
62.4
75.0
71.5
65.1
62.7
69.3
73.3
76.5
73.5
60.5
54.1
58.8
54.4
65.4
75.1
80.3
79.3
80.2
79.7
72.4
68.5
66.7
68.2
68.1
70.5
71.9
73.3
73.8
76.6
76.5
68.9
71.8
72.1
78.0
73.9
69.0
69.2
70.6
73.3
71.6
79.7
79.6
78.7
75.4
76.8
76.0
77.7
77.2
76.9
76.4
79.3
80.9
83.2
82.5
76.4
78.2
80.3
77.7
71.8
74.6
78.8
82.3
86.3
84.7
85.6
85.9
81.9
80.5
79.6
79.5
77.7
71.0
73.7
70.2
75.9
74.4
72.5
72.7
73.0
76.4
72.2
72.0
69.5
69.3
72.9
76.9
80.2
78.8
76.1
78.0
78.3
70.9
67.2
67.5
67.9
70.6
69.2
74.0
77.8
79.4
74.7
69.3
69.9
73.4
81.3
77.7
76.6
76.9
78.6
80.1
81.2
79.4
71.7
72.4
68.5
66.8
75.4
70.5
78.7
83.2
78.1
71.4
62.5
61.0
66.3
60.0
56.3
61.1
65.0
67.1
65.0
59.6
57.6
59.9
62.2
62.3
63.1
61.3
61.1
66.2
71.1
70.9
73.3
75.7
74.8
69.0
57.5
57.8
55.6
59.4
63.6
61.4
60.4
59.1
62.0
65.0
59.8
53.7
55.1
51.0
54.6
51.0
45.5
43.9
43.4
49.9
46.9
48.9
52.3
58.9
67.3
58.6
49.8
40.5
45.0
56.0
53.6
44.6
40.8
49.2
46.1
44.8
34.1
38.7
41.1
47.2
53.8
61.1
47.7
37.6
37.3
50.0
48.5
29.9
26.4
33.9
40.4
31.6
31.9
31.0
34.3
41.8
45.4
42.8
54.2
56.8
39.1
29.8
32.4
33.1
31.4
26.5
29.9
33.5
38.0
33.6
33.5
33.3
34.8
50.3
60.5
66.0
59.7
37.0
24.9
28.6
34.0
39.8
44.4
42.0
34.2
