value
41.4
38.0
33.0
36.2
39.3
42.1
46.0
40.1
41.7
49.8
43.5
45.5
47.4
53.1
42.8
39.0
43.4
38.1
39.7
48.3
39.9
26.7
21.0
23.8
22.4
28.0
31.7
35.7
50.1
58.0
52.2
31.9
24.3
30.9
31.9
37.6
40.4
36.4
38.4
37.3
32.6
42.6
51.8
41.6
40.5
44.9
39.2
31.7
30.1
40.3
38.4
31.2
33.1
37.5
46.5
38.5
38.6
48.1
46.2
42.8
36.7
35.2
36.0
40.6
37.8
43.2
43.2
47.4
48.8
50.3
56.8
45.2
39.3
43.8
51.0
41.1
38.3
45.3
47.2
39.3
36.8
42.7
41.4
36.1
37.0
45.5
44.5
48.8
50.5
50.2
52.9
45.1
44.1
40.4
49.1
49.9
52.8
64.8
72.1
75.7
76.2
61.5
59.5
58.8
59.8
62.5
68.5
66.5
70.0
56.2
49.8
49.0
52.8
60.0
59.5
57.9
60.7
59.5
58.3
58.0
59.9
57.8
59.1
57.0
54.7
56.4
60.3
63.3
62.6
69.0
69.7
63.8
55.5
54.0
65.8
75.9
74.8
66.0
65.5
72.0
73.8
77.1
75.7
63.0
55.8
62.8
61.7
70.2
76.2
79.6
79.8
81.5
81.0
74.8
71.1
71.4
70.5
70.5
72.6
75.3
75.2
75.8
80.2
79.7
71.5
76.0
76.8
79.2
75.8
71.4
72.6
73.4
76.2
75.3
80.2
81.5
81.7
76.5
78.0
77.8
80.2
78.3
78.6
78.6
81.1
82.6
84.3
83.7
78.7
80.3
82.3
79.0
73.9
77.0
81.4
84.5
88.6
87.3
87.0
88.0
86.6
84.9
81.7
82.0
80.8
74.5
75.4
74.6
76.8
76.0
76.2
76.5
74.5
78.1
76.5
74.8
73.1
72.2
75.7
80.3
84.1
81.6
78.7
81.6
81.3
72.2
70.2
71.4
72.3
71.5
70.1
76.6
79.6
80.5
76.4
73.1
74.2
75.0
81.9
79.8
78.3
78.8
80.5
81.2
81.5
81.4
74.7
76.7
70.7
71.1
77.4
73.9
79.6
84.0
81.1
74.4
64.9
65.7
68.6
63.6
62.2
66.6
70.1
70.0
67.9
62.2
61.6
64.3
66.6
66.4
66.0
64.7
65.7
70.2
74.5
74.0
76.1
77.9
77.8
71.3
60.9
60.0
57.9
61.5
64.4
63.1
62.9
63.3
66.0
67.7
63.5
58.8
59.6
55.8
58.1
53.8
48.3
47.1
46.7
53.6
52.4
53.7
57.0
60.7
67.4
62.1
53.8
43.4
47.8
58.6
57.4
47.6
44.7
52.0
49.2
47.4
37.7
40.7
45.2
50.4
56.3
62.4
50.0
41.9
41.9
51.8
51.1
32.3
29.6
36.8
41.0
34.2
36.2
33.9
37.9
44.5
47.1
47.1
56.5
55.9
41.3
32.3
34.3
35.7
34.2
31.8
33.7
37.9
40.7
36.8
36.7
37.8
41.1
50.7
58.6
65.6
59.3
39.8
27.8
33.7
38.2
40.9
46.9
43.6
38.0
