value
12.5
1.4
1.0
4.5
17.5
4.9
2.2
10.6
24.3
32.2
20.9
26.8
35.5
36.7
21.8
17.5
20.9
-7.8
6.0
22.2
5.1
-5.0
-10.7
-7.2
-0.3
0.3
7.3
5.1
12.5
30.3
44.6
14.5
3.1
9.6
14.4
3.8
7.5
-3.1
-6.0
8.0
11.6
11.5
32.0
29.2
25.9
22.6
27.0
19.7
18.0
22.0
29.7
29.9
25.7
20.9
24.9
24.1
19.2
24.0
30.2
27.8
31.7
34.1
35.4
35.5
32.6
29.3
30.4
30.3
27.3
35.6
39.0
41.3
33.6
21.3
18.9
12.6
11.0
16.0
21.0
26.3
23.4
29.4
31.5
31.8
25.9
36.5
40.2
38.6
35.0
35.8
36.8
26.1
20.2
30.9
37.4
26.4
26.7
37.7
32.7
38.0
32.5
32.7
33.6
35.6
34.6
41.2
43.0
37.0
51.7
51.5
35.3
36.7
42.1
47.3
49.3
43.3
46.8
49.8
54.9
57.6
58.8
58.4
52.7
54.8
60.7
63.7
57.0
65.4
62.3
59.2
51.6
54.1
46.7
42.6
48.7
50.5
45.9
45.5
45.9
50.0
52.7
52.0
53.0
56.3
44.7
45.8
42.3
49.5
57.5
60.5
69.9
68.2
64.1
68.0
56.1
53.8
55.3
58.2
54.9
50.7
58.5
59.9
58.8
59.0
61.0
59.4
55.9
55.1
57.2
56.6
59.6
62.1
60.1
59.6
70.5
73.2
60.0
52.3
53.5
60.6
67.9
67.8
61.7
66.4
76.1
78.4
76.2
75.5
66.7
64.8
68.7
71.1
65.1
67.9
74.0
78.4
79.0
69.5
71.3
67.6
73.1
61.1
60.3
63.5
65.5
59.3
59.4
58.3
65.5
63.7
67.1
64.0
67.7
63.6
62.7
59.8
57.3
61.1
65.3
60.0
64.3
65.7
62.0
64.5
59.8
63.5
60.5
60.6
61.5
63.0
67.7
66.5
71.8
72.0
62.9
58.2
60.9
61.9
68.1
64.3
60.4
55.2
64.5
68.6
59.8
61.8
63.5
50.5
50.1
57.2
55.2
50.7
57.5
65.8
66.9
64.3
54.6
54.3
51.3
47.4
54.4
57.2
61.1
60.1
62.4
47.8
47.3
49.4
52.1
58.3
55.7
58.5
57.3
56.7
58.9
57.8
51.9
46.0
44.4
50.2
54.0
47.6
53.5
56.4
50.6
44.9
46.0
52.6
48.3
55.6
49.7
49.2
48.2
43.8
46.9
40.2
35.4
38.7
34.9
39.3
35.2
28.9
28.6
33.6
54.7
46.1
31.7
29.3
27.3
37.5
46.7
35.4
32.5
29.9
31.8
28.2
23.6
26.6
39.3
39.5
36.0
46.2
36.7
26.4
27.2
30.9
30.3
18.1
17.6
23.1
34.0
31.8
14.9
12.8
21.4
25.8
33.4
32.8
29.0
37.5
26.7
17.0
10.9
20.8
12.8
0.8
1.8
-6.0
2.9
10.5
-4.5
3.7
11.9
11.5
13.7
16.3
18.5
18.9
8.2
-1.0
8.8
16.4
13.6
13.1
-3.5
