value
28.8
15.3
9.2
20.2
33.0
25.1
27.7
28.9
27.5
39.5
29.8
36.0
38.9
43.9
35.6
31.2
31.7
17.2
27.2
41.3
24.3
19.0
6.5
4.7
10.3
16.7
17.6
18.2
25.8
38.6
48.8
28.9
19.3
25.0
25.4
19.0
25.3
19.6
14.6
15.2
17.9
20.4
35.1
35.5
35.5
33.6
34.4
25.2
22.2
27.8
37.5
26.9
31.1
31.8
33.0
31.8
35.5
34.7
34.8
32.0
35.1
35.2
34.3
36.6
36.9
33.6
35.5
38.1
31.9
37.6
42.8
45.0
34.5
25.6
30.8
27.4
24.1
30.5
27.6
30.1
30.6
31.9
36.7
35.7
36.3
39.3
40.5
44.0
43.0
38.7
44.7
34.1
35.0
38.4
44.3
35.9
36.3
48.3
45.2
46.1
45.7
37.5
38.2
43.6
39.4
44.0
54.9
44.5
51.9
53.2
43.6
39.9
38.0
47.9
53.7
47.3
46.4
48.8
49.4
50.7
50.3
49.6
48.3
47.3
45.6
46.7
44.9
57.7
54.0
56.5
56.0
60.4
50.6
48.8
49.8
59.8
58.8
52.2
51.1
54.3
53.2
50.6
53.5
60.8
49.8
48.9
44.8
56.5
53.7
67.6
75.7
77.9
74.6
68.0
60.6
58.6
59.2
55.2
58.2
65.0
61.2
55.7
57.7
60.0
60.8
63.7
63.3
68.1
62.8
63.2
63.1
65.6
68.7
67.5
77.1
79.8
71.1
57.6
59.0
66.8
70.6
69.6
62.4
62.9
74.6
82.5
81.6
77.4
71.7
65.1
61.7
70.6
70.7
68.8
73.7
79.7
80.1
76.6
76.4
79.8
83.3
71.5
67.5
65.2
71.9
63.0
65.4
67.1
65.3
65.8
69.1
68.2
67.6
68.6
67.7
66.8
63.6
63.1
64.2
67.6
68.8
72.2
64.9
66.4
66.4
67.9
64.2
64.2
65.8
64.8
70.6
72.5
72.4
74.9
73.7
65.4
64.4
68.3
72.3
68.8
65.6
67.7
72.1
73.4
66.7
69.6
69.0
63.1
56.1
61.5
63.2
54.5
60.2
73.5
70.7
66.1
61.2
57.3
59.2
51.8
54.9
58.2
59.8
58.9
65.0
52.4
49.1
52.4
55.9
60.4
58.4
53.1
49.9
58.2
64.0
62.3
59.2
57.2
52.6
58.4
58.4
47.5
48.3
54.0
52.2
50.5
48.0
56.6
55.4
59.5
59.1
53.9
56.0
50.3
54.1
45.6
45.6
42.9
39.0
48.2
42.9
36.8
36.9
38.4
60.0
56.8
43.3
34.0
32.7
43.5
51.5
40.7
38.2
39.6
41.1
36.9
27.3
35.7
38.4
39.5
41.2
55.0
41.5
33.2
31.1
36.3
38.0
24.9
22.5
30.1
45.0
34.9
22.1
20.8
31.0
34.9
37.9
33.0
30.8
40.1
34.7
25.9
28.9
29.8
23.8
18.4
16.9
8.5
14.1
18.1
6.8
19.5
27.2
32.4
34.8
32.1
28.8
29.7
14.5
18.3
20.9
27.2
29.3
28.7
7.9
