value
33.8
33.8
34.8
38.7
46.7
33.8
42.6
35.1
33.8
33.8
44.8
33.8
35.7
33.8
55.0
71.1
56.8
67.6
67.3
68.7
71.3
73.1
73.4
72.8
72.9
71.5
71.6
71.1
71.2
69.8
70.0
71.4
70.0
70.3
72.3
72.2
69.4
72.9
70.7
71.6
69.4
69.7
68.6
70.5
69.3
69.9
69.7
68.8
69.4
68.3
69.2
70.1
71.3
68.3
69.7
70.4
70.1
69.8
69.3
70.5
72.7
72.7
72.7
72.2
69.4
68.2
66.9
67.4
68.8
68.9
68.6
70.2
70.4
71.8
71.2
71.9
70.8
68.9
66.7
69.4
70.2
71.1
70.2
70.8
70.3
69.0
66.4
66.9
67.5
66.8
66.5
66.0
66.9
66.9
68.4
68.2
69.1
70.6
69.6
68.5
68.2
70.0
71.4
68.5
68.9
68.0
65.5
67.1
67.5
69.1
69.4
68.7
71.6
68.9
67.1
63.6
62.3
62.6
64.0
65.8
63.7
62.4
63.6
63.5
66.1
67.2
64.4
65.9
65.9
67.2
61.5
65.4
63.3
63.4
63.4
58.3
62.4
63.0
60.7
62.0
62.8
63.9
64.5
66.1
67.0
62.3
64.9
64.7
62.5
65.0
64.0
62.2
58.2
54.8
55.4
53.9
57.7
57.8
57.1
56.6
56.8
58.1
56.5
51.2
51.8
58.3
59.6
56.7
54.6
57.6
58.0
57.7
55.9
57.1
57.9
56.0
56.8
60.7
61.4
61.4
62.4
61.3
53.2
58.9
58.3
56.5
57.4
59.4
58.3
55.4
56.5
54.7
52.3
57.0
57.5
59.2
57.9
60.4
58.8
57.2
55.8
56.6
57.3
58.3
58.4
58.7
57.3
59.4
60.9
62.9
58.8
57.8
57.0
56.0
56.4
55.1
54.7
55.1
56.0
57.9
60.1
59.6
59.3
59.9
59.4
60.6
58.8
59.3
61.3
61.1
62.3
58.7
57.3
58.2
62.0
61.5
63.9
58.6
56.2
57.9
58.7
60.0
63.0
64.5
63.0
62.0
63.1
65.2
62.1
61.0
61.8
64.7
63.1
61.5
62.7
61.1
64.3
63.7
60.6
61.6
61.8
60.8
59.6
60.8
60.9
62.3
64.4
68.4
70.0
71.0
68.2
69.6
70.2
61.5
61.2
61.4
62.5
61.7
61.2
63.1
68.7
64.9
64.4
66.8
67.9
67.9
72.7
71.2
67.9
64.4
66.7
70.9
72.5
69.6
72.3
73.1
68.6
67.5
70.1
69.9
66.8
65.9
69.5
72.1
71.6
74.2
74.1
73.6
71.4
72.2
71.2
71.7
70.6
71.9
73.4
71.1
73.5
73.4
70.8
73.8
74.7
71.8
70.9
71.4
72.0
75.1
69.5
66.9
65.5
67.4
68.7
69.0
69.2
67.7
71.2
74.8
70.4
68.0
70.2
70.8
71.0
70.3
70.3
69.9
71.3
69.2
69.3
70.9
72.8
74.5
75.4
71.8
71.3
70.6
70.1
68.1
67.7
69.2
69.9
73.2
71.9
71.8
70.7
70.4
68.2
