value
27.0
16.8
20.9
27.6
23.2
34.0
32.8
28.9
36.9
34.5
43.5
50.2
44.7
33.1
23.7
29.2
34.9
24.5
39.6
30.6
17.6
5.6
10.2
15.4
17.3
22.0
20.7
35.8
44.2
54.4
29.4
16.9
16.5
14.6
19.3
21.2
24.8
28.9
29.9
22.6
22.5
40.1
33.1
31.1
32.7
32.3
23.6
18.0
26.0
35.5
20.4
22.7
25.6
32.6
29.0
31.0
32.2
34.4
34.6
30.3
26.7
25.5
25.2
28.6
33.6
35.4
33.4
35.4
47.9
52.3
37.6
30.7
31.5
36.1
31.8
28.8
30.1
30.1
27.8
24.0
31.6
32.6
32.4
34.4
36.6
39.1
41.2
43.6
44.3
46.8
38.7
32.1
33.7
38.2
44.8
38.8
53.9
47.2
49.5
45.5
39.5
39.4
40.2
39.7
41.5
57.9
50.5
57.7
51.1
37.4
37.2
44.9
55.2
46.2
41.2
45.0
52.6
53.7
58.2
61.0
64.8
66.3
66.3
63.8
62.8
62.1
61.4
67.3
67.3
66.0
49.2
43.2
42.2
55.0
71.4
70.9
62.2
66.0
69.8
74.2
79.0
73.8
60.0
46.7
52.2
56.3
53.9
60.1
76.9
75.7
74.8
71.8
69.3
57.6
60.7
63.0
62.7
58.5
62.9
67.0
66.6
71.2
72.5
69.9
69.4
68.9
72.1
74.8
67.2
63.4
67.7
73.2
77.0
72.2
79.1
76.8
74.9
75.3
69.4
68.7
70.1
65.8
65.7
72.0
75.7
74.4
75.0
74.5
74.1
77.0
77.1
72.4
70.1
74.5
78.6
81.8
80.9
84.7
84.0
86.2
79.1
75.2
74.8
73.7
66.0
65.8
69.3
70.1
60.6
62.3
66.2
71.1
70.9
67.3
71.6
67.7
67.1
70.5
73.4
73.4
71.7
71.9
70.8
69.9
65.7
61.0
63.8
67.1
69.6
70.8
72.3
74.9
76.4
76.6
74.5
71.0
72.9
77.7
78.4
79.2
76.3
77.4
76.3
73.7
73.3
65.0
68.0
67.7
62.1
67.3
71.7
64.7
79.6
80.5
71.8
57.8
53.2
56.4
57.5
53.6
59.1
67.0
72.8
65.6
56.2
53.6
55.1
57.9
61.2
61.6
63.5
62.4
62.7
60.5
67.4
66.8
71.2
69.2
68.8
54.6
53.3
56.5
57.2
57.3
60.7
62.3
54.1
53.3
60.1
50.5
51.0
44.8
39.5
53.1
42.2
40.4
38.3
38.2
42.1
40.8
41.5
42.8
46.0
58.3
52.8
46.0
39.3
40.1
47.6
53.2
46.5
38.0
44.7
46.3
39.1
28.9
28.8
36.6
43.4
44.3
57.6
45.7
36.2
35.3
42.7
43.0
27.7
18.9
23.3
31.2
27.7
22.7
24.7
33.1
35.0
35.0
33.5
43.1
49.0
29.6
21.8
19.0
28.3
18.7
19.4
11.6
21.1
21.3
21.2
15.2
20.4
24.9
31.7
36.7
34.5
34.6
32.1
19.9
17.9
26.0
30.8
38.3
38.8
20.7
18.4
