value
23.4
20.3
23.4
28.7
25.0
33.8
32.2
30.9
38.0
32.9
42.4
51.7
40.9
28.9
19.6
23.4
30.9
20.6
39.4
27.5
13.8
4.1
7.7
10.6
14.3
21.3
18.9
34.7
41.8
51.2
26.6
15.9
15.1
8.4
16.5
17.3
22.3
29.0
27.8
14.7
19.8
39.1
31.5
30.0
34.3
29.0
22.1
16.6
24.9
35.7
19.8
20.8
24.8
31.6
28.4
29.1
30.9
34.6
33.7
28.5
24.8
21.6
21.9
25.9
31.0
32.5
29.7
34.5
47.1
52.3
36.6
29.3
29.8
35.1
30.1
26.1
26.5
28.3
24.8
23.2
29.3
31.9
29.4
34.3
35.4
37.0
39.9
39.8
40.3
47.8
34.5
29.8
31.2
39.5
42.5
37.8
49.9
41.3
45.4
41.4
37.4
37.6
39.0
39.0
42.4
54.7
47.9
56.4
50.2
34.6
36.0
46.1
55.0
42.8
42.0
45.5
57.0
55.2
58.5
62.8
68.7
69.0
68.4
66.0
62.0
62.0
58.2
67.1
67.1
57.4
48.2
41.5
40.6
54.5
68.2
66.9
58.0
64.5
69.9
76.1
73.6
71.3
55.7
46.0
49.9
53.6
49.5
58.8
72.5
76.2
76.1
72.5
66.1
54.2
58.9
61.2
61.2
57.3
62.5
66.7
67.4
70.1
70.6
70.1
67.2
67.7
71.7
71.6
63.6
61.5
68.1
72.5
78.8
76.4
80.6
72.9
75.6
75.1
69.5
68.7
70.8
65.7
66.4
71.0
74.7
74.6
77.7
75.1
76.5
77.7
79.4
69.9
68.5
73.1
76.9
81.4
82.3
84.3
84.2
85.8
80.8
72.2
74.8
73.1
64.1
64.4
69.6
68.0
58.6
62.0
65.5
67.2
68.1
66.0
68.6
65.3
63.0
68.8
73.2
71.0
69.4
69.2
69.3
66.2
64.0
59.5
61.6
65.8
67.0
69.2
69.3
72.4
77.2
76.5
70.8
68.8
73.5
77.8
76.9
76.6
74.6
77.8
75.7
69.3
69.8
64.6
67.1
64.0
58.7
69.0
70.7
63.5
82.0
81.3
70.8
56.5
51.7
56.9
56.8
51.0
58.8
68.8
73.5
65.0
54.0
49.8
51.7
55.8
58.3
61.1
63.9
62.9
61.7
61.8
67.4
64.6
72.2
69.0
68.5
53.9
53.9
56.8
56.8
54.9
60.3
61.4
50.5
51.7
57.3
51.4
51.0
46.7
42.7
53.1
42.1
41.5
37.1
38.3
44.7
40.7
41.3
41.8
45.2
59.2
53.2
44.9
37.2
39.2
50.3
54.6
44.0
37.4
43.9
45.3
38.0
28.5
28.4
39.0
45.8
45.4
59.0
43.6
36.1
32.7
43.4
42.3
26.6
18.9
24.2
31.2
25.3
20.6
24.8
32.8
39.1
34.2
31.0
42.2
47.5
26.7
20.2
16.2
27.8
17.0
18.7
10.8
23.1
20.4
20.2
13.8
20.2
26.9
32.3
34.0
33.4
33.0
25.8
15.2
14.6
24.8
28.3
38.8
38.9
18.0
16.0
