value
24.9
24.4
24.4
30.2
29.4
34.6
32.0
31.3
38.7
34.3
44.2
50.7
36.3
25.7
22.8
25.8
31.1
25.1
41.1
25.3
13.6
4.5
9.3
11.6
15.7
23.4
24.4
36.5
43.4
48.0
23.2
15.8
15.1
12.7
18.3
16.1
23.4
29.4
30.4
18.2
20.7
38.2
29.7
29.7
33.4
27.1
20.3
15.0
28.6
31.9
18.7
23.1
24.4
29.7
29.8
27.6
31.1
34.5
35.0
30.1
22.8
24.4
22.7
25.7
32.4
34.4
29.4
33.8
43.8
48.1
33.6
28.4
30.3
35.4
31.1
27.5
26.5
25.5
23.7
21.8
30.0
30.2
30.0
33.5
34.9
37.0
38.1
37.8
38.4
45.9
32.9
30.5
32.6
38.3
42.6
43.6
49.5
41.3
43.2
41.1
37.4
37.1
37.0
37.7
45.3
48.6
46.1
53.2
45.2
33.3
36.4
48.0
53.4
40.3
41.4
46.5
57.2
58.2
59.4
64.7
73.2
71.5
68.0
67.1
63.0
62.4
58.9
67.0
67.2
54.1
47.7
41.7
42.8
57.6
70.2
66.4
62.2
66.0
72.8
76.9
74.2
68.9
56.0
47.8
52.7
55.8
55.3
60.1
70.3
75.2
74.9
72.5
60.0
53.6
59.7
62.8
58.5
60.9
62.9
68.0
68.5
67.9
69.6
69.5
66.8
66.2
70.2
71.5
65.6
61.6
68.8
74.4
76.5
76.5
78.8
73.3
75.1
77.2
73.0
67.5
70.6
67.3
64.0
68.5
70.7
74.0
77.0
77.3
76.7
76.4
78.5
71.1
70.0
73.9
77.3
81.9
82.3
84.7
85.5
86.2
80.4
71.3
73.5
75.4
62.1
65.9
67.8
64.8
58.2
61.7
64.0
68.1
69.1
66.0
69.3
66.3
61.5
69.2
73.5
68.8
69.6
69.7
69.0
67.7
63.8
59.8
61.5
65.5
68.2
68.7
69.9
72.7
76.1
72.0
70.1
69.4
73.1
76.7
80.5
78.6
76.0
77.6
73.7
72.0
68.9
64.7
67.1
64.4
63.0
71.4
70.5
68.3
83.4
79.6
70.8
57.0
54.7
56.0
55.8
51.9
62.3
67.7
71.7
62.1
53.2
50.8
53.8
57.6
58.7
61.9
64.5
65.5
59.4
62.3
67.0
64.0
70.7
69.3
63.8
53.3
55.3
58.0
56.7
56.1
62.4
57.9
50.5
52.0
54.7
51.1
48.6
47.3
42.8
50.7
42.4
39.1
38.0
38.9
46.8
44.3
41.3
42.1
46.5
60.5
50.0
45.9
41.0
42.8
52.2
53.2
41.3
38.8
45.5
44.7
38.3
28.8
29.8
37.3
43.9
44.6
58.4
41.5
36.3
34.2
43.1
41.9
27.2
20.9
25.1
32.2
26.2
24.5
25.5
34.3
38.9
35.6
33.3
41.0
43.2
26.2
20.7
17.7
25.2
17.4
19.0
13.1
25.1
20.4
20.6
13.0
23.3
28.0
33.7
32.5
32.9
31.6
26.7
17.3
18.0
25.4
29.9
38.8
37.0
18.1
16.0
