value
23.2
22.0
22.2
28.4
26.3
33.1
30.7
30.6
37.3
32.5
42.2
51.4
37.9
26.6
18.9
22.7
29.8
21.2
38.2
25.3
13.2
2.6
8.2
10.9
14.8
21.5
22.1
35.3
42.6
49.5
24.3
14.5
13.9
10.3
17.1
15.9
22.0
29.0
27.8
15.5
22.6
37.9
29.5
29.5
32.8
27.5
20.8
17.1
27.4
32.9
18.2
21.6
23.3
29.1
27.9
31.2
29.3
33.5
33.3
27.9
22.5
22.6
20.9
24.6
29.8
32.2
30.5
33.5
45.3
49.5
33.6
27.8
28.2
33.8
29.1
24.5
25.5
25.8
23.1
21.2
29.0
27.9
28.2
32.6
32.7
35.9
37.9
38.0
39.3
46.5
33.1
29.1
30.9
39.1
40.7
40.6
49.9
41.6
44.5
38.9
36.2
36.2
37.4
37.3
43.0
50.9
46.9
53.3
46.1
32.5
36.0
46.0
53.8
40.4
40.7
45.1
55.6
55.5
59.1
62.2
70.2
70.1
68.6
65.1
60.9
60.4
58.1
65.8
66.5
54.9
47.0
40.4
40.5
56.9
70.8
66.1
61.0
64.3
70.8
75.9
73.4
69.7
56.5
45.7
50.8
54.2
53.1
58.6
70.6
75.4
74.0
70.7
62.5
53.2
58.8
60.6
59.0
57.1
60.1
68.0
66.7
68.9
68.4
68.3
64.9
66.5
68.9
71.7
63.7
59.9
67.3
73.7
77.1
75.9
78.1
71.3
72.7
75.2
68.6
65.8
67.9
63.8
63.1
67.4
70.1
72.8
76.0
73.6
73.8
75.3
77.6
68.1
67.3
72.3
76.5
81.1
82.2
83.6
83.4
84.4
78.5
70.4
73.2
73.6
61.5
64.6
68.6
66.1
57.1
61.1
63.9
67.0
68.1
64.8
67.7
63.8
62.2
68.8
72.1
68.4
67.3
68.7
68.1
66.7
61.6
58.1
60.9
64.7
66.0
67.6
69.1
72.1
75.8
73.2
69.2
69.3
73.1
76.6
77.4
75.7
72.6
76.6
72.9
70.4
68.8
63.5
66.0
61.8
60.6
69.3
69.2
64.6
81.2
78.6
69.2
54.0
51.9
54.5
55.1
50.3
61.1
67.7
71.1
62.4
51.9
48.4
52.1
55.2
56.2
59.4
63.2
63.7
57.3
61.2
66.5
63.1
70.2
68.4
65.0
51.4
54.2
57.6
55.4
55.2
62.5
58.6
49.5
50.9
54.0
49.5
48.2
45.2
41.2
51.0
40.6
38.3
36.5
37.0
43.8
41.5
40.9
41.1
46.6
58.8
50.7
44.1
38.2
40.2
49.5
53.4
40.9
36.8
44.2
44.0
37.4
26.7
27.7
36.7
43.8
44.3
57.9
41.2
34.5
33.4
42.8
41.5
25.9
18.1
23.3
29.8
23.9
21.8
25.2
32.6
37.3
33.9
31.5
42.2
44.6
25.1
19.2
15.0
25.7
15.9
17.4
9.9
21.9
19.6
18.9
11.4
20.4
26.3
32.1
32.3
31.5
31.0
25.2
15.6
17.0
24.0
28.8
37.7
36.9
17.5
15.1
