value
10.5
16.3
18.4
26.8
26.3
25.5
25.3
33.7
34.4
34.0
35.6
40.2
31.2
25.8
18.2
23.8
6.5
10.3
20.2
11.6
2.1
-6.2
-4.9
-1.2
7.1
14.5
16.9
29.1
30.3
32.0
8.5
3.4
7.2
7.6
4.3
10.1
6.2
12.5
15.6
2.7
14.8
33.2
26.1
23.8
30.9
18.3
8.9
5.2
16.9
29.2
6.8
7.5
15.5
28.1
25.9
26.8
30.2
31.6
31.4
15.0
15.0
14.4
15.2
20.9
30.8
27.7
30.3
28.9
34.1
35.2
27.2
18.7
22.0
26.1
14.4
14.0
19.0
27.8
23.4
23.8
26.3
27.1
29.0
33.5
36.1
33.7
34.7
34.0
32.3
34.4
21.6
20.8
25.8
31.3
29.0
25.5
34.2
34.2
35.3
35.0
31.6
29.0
29.8
33.3
34.9
37.4
35.9
39.1
37.9
23.7
27.5
39.5
39.8
35.1
33.2
35.4
46.7
51.4
50.0
51.4
54.9
49.8
52.4
62.7
58.5
54.0
44.4
64.0
57.4
40.2
39.5
33.0
39.1
44.5
51.4
49.2
51.2
54.9
60.6
61.8
55.9
56.2
47.8
43.3
47.2
52.4
46.9
52.2
56.4
63.7
68.4
65.8
49.4
44.4
51.3
52.0
58.5
59.2
56.7
59.4
63.9
65.3
62.2
61.4
58.7
56.9
60.3
55.8
57.4
58.3
57.6
61.2
64.3
62.9
71.0
72.4
71.6
69.1
66.2
66.6
67.2
64.5
64.7
67.5
67.6
71.0
73.6
71.8
67.8
70.8
64.4
61.9
65.7
70.0
73.3
75.7
77.8
79.6
73.9
70.8
61.4
60.1
68.1
62.7
59.6
62.5
62.9
59.6
56.7
58.6
61.4
65.3
61.5
58.8
58.8
60.6
59.1
64.9
65.2
61.9
61.8
59.3
60.6
61.5
55.2
59.4
60.4
63.6
66.7
67.2
67.6
72.9
73.4
69.1
64.1
65.2
67.5
73.5
71.0
72.5
72.9
71.1
67.5
65.0
56.2
60.7
58.9
53.5
56.9
63.9
59.2
56.6
67.7
67.0
61.1
48.1
51.2
56.5
46.1
48.8
54.7
64.9
65.9
53.3
45.4
47.3
51.4
53.5
56.3
58.2
60.3
59.4
52.9
60.4
61.1
52.2
57.6
50.7
52.4
51.1
50.3
58.2
55.9
55.5
56.8
53.8
46.0
47.0
52.9
47.8
45.6
45.6
38.1
43.8
35.4
33.4
37.9
37.6
41.2
37.2
34.2
31.3
37.6
48.5
47.3
36.6
32.6
39.6
46.3
44.8
36.6
32.6
35.5
37.3
30.6
23.8
30.3
40.2
41.0
39.9
51.8
38.0
27.4
32.3
37.4
32.1
18.6
9.8
26.9
30.1
18.3
13.1
15.9
28.5
30.2
25.2
19.0
24.0
33.1
16.2
15.6
9.5
20.7
6.7
8.6
5.8
2.7
-1.5
6.3
-1.3
13.5
20.8
25.0
15.9
19.2
15.5
4.4
-2.1
9.6
10.5
14.8
31.2
13.7
-4.5
4.0
