value
0.6
16.1
17.5
20.2
19.9
19.3
24.1
24.1
30.4
31.1
34.7
28.3
5.7
5.7
11.0
21.7
2.2
9.5
20.3
-4.1
-12.3
-13.3
-3.0
-10.5
7.9
3.8
19.4
27.6
29.8
17.5
3.9
-10.9
-1.2
4.5
-0.9
11.7
13.5
21.6
14.6
19.5
25.6
26.2
19.4
27.3
23.3
9.1
5.5
9.6
24.2
4.9
3.5
10.2
24.4
26.2
26.2
26.3
23.4
27.3
26.6
19.2
11.1
15.8
22.7
24.6
17.8
14.2
24.6
29.9
31.0
24.0
19.8
18.5
24.2
28.0
15.1
6.6
22.1
15.4
9.9
15.6
21.1
21.4
27.1
25.6
32.2
35.5
32.4
37.7
42.9
35.0
23.3
25.6
28.6
38.6
29.3
31.8
34.9
35.2
35.6
32.7
29.9
28.9
27.3
26.8
31.9
36.6
33.7
31.5
29.9
25.9
30.5
36.0
34.8
33.2
34.1
46.7
52.1
53.9
50.7
51.0
42.7
36.2
31.7
33.4
39.1
50.8
51.4
60.2
49.0
39.9
39.6
40.1
44.2
49.1
66.2
60.2
53.2
48.3
52.5
48.3
46.4
47.3
46.8
49.5
51.4
52.2
49.6
55.1
58.6
61.9
61.1
54.6
52.3
53.3
55.0
49.5
49.8
54.5
59.9
55.6
57.2
69.5
68.7
64.9
59.9
59.8
68.2
57.6
57.3
65.8
66.8
62.5
58.3
58.6
73.9
75.7
69.2
74.5
67.6
66.5
68.2
67.1
62.4
65.5
70.3
77.0
76.7
67.2
61.3
61.6
68.3
69.5
75.6
73.1
72.0
72.4
76.2
82.1
79.9
77.2
66.1
60.2
66.5
63.9
63.8
68.9
57.9
51.0
56.6
63.1
65.3
68.7
66.4
65.7
63.7
61.9
63.0
65.9
65.8
62.4
61.9
64.4
66.3
66.0
59.0
59.6
65.2
67.4
70.1
71.3
74.5
78.4
80.3
71.7
66.3
71.2
83.5
81.4
74.8
74.3
72.2
72.8
71.2
67.7
57.7
61.0
65.6
60.3
70.2
75.3
61.2
61.5
67.9
67.5
59.2
53.0
58.4
54.5
49.0
54.5
59.8
64.6
60.7
51.6
49.6
55.7
58.7
55.3
56.9
61.8
64.7
55.0
63.4
65.1
56.6
53.0
52.1
48.7
48.7
49.0
54.8
64.5
59.6
59.2
57.2
48.3
44.0
46.8
45.2
42.6
42.5
38.5
33.4
32.4
33.9
31.3
34.2
35.1
41.9
38.6
31.6
28.7
37.2
44.0
39.8
37.6
36.6
43.8
34.2
32.4
26.1
26.5
34.9
35.2
23.4
16.9
28.4
39.6
38.0
43.1
41.5
28.4
24.3
41.1
32.5
19.7
9.9
10.1
32.2
18.5
12.9
18.9
11.3
27.4
27.3
26.4
31.3
29.0
15.4
-2.1
-9.8
-8.7
0.7
-5.8
-9.3
-2.5
2.0
3.5
-5.4
-3.4
14.6
7.4
9.8
10.4
13.8
13.4
0.1
-3.4
10.1
5.3
16.9
29.6
-0.4
-13.1
-12.7
