value
2.6
16.4
16.1
20.0
18.4
17.9
25.7
26.1
32.1
30.9
35.3
24.8
5.5
5.2
16.5
28.5
14.0
25.4
31.5
4.1
-3.8
-5.8
8.0
-1.1
14.6
10.3
26.8
31.1
31.3
21.2
4.3
-7.3
3.4
8.9
9.8
19.9
12.7
22.7
21.2
23.4
25.6
29.0
23.6
27.4
30.8
14.5
9.8
16.5
29.1
7.9
4.9
14.0
23.1
24.1
22.6
29.4
27.6
33.2
29.9
26.6
21.0
24.9
26.9
26.3
24.6
20.5
26.9
35.8
35.2
29.8
26.0
23.5
29.1
33.6
24.6
17.1
25.5
14.6
12.8
16.5
23.2
29.7
30.6
31.0
31.7
32.9
34.8
38.5
45.2
38.3
26.9
28.4
33.5
45.5
36.5
42.0
40.2
44.1
39.8
35.7
35.5
32.2
32.4
33.3
36.2
37.9
39.9
34.6
32.8
31.6
39.4
40.6
34.5
38.0
39.6
55.1
60.5
65.8
62.4
67.3
47.5
40.2
36.9
38.0
48.0
60.7
65.4
68.8
58.1
49.6
52.1
46.4
53.8
72.6
70.0
71.8
63.9
62.2
72.0
66.6
61.8
50.7
53.5
56.4
58.5
56.2
58.5
56.4
63.8
70.2
70.2
65.2
56.2
61.6
62.9
56.6
54.5
58.0
63.4
62.0
65.8
68.7
69.1
69.8
70.2
71.4
72.9
71.5
66.9
71.8
79.1
76.7
71.8
75.1
75.4
74.1
79.9
80.0
74.6
69.1
69.6
74.5
74.2
74.3
77.2
80.8
82.6
84.4
77.4
79.4
75.0
75.1
79.3
76.5
76.0
79.4
84.1
86.0
87.3
83.9
75.0
70.6
75.8
70.5
68.4
73.0
69.5
58.3
59.7
67.0
69.4
70.6
71.0
72.3
69.5
67.0
68.0
71.3
68.4
68.0
68.6
69.1
70.1
72.9
68.2
67.8
68.4
71.6
72.1
74.0
76.0
80.5
81.4
78.6
75.5
79.2
86.0
87.3
87.0
82.4
83.1
80.8
76.5
72.3
62.6
62.6
73.3
72.5
78.3
82.5
73.3
76.6
77.8
75.3
68.7
60.7
62.3
59.8
54.5
57.4
65.0
72.5
62.9
54.2
58.6
63.2
63.2
64.0
66.7
73.1
66.6
59.3
67.7
70.5
61.8
59.8
57.4
57.9
48.2
52.1
61.0
67.6
62.6
65.4
55.8
49.5
49.4
50.9
47.7
47.0
45.4
41.8
36.3
36.2
33.2
35.9
36.5
40.9
46.6
42.8
39.9
36.7
43.1
45.8
43.4
41.7
42.9
47.5
38.4
35.2
31.9
32.6
43.5
37.9
30.9
18.9
31.6
42.4
42.1
45.3
44.3
32.8
31.9
43.1
35.1
24.9
15.1
16.2
32.0
26.0
16.6
24.1
21.1
31.3
30.0
31.4
35.2
31.3
12.2
0.3
-4.8
3.4
4.7
3.9
0.8
7.1
15.8
12.2
2.3
5.8
24.2
19.6
21.8
17.3
19.7
17.9
3.0
-3.1
15.0
17.3
25.7
32.1
10.9
-7.0
-2.7
