value
18.1
18.5
28.3
26.2
35.0
29.9
34.8
41.3
40.9
41.5
50.2
37.6
19.4
16.4
22.7
27.7
35.8
40.2
47.7
32.1
17.8
17.6
25.3
19.5
29.2
36.9
43.9
58.2
55.4
29.7
18.9
10.6
29.9
38.5
38.2
33.0
44.2
47.5
33.4
33.8
40.7
38.1
33.7
36.1
42.2
31.8
26.0
36.8
48.9
26.2
18.2
22.4
23.5
18.5
27.2
32.8
32.8
30.4
30.9
28.1
25.5
30.8
37.5
33.2
28.4
31.2
40.5
47.9
44.4
28.3
34.2
31.3
46.6
58.5
48.1
34.5
39.0
35.2
31.2
26.9
29.9
34.5
29.7
27.1
26.8
34.4
45.6
53.3
55.2
55.0
42.1
36.6
41.8
47.1
53.8
63.1
62.5
61.6
67.5
48.1
36.8
38.5
44.9
61.0
55.2
43.5
47.0
41.2
39.5
42.1
54.1
56.7
39.6
39.1
50.1
54.9
50.3
55.3
68.3
75.1
67.6
40.3
36.6
39.7
48.8
54.8
56.8
63.9
65.9
59.4
58.5
52.2
60.9
74.5
76.3
70.6
67.0
72.0
73.0
68.0
67.0
60.6
59.7
61.0
69.3
74.5
75.3
75.3
72.4
67.1
65.9
65.5
58.6
59.7
65.9
65.3
65.2
64.3
66.8
69.6
69.8
78.5
83.8
74.3
75.3
78.6
70.8
74.1
74.2
74.2
78.1
82.3
82.5
80.2
81.7
81.2
84.2
79.2
75.8
73.7
68.9
68.8
70.6
70.4
69.6
75.9
78.8
79.3
82.6
84.6
85.2
77.4
77.6
78.8
77.6
78.2
81.5
82.3
83.8
83.2
78.6
76.5
81.0
77.9
74.9
74.6
74.6
65.6
66.9
66.1
72.4
74.9
75.8
73.9
76.5
72.5
74.4
78.8
79.8
71.6
72.2
72.7
73.7
75.4
72.1
70.1
66.7
68.2
68.1
69.9
72.3
75.3
76.4
76.5
80.3
80.5
81.6
81.3
82.0
79.1
82.5
83.7
81.1
78.1
71.1
70.8
73.3
75.3
77.4
80.9
84.9
84.9
80.7
80.6
78.5
67.6
66.3
70.0
61.5
65.0
74.6
81.0
64.7
60.9
62.8
64.3
65.5
64.7
70.1
75.7
68.6
59.9
61.5
67.3
70.5
72.3
76.3
57.2
49.9
53.9
58.5
62.7
61.9
65.8
61.4
57.0
58.0
56.6
50.4
51.9
42.0
43.0
46.5
49.9
48.6
40.2
42.4
41.1
48.7
44.6
50.3
54.2
65.1
53.4
48.9
47.5
45.2
54.0
55.8
45.2
35.8
46.7
54.0
47.0
50.4
25.6
30.9
43.6
47.6
58.6
63.5
46.0
45.2
48.1
44.2
27.2
23.6
18.0
31.0
30.9
21.7
30.7
32.1
41.4
42.6
43.8
46.5
37.8
19.0
14.9
9.5
19.1
12.8
17.6
23.1
20.6
32.6
29.0
26.2
38.4
36.2
40.8
52.5
32.8
22.6
23.6
9.8
9.8
30.5
31.9
36.3
43.0
25.4
14.4
29.7
