value
31.0
22.1
28.2
31.5
33.5
33.4
32.2
39.7
48.7
48.4
53.0
48.8
24.5
15.8
21.3
24.6
32.7
35.7
47.8
41.8
27.8
24.9
33.1
32.0
33.7
40.0
46.3
61.8
63.9
39.5
26.8
17.3
34.8
40.9
47.9
42.0
44.2
48.5
39.5
35.7
38.4
41.4
35.8
35.9
42.6
37.9
28.3
41.2
51.0
33.4
27.8
30.2
28.0
26.1
35.1
40.7
33.5
31.7
31.0
28.8
26.8
31.9
47.3
40.4
32.5
41.2
46.9
54.0
53.4
32.2
38.0
35.9
45.7
59.9
60.2
40.4
42.4
39.1
36.0
30.4
32.6
36.8
35.8
27.2
29.1
35.5
52.5
56.9
55.2
54.6
47.3
39.4
41.6
47.5
48.8
60.2
63.4
66.2
66.9
59.0
38.8
41.5
49.0
64.0
63.0
52.1
63.0
59.7
40.8
46.7
57.3
57.4
52.6
40.2
47.1
52.9
49.6
54.5
65.4
70.9
69.3
54.9
34.9
36.6
46.7
55.3
55.3
62.2
66.2
61.7
57.6
52.7
59.9
72.5
70.8
64.0
66.8
72.0
76.6
70.4
65.0
63.3
62.8
62.7
66.0
73.1
72.0
74.3
74.5
72.9
71.0
69.7
61.7
59.3
66.2
66.2
63.5
64.4
65.3
69.3
72.4
80.7
81.2
78.3
76.0
74.7
74.1
71.1
72.0
73.6
77.2
81.1
81.4
77.2
81.7
81.1
82.5
85.1
80.9
75.5
70.0
69.5
68.3
69.4
71.8
73.3
77.7
79.9
81.3
83.4
81.7
81.3
77.0
75.4
75.2
78.5
78.0
80.0
82.8
83.0
78.6
74.3
77.1
81.7
77.6
75.3
72.1
66.6
67.5
71.6
75.2
77.5
74.9
76.5
77.9
74.7
75.6
75.2
76.8
76.7
75.5
73.4
75.7
75.4
74.1
69.2
65.9
66.5
66.5
70.9
72.9
73.9
75.8
78.0
78.8
79.6
79.5
79.9
79.5
78.4
81.0
83.2
82.9
79.0
75.9
71.9
73.3
73.8
73.8
77.1
79.0
81.8
80.6
79.4
79.0
70.4
65.5
69.8
71.3
68.9
73.9
78.1
69.2
60.5
60.3
62.9
67.2
66.0
68.8
72.8
70.5
63.2
65.6
71.4
71.3
73.6
75.0
62.5
50.3
56.7
57.4
59.7
61.4
65.8
65.3
59.5
59.5
60.9
49.8
52.6
48.0
44.1
43.3
50.0
46.5
43.5
45.2
40.9
48.8
48.3
51.0
57.7
64.9
61.4
52.4
47.4
43.2
52.8
54.7
50.5
38.0
45.5
52.6
49.1
51.4
35.3
29.7
40.0
47.0
57.5
67.5
49.5
45.3
46.9
52.0
36.5
31.3
20.8
30.1
34.6
24.8
31.6
36.4
44.0
45.0
47.4
47.7
52.3
27.4
18.3
12.8
20.2
23.5
16.9
20.1
19.8
30.7
32.1
27.7
42.9
42.1
39.8
51.5
49.2
31.7
30.7
21.9
19.1
30.7
31.8
38.4
38.7
34.3
19.7
33.1
