value
27.0
21.5
29.0
32.4
36.6
37.5
31.8
39.5
50.0
45.0
55.1
54.3
29.4
20.8
23.1
29.5
35.6
35.9
50.1
38.6
23.7
15.8
22.9
24.3
31.6
33.2
33.6
59.4
65.4
47.5
28.9
16.6
33.6
31.9
37.5
38.0
39.9
43.8
38.2
34.2
40.5
46.8
37.9
43.2
46.4
38.3
29.6
32.4
47.6
33.4
23.5
24.7
33.4
25.7
29.1
36.4
37.7
34.7
33.3
31.7
30.2
28.5
40.8
39.3
33.8
32.8
39.1
49.0
56.8
40.5
37.6
35.0
37.4
47.9
52.5
37.6
39.6
39.4
34.5
28.3
35.3
42.7
37.8
32.4
31.7
34.6
43.5
52.0
49.2
53.9
47.2
39.1
42.9
47.8
52.2
62.4
67.8
69.1
71.9
71.1
53.7
42.3
47.2
62.3
66.9
49.7
59.1
69.6
44.2
45.1
50.8
57.7
59.4
43.8
50.6
55.5
52.5
54.7
60.7
73.9
73.9
67.2
44.7
44.1
52.3
60.3
62.5
69.9
69.9
65.3
60.4
54.4
57.6
73.9
82.1
77.6
71.3
71.9
78.9
76.3
72.1
70.6
64.3
58.6
60.9
67.7
75.0
74.5
79.0
79.6
72.1
70.8
67.0
63.3
64.6
70.5
70.8
68.3
70.3
71.9
70.4
77.1
86.1
80.0
74.8
78.9
75.2
76.5
74.4
76.1
80.2
84.3
81.9
72.3
78.0
85.7
83.4
82.7
82.7
75.6
69.5
71.4
67.8
70.4
76.0
76.3
79.2
78.7
85.0
86.9
82.9
78.2
75.5
76.0
78.0
81.7
84.4
86.5
86.6
87.7
85.2
79.3
80.9
85.4
75.3
73.4
73.6
71.2
69.4
71.7
72.4
74.5
76.0
78.1
76.2
74.7
73.3
77.2
81.0
77.9
75.9
77.4
75.3
76.3
73.3
68.0
67.2
68.6
70.5
74.1
76.5
78.4
81.7
83.3
82.0
80.3
82.2
85.6
86.3
85.8
86.5
89.1
90.8
84.4
78.4
72.9
74.7
77.0
78.4
81.2
80.4
84.7
87.8
85.8
81.9
69.1
64.3
69.4
68.1
64.4
73.2
81.0
74.4
63.2
63.1
64.4
67.5
73.4
73.6
73.2
75.1
68.7
65.6
71.7
75.2
76.8
78.8
75.2
55.8
58.4
62.1
61.6
67.2
69.8
69.3
61.7
58.2
64.8
54.8
54.3
54.1
48.8
49.5
55.1
47.7
44.3
42.7
40.5
51.3
47.1
50.7
52.8
62.7
65.5
54.1
50.1
45.9
52.1
56.4
54.8
38.9
44.7
56.2
49.5
50.4
33.5
32.3
43.4
51.4
54.9
68.2
51.2
40.7
39.4
50.0
43.9
32.5
21.5
31.2
35.7
25.1
31.5
33.7
40.8
46.5
46.4
51.9
55.8
35.5
22.5
17.3
22.8
25.7
24.5
27.1
21.2
30.5
33.9
28.4
30.0
31.2
36.0
49.7
56.6
35.7
33.9
25.6
14.7
28.7
36.5
41.9
46.4
38.1
18.1
31.2
