value
-20.0
-26.2
-29.1
-27.4
-25.0
-21.9
-24.8
-24.7
-21.0
-12.3
-16.1
-16.4
-5.9
-5.4
-13.6
-15.5
-9.0
-10.8
-9.0
-17.8
-15.7
-4.4
-9.0
-11.3
-9.3
-6.5
-2.1
-2.2
1.7
2.1
-11.4
-18.6
-9.7
-11.1
-14.0
-11.6
-19.9
-14.3
-9.9
-15.6
-18.2
-15.5
-10.8
-14.9
-20.1
-12.1
-5.6
-13.4
-19.1
-18.4
-13.7
-10.0
-5.1
2.3
12.9
12.5
7.8
8.3
-5.2
7.0
8.3
13.7
18.7
26.1
27.2
27.7
20.4
12.1
24.7
21.6
7.7
19.1
26.5
29.4
34.0
13.2
9.6
4.9
27.3
9.6
18.0
10.9
22.9
32.8
15.4
8.3
16.0
21.7
31.9
17.8
30.4
24.1
21.0
15.0
17.9
24.8
17.0
14.7
21.9
28.5
39.8
34.2
20.9
38.2
19.8
23.2
17.0
26.9
31.2
39.1
37.9
39.0
36.7
34.6
49.1
52.9
43.7
41.0
47.2
55.2
54.9
62.8
52.4
67.2
66.4
50.9
52.2
34.6
48.3
49.9
53.2
45.5
41.1
57.3
57.3
45.2
56.7
37.4
42.5
55.0
62.7
57.4
51.2
59.8
54.1
49.6
38.9
36.3
52.9
55.8
41.6
52.3
54.9
64.6
73.0
67.5
63.7
57.4
45.2
43.4
51.5
69.1
63.6
59.2
55.7
58.2
62.6
58.1
62.6
67.1
68.8
70.4
63.2
62.2
61.9
47.4
53.5
56.6
65.2
60.9
55.9
62.8
70.1
65.4
67.1
64.7
58.6
53.1
55.9
61.0
63.5
59.4
70.2
61.6
60.3
58.6
60.7
54.3
61.2
66.3
63.8
62.8
61.2
66.8
74.1
65.5
66.6
69.5
65.1
60.8
60.5
60.9
60.8
58.3
58.8
63.0
57.9
56.2
58.4
59.8
65.9
65.3
57.0
61.5
61.9
64.6
57.9
52.1
55.6
57.6
63.4
54.4
53.4
56.7
61.6
62.5
60.2
63.9
56.5
46.8
49.6
53.5
58.9
63.9
50.1
46.6
46.9
49.6
57.0
64.4
46.5
38.5
43.9
51.6
49.8
38.8
36.2
46.7
48.8
59.4
51.2
44.2
51.6
48.5
30.0
32.9
34.3
39.7
48.9
42.8
47.2
52.1
36.6
36.1
40.4
44.1
42.7
50.7
24.5
42.0
47.5
36.8
33.7
37.2
36.8
19.3
18.8
28.8
32.3
35.3
21.9
30.0
31.6
17.7
15.9
18.9
24.0
28.9
32.4
23.9
24.3
28.0
31.0
34.7
30.7
28.1
29.5
30.8
24.0
17.4
24.1
12.2
5.2
17.4
21.1
27.1
11.4
6.5
9.3
1.6
4.8
8.2
6.3
6.8
10.2
16.4
8.9
0.1
-4.5
-4.2
0.0
1.0
5.1
1.2
6.1
6.3
8.2
3.2
1.1
2.6
8.6
-1.5
5.4
3.0
-1.5
-10.6
-12.6
-12.4
-13.8
-14.0
-13.1
-10.8
-10.3
-4.5
-9.3
-4.1
-2.4
0.4
-9.0
-18.5
-23.5
-14.9
-6.2
0.4
9.1
