value
54.8
40.2
37.7
39.9
41.1
45.4
41.0
47.3
58.4
65.0
63.3
70.8
66.6
42.6
36.9
35.0
37.7
41.3
41.9
46.1
44.6
41.7
48.9
54.1
61.4
53.6
54.8
62.8
68.1
62.3
44.6
44.0
45.8
49.8
47.5
54.3
54.4
59.8
55.2
46.6
54.9
56.3
50.1
48.5
42.0
45.5
44.7
40.1
51.1
53.0
43.0
47.6
56.6
50.7
48.7
57.7
51.5
44.2
45.9
39.8
34.4
35.5
48.3
60.6
46.5
43.6
49.1
59.1
65.7
51.3
46.5
48.2
48.4
58.3
64.9
63.9
68.8
57.2
56.5
48.7
49.0
59.3
56.7
42.3
39.2
41.1
49.3
57.8
61.5
61.3
60.8
62.7
53.9
49.3
51.6
56.5
62.8
67.8
74.6
75.6
66.2
54.9
60.3
63.3
60.2
77.1
75.7
74.9
55.9
51.8
58.2
61.6
68.2
63.6
56.0
61.2
71.0
70.6
67.7
69.0
66.3
65.6
59.0
49.2
52.3
56.5
55.4
65.7
70.2
70.5
68.5
63.9
61.3
68.0
70.1
70.9
74.5
77.9
78.1
79.8
80.4
72.6
74.1
74.5
70.1
72.3
68.6
76.4
75.9
76.7
78.8
80.1
74.5
77.2
78.0
80.4
74.1
73.5
73.7
76.8
77.3
80.7
82.2
82.5
82.0
77.9
80.0
80.3
79.5
77.2
79.0
80.0
79.6
73.8
78.2
79.9
82.2
83.2
85.0
80.2
77.7
75.7
75.7
75.8
77.1
77.2
75.4
79.3
80.7
82.9
83.2
78.6
78.6
78.3
77.6
76.9
79.7
82.2
78.4
77.4
80.1
79.4
81.1
82.4
80.8
78.0
77.2
77.8
78.0
80.9
83.7
84.1
84.8
83.7
84.7
84.3
83.3
84.0
85.2
86.4
86.1
81.5
82.0
81.8
78.3
78.0
77.5
76.4
74.4
73.7
76.1
77.5
78.9
80.3
80.3
79.8
78.4
79.8
75.7
75.8
77.9
80.9
82.2
83.1
82.5
82.7
82.6
83.2
83.2
82.8
80.9
82.4
83.0
81.7
86.1
80.4
74.7
73.8
80.1
80.6
79.3
80.8
78.7
73.5
70.0
69.5
75.4
76.3
73.0
74.9
73.7
69.1
73.6
74.9
76.3
76.0
78.8
77.8
70.9
62.9
63.0
63.1
71.3
70.7
72.4
73.7
73.0
71.5
72.1
63.4
59.9
62.8
50.4
55.3
61.5
57.7
56.7
55.0
51.7
57.9
65.4
68.4
68.2
71.2
64.8
57.2
52.4
52.1
64.1
64.6
61.8
48.8
52.2
58.6
56.4
49.7
40.9
39.9
55.3
62.6
71.5
68.4
54.1
49.3
58.1
63.5
53.1
40.2
39.1
42.7
37.8
33.2
37.5
40.9
47.4
59.9
64.0
69.9
72.5
46.0
34.1
37.2
41.7
38.2
37.2
39.6
36.8
53.2
40.7
37.9
43.8
46.6
51.7
64.3
72.1
60.5
43.8
35.8
34.8
38.4
41.2
45.3
49.1
44.4
38.9
