value
82.2
80.9
82.2
81.4
79.2
83.0
84.2
84.3
82.5
82.8
80.5
82.1
79.8
82.9
82.0
81.0
82.5
81.2
80.9
80.2
81.3
82.9
82.0
79.2
78.3
82.4
81.4
80.2
83.8
83.9
84.9
83.8
84.2
81.3
78.8
80.7
78.9
80.6
79.7
82.5
82.3
83.1
81.7
80.2
78.3
81.5
80.2
77.6
80.0
79.1
79.9
77.3
81.7
82.5
80.6
79.6
80.6
82.4
82.8
86.5
85.7
82.2
84.3
84.4
84.6
83.1
81.5
83.2
82.8
82.3
82.5
81.8
81.3
83.2
83.2
81.7
84.8
84.3
82.9
82.2
83.3
82.3
81.9
85.0
84.5
83.9
82.4
82.7
82.9
83.6
84.3
83.2
82.6
85.2
83.8
81.4
82.4
85.4
83.3
80.2
80.6
84.4
85.1
84.1
86.8
86.9
84.7
85.9
83.6
84.8
83.0
81.4
80.1
80.8
82.8
81.0
83.5
82.0
81.1
81.2
82.1
83.6
81.3
82.2
81.1
81.6
82.8
82.2
86.3
87.7
87.0
86.7
87.3
85.8
83.6
86.1
80.6
86.0
85.4
83.8
84.4
85.5
85.4
81.1
84.0
84.6
84.3
84.3
83.7
83.5
82.6
85.5
84.0
85.1
85.1
81.5
84.8
84.4
84.2
82.3
84.5
84.6
84.4
86.4
86.1
85.4
84.6
84.5
86.2
86.6
85.9
85.7
86.0
85.3
86.6
82.3
81.6
82.4
84.8
85.4
85.1
79.9
85.2
83.8
80.0
82.0
83.3
85.5
81.3
80.0
83.0
81.5
82.8
78.4
79.7
81.7
79.4
81.5
81.7
83.6
84.1
83.1
82.6
84.6
80.6
83.8
79.6
83.2
85.0
82.6
82.5
85.0
84.3
83.7
84.0
86.2
82.4
82.5
85.1
85.2
84.5
84.6
81.4
83.6
82.2
86.1
85.9
85.2
83.9
82.3
77.0
82.3
83.7
82.6
80.3
83.6
81.3
84.6
84.2
81.0
80.4
80.3
78.9
77.9
81.1
76.8
81.1
78.1
80.3
79.8
79.0
77.8
77.7
82.7
82.3
79.5
80.3
80.7
82.5
82.6
83.4
84.1
82.2
84.2
84.6
85.2
84.9
85.5
82.9
80.6
83.7
83.2
83.6
84.0
81.1
81.4
83.6
81.6
83.0
84.1
84.4
83.9
80.2
82.0
79.5
81.7
82.0
82.0
83.9
83.2
80.3
78.4
81.4
80.6
81.9
80.9
81.6
81.7
80.9
77.7
81.4
81.9
80.9
80.7
79.9
81.1
79.0
80.3
80.0
77.7
83.5
81.8
81.9
80.0
81.1
79.8
82.2
79.7
81.2
79.7
79.0
78.5
79.6
78.7
81.1
81.6
84.2
83.4
83.2
82.8
82.1
79.8
81.0
81.4
80.4
76.8
79.2
79.1
79.2
80.7
79.2
82.8
81.0
79.2
81.8
80.1
81.0
82.2
84.9
83.5
84.3
84.9
81.0
77.2
78.5
81.3
82.0
79.5
80.9
79.5
79.6
81.9
79.1
77.3
82.0
