value
47.0
36.7
34.9
36.7
35.4
42.2
38.0
40.1
54.3
61.0
65.5
67.9
65.0
37.7
33.2
34.2
37.5
38.9
39.9
44.1
39.8
33.2
41.2
44.3
47.1
42.3
52.4
58.0
62.5
61.2
41.2
36.5
35.8
43.9
42.1
52.3
49.6
57.3
52.8
40.2
50.9
54.5
46.6
44.0
44.6
46.8
39.0
35.2
47.2
49.4
35.1
41.5
49.6
47.2
44.1
49.5
50.0
44.8
40.5
36.5
34.3
35.3
45.2
54.7
39.8
38.1
43.5
54.4
62.6
50.0
43.2
47.5
41.2
55.8
65.6
62.0
64.6
50.9
49.2
40.8
43.6
50.0
53.0
38.9
37.0
39.7
49.6
53.7
53.8
59.7
57.8
53.5
46.3
46.6
52.6
56.1
61.4
65.2
70.5
74.2
68.4
53.4
57.9
61.3
58.5
73.6
75.7
75.3
54.0
51.0
56.0
60.4
64.9
61.0
51.2
56.8
65.7
66.8
64.7
66.3
71.1
67.6
62.7
48.0
50.2
55.0
57.8
66.2
69.6
69.8
67.4
60.7
58.6
67.8
73.5
71.5
71.0
73.0
77.1
78.4
79.8
72.2
73.5
69.1
65.8
70.6
68.2
76.6
75.7
78.5
77.2
76.8
73.0
73.1
73.8
74.8
73.6
74.2
73.1
74.7
75.6
81.9
84.1
83.9
76.7
76.0
79.8
80.0
76.1
78.1
79.8
80.2
80.5
76.8
81.1
82.2
82.5
85.8
79.2
81.7
77.0
72.6
73.6
75.6
77.7
75.9
76.4
78.6
79.8
83.4
85.4
82.0
79.0
76.6
78.1
80.6
82.0
83.7
82.4
80.1
81.3
83.4
77.2
76.7
79.0
77.0
75.1
74.0
75.9
76.1
80.5
82.0
81.4
78.3
79.8
79.8
79.6
79.0
79.6
82.3
80.3
79.3
77.4
78.6
79.2
76.9
70.4
73.7
73.5
73.4
74.3
78.4
79.7
80.4
82.0
81.2
81.0
79.0
76.1
78.1
80.9
83.6
83.8
82.4
80.0
80.6
76.8
77.5
78.1
79.1
81.6
81.7
82.0
81.8
81.3
79.1
67.9
69.2
74.3
75.7
77.5
77.9
77.0
72.3
64.8
67.1
70.6
75.2
72.2
72.1
71.5
66.7
67.6
71.7
74.6
74.8
75.2
77.5
69.2
59.4
59.7
64.8
67.3
68.2
68.1
69.8
69.9
71.1
67.8
61.4
57.6
59.1
44.3
54.0
58.7
54.8
52.7
45.9
46.5
58.4
62.4
63.4
67.8
68.9
65.3
55.7
49.7
50.5
59.0
60.5
57.1
46.5
49.2
54.8
53.1
48.1
36.3
37.5
47.0
57.5
66.4
60.6
47.1
44.5
54.2
60.0
47.9
33.8
34.8
39.1
34.8
30.2
35.6
39.2
45.3
53.0
55.0
65.8
65.2
38.9
31.6
34.9
37.0
35.0
33.0
34.0
33.8
45.0
37.5
36.7
47.6
42.7
48.1
58.4
68.9
60.9
42.1
31.4
31.4
36.0
36.7
39.7
46.6
40.3
34.8
