value
22.2
27.4
22.7
27.9
30.1
31.3
33.4
40.3
41.9
40.4
15.0
7.8
8.9
9.0
18.6
30.7
30.6
37.4
39.0
26.0
17.3
29.9
26.5
34.4
36.3
43.2
36.1
29.3
24.8
16.5
13.8
32.0
37.3
36.4
39.1
40.0
40.5
34.4
33.6
31.7
32.2
20.2
26.1
34.2
29.9
28.4
34.7
39.3
30.0
21.3
23.4
24.9
30.0
33.9
31.6
34.1
36.6
31.8
35.8
40.1
47.4
44.6
25.1
18.2
24.2
36.2
36.7
35.8
35.6
42.5
30.8
48.1
55.2
56.8
36.5
35.9
26.7
29.4
32.0
42.9
29.1
23.2
21.7
25.0
36.1
40.0
47.5
51.0
49.6
48.3
41.2
44.5
57.9
44.4
50.5
52.0
49.5
28.9
20.6
26.1
44.6
42.5
39.7
34.7
24.2
26.4
24.9
31.8
45.9
48.1
39.0
26.8
31.7
41.7
52.9
57.8
63.0
61.5
54.4
41.8
35.1
45.0
55.7
49.9
51.1
56.2
61.6
60.8
59.1
60.5
55.6
72.7
77.0
71.8
62.3
62.5
54.5
53.9
52.3
54.4
54.6
53.2
58.1
58.3
61.2
62.2
58.9
57.1
55.1
51.4
50.8
53.3
61.8
56.6
47.0
51.1
62.3
66.7
70.0
67.2
68.2
65.6
59.8
67.9
59.7
60.4
65.7
66.6
70.4
72.9
66.0
62.9
59.3
54.4
68.1
74.0
74.6
72.5
75.1
77.1
72.6
77.0
78.1
82.7
81.0
72.2
70.7
69.7
72.5
68.3
72.3
84.7
77.5
75.0
68.7
75.5
71.3
65.0
76.7
77.1
77.3
77.8
77.0
76.7
78.2
74.8
68.3
70.4
75.2
64.5
67.7
66.3
73.3
65.2
64.7
68.3
74.1
70.8
71.1
69.3
68.4
66.9
72.5
74.3
72.3
72.8
72.9
75.0
80.3
78.0
79.8
80.8
77.0
73.1
81.0
75.8
76.1
83.2
80.1
79.9
75.9
75.5
75.1
68.6
74.1
76.2
80.6
77.2
75.5
74.5
65.9
65.5
66.1
68.9
67.8
69.0
62.4
63.1
67.1
68.6
61.0
53.4
56.1
63.6
68.3
61.4
57.8
53.0
44.9
44.6
49.3
59.9
52.3
53.8
51.4
41.6
35.8
38.8
48.8
55.4
54.9
46.2
45.4
46.4
40.1
39.9
39.8
40.2
41.8
38.2
41.8
47.1
50.9
48.9
51.3
49.3
43.0
52.0
49.5
52.3
32.3
25.2
30.4
43.8
45.9
42.3
44.2
31.9
29.6
38.6
35.3
46.2
41.0
38.6
24.7
32.5
53.0
42.3
37.6
39.9
36.3
39.4
50.2
26.9
7.9
20.0
24.0
31.8
34.7
33.4
43.6
29.3
41.8
42.8
42.4
41.0
17.2
4.9
-4.5
-11.3
-17.1
-10.5
5.4
21.2
16.7
29.6
33.0
33.8
40.0
41.9
36.5
44.4
14.6
11.1
23.8
13.7
9.6
36.0
29.9
34.9
40.9
34.9
18.2
36.1
38.8
