value
28.0
19.5
29.1
34.9
29.9
37.1
37.0
38.7
44.2
32.0
9.0
6.8
8.8
14.9
28.8
38.1
38.8
44.3
34.5
23.1
20.4
35.5
24.0
39.4
42.5
44.5
34.2
28.7
16.5
20.5
18.9
39.3
37.4
42.0
40.8
42.2
38.5
35.4
31.9
27.9
28.6
24.2
34.5
41.8
27.4
29.3
43.3
36.9
27.0
24.5
21.1
24.4
30.5
37.5
30.9
35.8
31.9
31.1
36.1
45.8
50.9
42.1
22.8
18.8
23.7
32.3
28.4
31.5
38.3
33.7
29.9
52.0
53.8
42.0
32.3
34.1
25.9
28.3
44.5
40.7
27.6
17.5
23.0
32.4
33.0
40.8
47.2
48.6
46.5
45.5
41.8
49.2
51.1
40.5
53.9
50.5
43.7
23.4
19.7
37.6
45.7
37.4
45.3
29.1
23.7
24.0
24.3
36.6
44.3
48.2
28.7
22.7
32.8
40.4
50.7
54.4
60.5
54.1
50.3
32.7
32.3
44.3
45.7
44.9
48.3
54.9
57.4
54.0
60.5
56.7
58.1
66.4
71.0
58.0
53.8
56.9
52.8
52.6
50.6
52.2
53.1
55.5
51.1
50.1
52.6
53.6
52.7
52.2
52.2
50.6
47.7
52.3
56.0
47.1
45.4
53.9
59.9
66.4
63.0
65.4
59.5
59.6
57.7
55.3
54.5
57.7
58.9
63.0
69.5
63.4
53.2
53.3
54.8
55.6
64.8
64.7
63.9
67.0
71.4
72.0
74.6
75.4
78.2
82.9
75.8
69.5
62.9
65.3
67.6
62.9
72.4
77.9
72.8
64.8
68.4
77.8
62.2
70.8
72.4
74.2
72.5
73.8
73.4
68.7
74.7
70.9
72.8
73.9
66.6
60.1
61.8
66.3
67.3
61.2
58.7
64.3
67.0
64.8
67.5
66.9
64.2
69.7
69.8
69.4
69.4
71.3
73.8
76.7
75.4
75.9
75.1
75.3
65.9
68.8
78.9
74.8
76.8
70.8
71.6
72.3
72.5
70.2
66.2
68.0
74.9
74.7
75.8
73.9
69.0
64.6
63.0
62.2
64.3
65.2
67.1
69.7
66.3
63.7
74.0
62.2
55.9
48.4
59.8
70.2
61.8
54.9
53.7
45.9
41.8
42.6
50.4
57.1
52.7
49.8
43.6
39.6
38.8
46.0
57.9
59.5
50.4
39.8
42.3
43.9
37.1
42.6
41.1
38.9
38.6
35.3
41.0
47.5
47.6
50.2
49.7
45.0
43.9
52.1
46.1
44.9
22.8
21.3
29.4
39.4
41.0
42.3
37.2
25.9
26.2
36.8
26.8
43.1
36.5
32.5
24.7
41.0
49.8
40.6
37.3
36.8
17.8
40.0
46.2
8.3
10.2
27.1
30.1
41.4
29.6
33.9
42.0
30.0
43.5
43.1
42.6
31.8
5.3
-0.2
-15.4
-16.5
-24.1
-4.0
9.5
20.6
15.9
35.7
35.5
35.1
42.9
41.8
42.5
41.2
5.4
18.2
23.5
11.5
24.8
36.2
32.7
43.2
50.9
23.6
21.6
31.6
38.9
