value
20.2
11.8
6.9
8.7
16.9
19.9
29.7
37.2
33.5
32.1
9.6
1.6
2.9
1.7
20.4
27.6
27.0
25.8
38.5
29.7
22.4
22.5
25.2
34.2
34.0
35.1
34.2
28.0
22.4
18.2
38.6
39.6
38.8
32.2
39.5
37.9
37.1
32.5
30.1
30.3
28.1
16.4
32.1
40.3
29.2
34.9
35.1
36.4
28.3
29.5
27.8
27.9
33.0
36.4
31.0
30.4
33.4
29.8
34.0
43.1
43.8
40.7
25.1
20.3
30.3
35.0
34.0
35.7
40.2
39.5
29.2
48.6
46.0
49.5
45.6
38.0
24.4
32.5
38.0
39.1
28.8
21.4
23.0
28.8
36.1
39.8
45.7
47.7
48.2
48.3
44.0
46.8
55.1
48.3
53.0
47.8
43.0
28.6
24.0
37.3
47.6
40.3
45.2
31.1
24.4
26.4
27.6
33.3
43.7
48.3
35.0
26.9
31.8
41.0
53.5
55.5
59.2
56.2
50.1
36.9
34.6
42.3
52.4
46.3
49.0
55.7
59.4
59.3
61.2
57.6
57.8
66.2
72.8
62.6
58.7
57.8
51.5
52.3
51.0
52.2
54.6
58.0
46.5
49.7
52.6
54.2
48.5
54.6
55.7
53.0
51.1
50.5
56.0
49.8
47.0
52.5
63.7
66.2
66.0
67.6
65.5
64.1
57.6
57.1
53.5
56.7
62.7
64.3
68.8
65.8
52.9
53.2
54.5
54.3
64.6
62.9
64.7
67.4
74.2
75.8
72.8
79.1
79.2
81.0
78.9
75.2
67.0
70.6
72.8
70.2
74.6
77.8
67.8
69.5
69.4
74.4
69.1
71.1
68.8
74.3
74.8
75.9
75.6
74.7
75.6
75.9
76.6
82.1
72.8
66.1
65.2
68.2
68.3
66.4
68.8
72.6
72.8
70.3
70.9
72.2
70.0
67.2
69.7
69.4
70.6
69.1
72.0
74.9
78.0
79.0
77.4
77.1
73.6
69.7
73.0
70.7
72.0
70.0
71.6
71.3
67.9
73.8
71.4
70.0
71.4
72.9
72.8
72.0
69.3
68.6
66.1
64.6
63.0
67.9
68.2
70.3
71.8
65.5
70.6
61.8
55.1
55.0
54.8
61.4
62.8
53.7
50.2
45.3
43.1
40.9
50.8
57.0
51.5
46.4
47.2
40.3
40.6
42.1
48.0
51.7
51.7
43.7
42.8
47.6
39.4
42.4
43.3
38.0
37.0
38.0
40.2
50.7
53.5
45.8
46.7
45.7
44.6
43.9
44.5
44.0
26.1
23.1
29.1
43.4
44.3
41.2
38.5
29.7
30.9
38.1
39.5
44.5
39.2
38.4
33.9
32.8
43.8
44.6
40.6
38.4
35.2
36.6
44.3
24.9
5.9
12.0
16.3
19.3
28.1
28.5
32.8
28.1
29.3
41.0
42.3
37.6
9.9
4.1
-4.2
-5.2
-12.1
-8.2
3.5
23.8
26.0
28.2
32.7
39.5
44.4
44.8
39.0
44.7
14.3
8.6
22.9
25.3
19.3
34.6
30.1
39.3
41.8
28.4
22.6
37.7
41.4
