value
68.9
72.4
70.2
72.0
70.7
64.1
66.1
68.7
68.7
69.2
71.1
73.5
73.6
70.7
68.7
70.0
69.7
69.4
67.8
69.2
70.7
71.5
71.8
68.0
71.8
71.2
68.1
70.3
72.1
73.8
77.2
79.5
77.5
75.9
74.7
76.7
80.8
77.8
76.0
71.0
70.0
76.4
79.8
80.0
76.6
75.1
70.7
74.5
73.0
67.8
71.1
73.9
74.6
76.2
76.0
72.6
68.6
67.6
69.0
71.7
69.7
70.0
68.5
69.4
71.4
77.0
81.1
81.2
81.9
84.5
83.4
79.2
78.4
76.0
72.7
71.0
70.1
71.0
76.8
77.8
72.9
76.3
79.0
78.9
75.1
72.2
75.1
81.0
80.9
78.7
79.1
72.9
73.6
72.3
73.0
78.2
73.5
69.5
69.8
72.8
75.0
81.3
82.2
82.2
85.7
79.2
70.5
66.6
65.5
68.0
69.1
69.6
67.9
79.9
74.2
79.3
83.6
76.3
74.4
72.0
73.8
74.8
77.0
76.2
78.7
83.5
79.6
79.8
83.7
73.5
72.0
74.3
75.4
83.2
77.8
73.4
72.2
79.5
86.3
90.5
92.8
91.2
89.4
91.8
92.4
92.0
85.3
85.2
93.5
96.0
93.7
81.2
73.4
71.7
73.6
73.8
80.0
87.0
81.9
77.5
84.5
87.6
77.8
78.7
85.5
78.2
75.4
76.4
78.1
81.3
82.4
81.5
81.6
83.0
81.6
80.7
77.1
73.0
73.2
75.7
77.2
77.6
77.3
80.2
80.4
85.4
81.1
80.6
79.3
77.1
77.8
77.1
78.1
84.3
84.1
81.5
82.7
81.9
79.9
87.3
82.5
82.0
83.2
83.8
82.4
82.4
81.6
81.6
82.5
81.9
83.1
84.9
84.6
82.5
83.5
83.1
80.6
83.5
84.9
84.8
84.3
86.0
82.9
83.2
83.4
84.3
84.7
83.8
81.9
85.6
80.6
79.6
82.1
83.4
84.0
85.2
84.5
85.5
85.6
86.1
84.9
86.7
87.9
82.8
84.4
82.6
83.0
76.5
81.2
87.0
83.3
82.1
83.0
86.9
86.3
86.3
89.3
82.0
78.1
82.7
86.4
87.7
82.3
84.7
92.8
89.4
89.8
90.2
86.0
83.6
81.4
87.6
90.6
89.3
86.2
81.7
80.4
82.3
84.5
82.1
81.6
79.5
78.3
82.6
84.3
84.2
85.4
90.5
90.2
85.5
89.5
87.7
90.4
84.7
82.7
83.9
86.7
84.7
83.5
85.7
82.9
77.6
77.1
78.5
75.5
70.5
74.5
79.6
83.8
84.7
82.8
81.1
82.9
83.6
83.9
80.6
80.3
80.4
80.3
77.9
75.8
76.6
75.5
73.4
72.6
73.2
72.4
73.2
72.2
71.4
70.6
71.7
80.3
83.3
81.6
82.4
78.1
77.0
80.0
80.4
79.7
78.7
77.9
77.0
74.2
71.7
69.3
68.7
69.2
69.5
74.1
77.2
77.0
73.4
69.5
71.5
69.4
66.5
67.4
69.4
70.7
70.7
70.0
65.2
71.3
