value
75.6
77.8
74.0
75.9
-99
74.4
70.3
68.7
67.2
-99
73.6
-99
68.1
73.6
77.0
75.5
72.1
74.9
77.3
77.2
74.3
73.1
72.4
72.1
69.6
74.8
72.2
77.3
69.1
65.0
74.3
73.6
74.3
74.4
75.0
72.6
71.1
73.9
74.2
67.8
79.1
71.4
71.7
74.3
71.3
76.3
70.8
71.5
71.2
70.0
-99
-99
73.7
73.8
74.0
71.3
72.9
71.9
73.0
74.6
72.0
73.9
75.3
74.0
71.8
76.6
77.3
75.2
73.8
70.9
68.1
69.2
66.1
71.5
73.8
74.7
74.1
76.3
74.2
71.8
70.2
71.8
71.1
73.7
71.0
72.6
73.0
72.3
71.7
73.4
72.3
70.9
73.8
71.1
69.6
67.8
70.9
73.3
72.7
73.9
72.3
69.8
65.8
65.7
62.7
65.2
67.2
74.0
75.1
70.6
70.0
74.4
74.7
70.5
65.7
62.8
-99
-99
69.3
66.3
64.0
70.4
70.5
72.0
72.3
67.0
61.7
65.9
72.0
73.7
71.2
73.1
70.0
67.1
67.2
-99
75.5
70.8
68.9
65.3
66.3
68.4
69.6
69.5
-99
66.8
68.0
73.9
70.6
-99
77.1
72.7
-99
74.2
65.5
66.9
65.0
68.5
68.9
66.1
67.5
63.3
62.6
69.2
71.0
68.9
63.9
59.8
60.9
63.3
63.0
63.6
62.8
62.9
63.7
64.0
65.7
68.0
65.3
65.0
66.1
66.8
66.3
70.4
68.8
65.8
63.3
65.2
64.0
64.1
61.6
59.5
60.6
57.3
-99
68.6
60.9
66.4
62.5
60.2
66.3
64.5
61.7
64.6
64.0
64.8
65.0
66.6
71.6
75.3
65.3
61.8
