value
-99
55.9
58.0
59.5
-99
-99
-99
66.7
64.4
62.8
61.8
64.6
62.5
64.8
65.2
64.8
60.8
59.8
56.4
57.2
63.4
63.5
64.0
62.3
63.9
61.8
60.0
63.8
66.1
60.9
64.7
66.7
73.0
65.7
65.2
67.1
72.5
67.6
72.9
66.6
65.7
66.9
67.6
73.1
67.0
65.5
62.9
64.4
67.9
69.8
70.2
69.1
68.1
66.4
67.1
72.5
66.8
73.1
74.3
65.8
63.3
59.5
63.6
64.6
68.1
-99
73.9
69.6
66.4
68.6
66.6
66.7
66.7
64.8
64.4
61.6
67.3
69.8
72.7
69.3
72.5
66.4
70.1
77.9
71.3
70.9
77.7
74.7
69.1
72.9
76.1
76.6
74.2
74.5
75.2
75.3
73.9
71.7
73.3
73.9
66.7
73.5
71.2
68.3
74.1
76.9
78.7
77.7
84.5
74.2
75.0
75.9
77.9
80.4
81.2
77.0
76.6
75.9
72.5
71.1
74.9
75.5
73.9
73.9
68.4
73.5
76.6
75.3
80.6
81.0
73.4
77.6
78.0
76.4
74.5
76.4
79.3
80.3
81.8
81.5
78.3
76.6
79.0
79.9
70.0
72.7
75.4
73.5
76.3
74.9
78.8
78.3
77.7
82.1
78.7
79.3
76.9
79.2
74.7
75.1
75.1
72.9
75.2
75.3
77.4
77.6
-99
-99
-99
80.0
78.3
74.3
73.4
73.5
70.0
69.6
72.4
76.6
77.6
75.9
-99
73.7
77.4
73.5
68.4
71.7
70.1
68.3
73.4
69.2
67.7
68.8
70.6
67.2
68.5
74.7
69.4
71.0
70.0
71.0
68.7
-99
72.3
67.2
71.8
67.7
72.6
74.1
68.2
71.4
72.1
74.5
72.4
73.8
74.8
70.9
71.9
74.4
74.7
77.4
72.6
74.9
68.5
71.3
66.9
70.1
72.6
73.4
73.0
74.7
73.9
73.7
68.5
65.7
70.1
69.1
69.7
68.3
68.6
70.1
68.9
70.2
69.5
73.1
70.5
70.3
69.1
64.9
70.6
70.5
68.9
68.1
70.6
72.5
71.0
73.5
-99
-99
-99
70.5
69.8
71.1
71.3
70.4
70.9
70.3
69.4
70.8
71.6
69.3
70.0
71.8
72.1
72.4
71.4
70.9
72.2
-99
-99
-99
-99
-99
-99
-99
-99
-99
-99
-99
-99
69.6
70.8
68.9
-99
68.9
67.8
67.4
67.2
65.3
67.2
71.2
67.1
69.7
70.8
68.7
69.6
73.3
-99
68.6
67.7
68.7
65.1
62.2
-99
-99
69.2
67.6
63.5
55.8
61.1
-99
63.2
63.3
-99
66.5
65.8
66.6
-99
-99
-99
62.6
57.2
55.0
59.3
61.1
65.0
57.9
64.3
62.9
61.5
61.7
65.1
65.4
63.4
64.9
64.3
65.7
60.5
-99
-99
-99
59.3
-99
-99
-99
-99
-99
-99
-99
-99
-99
-99
-99
-99
-99
-99
-99
