value
61.2
51.2
43.6
40.5
45.9
54.3
52.8
56.0
60.9
64.4
61.9
67.3
59.5
52.5
49.6
51.5
55.2
56.5
57.6
62.5
65.1
64.0
66.2
69.6
72.9
70.8
68.5
73.0
78.2
68.2
58.9
58.7
66.1
65.2
70.8
76.4
75.9
73.8
68.7
67.4
75.5
69.7
69.3
65.9
61.1
62.7
60.8
58.8
73.1
71.8
72.5
78.6
71.8
70.5
67.5
70.3
65.4
64.3
60.8
61.9
63.7
65.0
77.6
73.6
61.0
63.4
70.1
75.6
75.0
65.5
65.8
68.7
70.7
68.6
73.9
81.9
88.5
80.8
71.6
64.0
76.1
85.8
74.4
60.9
54.4
58.7
65.4
71.4
77.1
80.9
78.4
75.8
71.1
69.5
69.5
73.5
77.0
84.0
87.8
82.8
72.9
74.4
71.6
81.5
87.9
86.1
87.5
86.9
68.0
67.3
72.1
75.6
81.5
65.3
56.4
65.7
76.0
70.5
67.9
78.1
81.6
74.7
61.8
67.3
75.1
78.8
75.0
76.1
82.4
89.5
77.0
65.4
65.5
69.4
76.6
87.7
85.9
85.3
86.0
86.9
83.5
84.7
83.7
81.9
76.6
82.1
83.9
84.4
82.4
83.3
83.6
86.5
84.6
84.0
89.3
89.3
89.1
84.7
79.8
84.1
81.9
80.2
79.8
81.4
81.2
84.0
83.2
88.7
88.9
89.2
88.1
82.4
84.6
84.8
84.7
89.4
89.9
88.9
91.5
93.6
87.6
82.9
79.9
85.3
83.3
86.1
86.7
81.4
79.2
82.9
87.4
83.3
86.3
85.1
87.9
85.4
84.6
79.2
78.6
81.2
80.3
77.9
83.5
85.3
84.9
86.4
88.4
89.7
88.9
87.2
90.9
89.4
89.3
88.5
88.3
87.6
89.5
89.4
92.4
89.2
89.4
84.8
78.2
78.7
86.6
87.0
85.4
88.8
89.0
84.6
87.4
87.3
81.8
81.4
81.4
82.6
79.9
80.4
78.8
79.7
83.7
86.9
88.1
86.9
86.6
83.5
80.8
79.7
77.6
78.4
78.1
80.7
81.2
77.0
74.8
75.8
74.8
73.5
73.9
72.3
75.5
78.0
80.3
74.1
76.0
75.8
80.8
81.5
79.5
79.9
83.1
76.1
76.6
81.6
80.3
79.9
80.6
80.8
71.4
69.4
72.1
71.8
74.5
77.2
79.6
80.0
77.7
78.0
74.5
65.7
68.2
65.5
61.8
69.6
71.0
68.3
66.8
69.3
72.0
70.9
73.2
76.9
77.4
78.3
76.7
71.8
65.1
65.7
70.9
71.0
55.6
56.9
61.8
64.1
65.7
63.0
52.5
51.0
62.1
66.5
76.7
76.1
72.9
68.7
73.0
67.1
44.3
43.8
44.8
52.1
50.3
49.2
53.5
60.5
63.8
70.5
71.5
76.6
75.7
49.0
40.6
42.2
47.6
51.7
50.8
51.7
53.8
61.8
55.4
55.7
59.7
59.5
64.8
69.0
73.8
66.1
57.4
51.3
52.1
48.3
46.5
50.4
55.5
46.7
45.0
