value
60.6
58.5
59.6
57.2
58.3
57.4
56.5
61.9
64.0
60.4
61.7
61.9
62.3
63.5
62.3
62.2
55.7
49.0
54.1
57.2
56.8
55.9
57.2
55.4
55.5
58.0
59.1
59.8
61.6
60.9
61.4
62.4
62.7
59.5
61.0
59.7
63.3
64.6
64.6
63.2
65.1
63.7
63.9
63.5
64.0
63.0
59.8
55.1
62.9
65.6
65.3
66.9
65.7
65.5
67.5
66.7
68.7
70.2
66.3
63.0
51.9
47.4
55.3
59.3
58.6
62.0
65.6
66.7
67.9
68.7
66.5
61.8
54.8
52.6
54.6
56.8
62.1
64.5
68.1
64.0
68.2
68.5
67.5
65.8
60.4
58.3
65.6
63.7
68.8
68.9
69.3
69.1
70.3
68.4
62.7
65.9
65.5
67.1
70.6
70.1
69.6
71.4
70.8
69.2
71.4
72.1
73.3
74.4
72.5
65.2
70.4
71.2
71.7
66.4
64.0
60.7
67.6
70.2
69.4
69.4
69.9
69.7
66.1
68.3
67.9
66.8
69.4
70.4
71.2
72.3
70.8
65.8
61.7
61.3
63.7
69.1
67.8
69.1
70.1
69.1
71.2
71.3
64.9
66.1
65.2
62.5
63.0
64.3
68.3
69.4
69.5
69.9
68.1
68.4
68.5
67.8
68.7
69.6
68.4
66.5
65.2
62.3
65.8
62.9
64.6
62.4
66.7
68.4
67.6
65.2
62.1
60.5
62.8
63.4
64.4
64.1
65.8
65.2
63.9
65.3
63.4
64.5
65.3
64.6
66.1
61.9
63.5
65.0
63.7
65.3
64.2
62.4
61.2
62.2
63.2
64.9
64.3
64.0
61.4
63.0
63.9
63.4
64.5
65.8
66.2
65.4
66.2
66.3
67.3
65.9
66.8
65.9
66.3
66.6
66.8
63.7
63.6
65.5
67.8
67.0
65.2
62.7
63.7
61.4
63.7
62.9
64.6
64.7
64.8
65.6
62.9
61.0
61.4
62.4
64.4
65.7
65.3
62.1
63.1
65.7
62.9
61.8
64.5
64.6
64.4
59.1
61.3
61.8
62.1
60.8
61.3
61.1
63.0
64.9
63.7
61.9
60.1
59.5
60.6
62.8
61.7
64.6
65.3
64.2
64.3
67.0
65.7
62.9
62.4
64.6
65.1
64.4
65.4
65.8
64.8
64.4
64.8
66.1
64.7
62.4
61.7
64.0
63.7
66.0
67.4
65.8
65.0
63.2
64.9
65.7
64.6
63.1
60.2
62.8
59.8
55.7
55.7
55.9
60.4
61.6
63.7
64.2
65.9
65.3
66.3
62.3
56.3
63.5
63.8
61.3
59.2
60.0
60.4
59.8
60.8
58.9
50.7
52.2
60.6
62.7
63.1
65.2
62.9
59.5
61.7
58.9
61.3
55.8
59.2
61.2
56.6
55.8
56.8
52.6
56.1
58.5
59.4
62.1
62.7
63.0
61.9
59.8
61.6
62.6
58.5
56.9
59.3
62.1
59.8
59.1
57.7
55.9
61.1
61.9
64.1
61.8
60.0
52.7
54.1
54.7
53.5
54.4
58.7
60.1
58.8
