value
77.0
77.0
84.9
75.8
76.6
79.1
79.7
79.6
82.0
86.3
75.0
73.6
75.5
76.4
76.8
79.6
83.0
81.6
75.5
72.0
76.3
77.7
77.3
-99
-99
83.6
81.5
80.9
77.6
78.1
79.7
77.4
78.4
81.6
78.4
75.1
76.5
79.1
79.7
-99
82.4
80.4
81.6
79.8
81.0
79.4
79.1
79.4
79.9
81.1
81.2
77.0
77.0
78.4
79.0
80.3
79.9
80.3
81.2
74.8
78.5
76.2
77.5
77.9
80.2
79.8
81.4
80.4
75.1
75.8
75.2
76.2
74.9
75.4
78.2
77.3
78.5
79.1
75.7
77.2
77.7
77.5
79.0
79.8
78.0
74.3
78.1
-99
78.5
77.3
75.6
77.9
69.2
69.0
71.7
70.4
74.1
75.2
73.7
70.7
67.9
66.4
-99
-99
-99
81.1
79.3
77.3
70.5
68.0
72.4
72.9
71.6
71.4
72.8
71.8
71.2
70.0
72.5
73.2
70.6
70.4
71.9
70.4
67.1
69.5
67.3
69.4
74.5
69.7
66.7
66.4
66.8
69.5
71.3
71.1
69.3
67.0
66.7
68.8
67.3
68.3
68.5
70.1
69.1
74.4
76.6
68.5
70.6
75.6
71.0
70.8
74.2
73.6
70.9
67.7
67.9
72.1
75.0
66.9
63.9
60.9
65.5
66.2
70.6
65.8
68.3
65.1
65.2
71.3
68.5
66.5
70.8
67.6
70.1
72.6
70.7
71.1
63.5
69.6
70.4
68.5
66.5
69.7
69.7
66.3
-99
-99
67.5
65.1
65.5
65.6
63.5
68.1
64.8
69.1
68.9
70.2
66.0
67.3
67.9
66.5
66.7
72.5
69.7
67.8
71.8
74.4
69.2
68.7
66.4
65.1
67.6
65.4
66.0
69.8
68.5
69.2
74.5
77.2
64.9
62.5
70.6
70.5
69.2
73.6
70.4
68.9
79.5
69.6
70.7
70.9
75.5
69.9
65.8
69.5
69.4
69.6
73.8
79.5
77.5
84.1
71.1
71.6
72.8
71.4
71.7
70.1
74.6
71.8
85.6
73.2
72.4
73.2
71.5
75.8
80.1
75.6
77.2
77.7
84.8
86.0
86.5
69.4
65.4
70.9
81.2
74.1
74.0
81.3
71.7
61.0
66.5
69.7
70.6
73.6
75.3
79.4
80.5
72.0
73.7
79.0
77.5
82.9
92.8
69.5
68.7
72.4
76.7
73.2
66.9
65.1
64.4
69.8
65.2
70.4
71.0
72.9
71.5
73.4
74.4
72.0
73.9
87.0
75.2
73.3
74.1
76.6
83.4
82.6
84.2
75.7
76.7
75.2
75.1
75.4
82.5
86.3
85.5
78.6
81.3
80.2
78.0
82.1
73.5
75.3
74.8
75.2
76.6
78.2
79.2
69.6
70.9
75.7
75.5
76.7
77.3
79.9
71.4
74.7
69.8
74.0
74.7
72.9
72.1
77.6
76.8
81.9
87.5
76.8
74.3
71.4
76.1
76.3
80.8
77.7
78.8
81.7
82.0
83.1
75.7
84.1
70.9
70.0
79.3
