value
39.3
41.4
37.6
32.9
34.3
40.8
44.8
48.7
45.4
49.5
50.7
59.5
60.6
61.0
48.9
49.0
46.9
36.7
35.7
40.8
38.1
28.6
29.0
32.3
24.9
36.9
32.3
43.9
49.9
60.8
40.8
30.8
27.2
36.3
34.6
42.0
42.9
38.9
43.2
39.8
35.3
49.3
46.6
42.2
39.3
39.8
33.9
26.8
31.8
42.2
36.8
38.0
38.8
42.6
46.3
37.9
35.8
41.6
38.3
31.5
34.2
27.6
33.0
42.7
33.9
32.5
35.5
40.6
49.0
51.2
47.0
39.2
33.3
43.3
63.1
62.0
43.8
45.8
42.2
31.6
33.5
43.1
43.3
36.4
30.4
34.3
37.9
39.2
46.5
53.6
52.6
47.7
47.8
41.3
44.0
49.2
56.0
58.2
64.0
67.2
66.8
63.8
56.9
54.9
53.0
63.0
64.1
63.6
64.1
46.8
46.6
49.9
51.2
58.1
54.3
53.6
54.1
50.0
57.3
60.0
59.9
57.1
55.3
51.6
49.2
54.8
46.4
56.3
60.6
62.7
64.4
57.3
50.7
52.8
67.2
65.9
65.5
64.2
66.4
68.2
68.4
68.4
67.9
62.1
58.0
59.7
56.2
68.1
69.6
68.2
70.5
71.6
67.6
68.6
68.8
70.5
68.5
69.8
67.8
68.6
69.3
71.5
73.8
76.0
69.7
66.3
70.1
72.7
69.9
68.6
68.9
69.7
69.8
66.0
71.7
71.7
71.5
73.4
75.1
71.1
70.4
71.4
70.0
69.9
65.9
70.4
71.4
72.8
73.7
74.5
73.5
70.3
72.5
68.1
70.6
71.5
75.1
75.1
74.5
75.5
73.5
72.8
71.1
73.8
74.3
73.0
69.4
68.6
72.5
70.5
69.0
70.3
73.0
71.8
73.2
72.5
70.5
73.3
71.0
71.4
73.4
72.7
71.4
72.7
72.0
69.7
63.9
63.1
63.3
65.8
67.7
68.8
70.2
72.1
71.9
70.6
65.0
66.3
68.8
73.9
76.9
73.6
73.2
72.3
71.7
71.3
70.3
71.0
68.2
67.7
68.6
71.1
71.3
70.9
71.5
69.6
62.2
62.2
65.6
65.6
61.8
66.2
69.2
64.9
63.2
61.0
62.5
61.8
62.0
61.9
61.6
60.6
61.4
62.4
64.9
65.4
67.4
67.7
67.0
61.7
56.3
56.3
57.7
60.9
60.7
63.4
62.3
59.2
58.9
62.2
57.9
57.3
48.5
49.3
57.1
50.6
42.3
40.8
37.5
52.3
52.9
55.3
59.6
59.9
65.3
53.0
48.1
41.7
42.5
51.2
54.6
43.0
39.1
50.6
47.1
41.5
30.1
34.7
38.6
51.2
55.4
58.1
45.8
40.0
42.1
52.7
51.3
30.1
27.5
35.4
35.5
28.9
35.2
33.1
37.0
39.5
48.3
53.6
60.6
65.3
48.6
38.8
43.3
43.5
33.7
33.3
31.4
38.1
38.0
36.3
40.5
38.9
37.5
48.8
55.3
60.5
51.8
32.7
26.0
31.4
33.9
31.5
41.7
41.0
34.5
