value
47.6
48.5
44.3
37.6
37.7
44.7
41.6
41.6
49.9
58.0
53.0
56.5
62.7
63.6
54.6
44.8
49.3
39.1
39.0
47.1
45.8
39.4
32.5
40.5
26.6
31.1
36.0
40.8
54.3
66.7
49.3
39.2
32.4
42.8
38.9
47.4
50.6
45.4
45.0
44.2
42.6
55.0
53.1
47.2
41.9
44.9
40.5
29.9
36.7
41.2
41.4
42.4
41.6
38.6
49.0
43.2
38.1
44.4
44.8
33.3
39.5
35.1
36.7
45.5
43.4
39.2
41.4
46.5
53.4
56.4
61.3
47.9
40.3
45.6
64.2
63.5
45.2
49.3
49.2
41.9
36.7
45.3
42.6
42.0
36.3
41.2
43.1
45.2
54.0
58.8
62.4
55.2
53.4
46.5
46.5
54.6
57.8
64.6
68.2
71.9
69.7
72.9
62.5
62.8
63.4
66.1
69.9
69.6
70.6
55.2
52.8
53.6
56.3
60.8
63.3
59.1
60.6
56.6
61.5
64.0
60.0
59.1
61.0
56.9
54.8
62.2
54.3
61.8
67.7
70.4
72.5
66.5
57.1
59.0
70.3
73.7
73.0
71.0
70.8
71.4
73.6
73.6
70.1
67.6
60.3
65.6
62.5
73.4
73.5
73.5
75.9
76.7
75.8
72.5
74.7
73.9
72.1
72.1
72.6
75.3
73.6
75.9
77.4
81.2
72.9
71.7
74.8
75.6
74.4
74.7
75.4
75.5
73.8
76.0
75.9
78.6
78.0
78.8
79.2
76.8
76.2
72.8
74.4
75.0
77.0
77.1
76.1
77.2
76.5
79.3
77.5
74.7
75.2
74.4
77.2
78.8
80.9
79.1
77.2
80.9
78.8
77.2
75.6
79.4
80.9
74.8
77.1
76.5
76.0
76.3
76.6
76.7
75.6
77.9
79.8
78.4
76.8
73.1
75.8
78.0
80.3
80.0
79.3
80.6
79.5
74.5
70.1
66.9
64.7
70.4
73.6
73.3
75.8
76.5
76.5
72.8
71.4
70.1
74.9
78.3
81.8
80.0
77.3
76.5
76.3
80.3
76.2
76.2
74.6
73.1
75.5
77.4
79.0
77.8
78.2
76.7
68.5
69.8
75.2
72.0
67.1
68.8
72.8
71.9
68.7
66.3
67.9
67.3
67.0
64.6
64.3
62.8
64.0
67.7
69.2
70.9
72.2
73.3
73.2
73.5
63.7
61.7
61.6
69.7
67.8
66.4
64.8
65.2
62.6
65.4
64.4
61.4
52.4
54.9
60.6
59.8
46.5
48.6
42.0
52.2
57.2
60.6
63.4
63.7
66.9
59.9
51.4
49.3
46.4
57.6
54.7
48.7
44.6
54.6
51.6
47.8
34.7
37.8
44.8
54.9
59.2
67.7
50.8
45.8
48.5
55.6
58.7
39.1
32.4
38.2
42.5
32.2
38.1
38.9
39.6
44.2
53.0
57.1
61.8
68.3
60.7
41.6
38.0
47.5
37.0
37.4
36.0
43.6
43.8
39.7
46.6
46.2
44.8
50.0
57.6
67.7
62.0
44.5
31.0
38.6
40.5
38.1
46.3
44.6
44.4
