value
44.8
45.6
39.4
35.9
36.8
42.9
41.5
39.8
49.7
53.9
44.9
51.5
59.8
60.9
47.1
41.6
45.3
34.2
34.7
44.4
43.3
34.4
28.8
31.4
22.9
28.6
31.9
39.1
52.8
64.6
48.6
34.2
28.3
38.2
36.9
44.6
45.3
39.5
41.3
41.8
35.0
47.1
50.7
45.3
40.9
44.6
39.3
29.9
33.5
39.7
39.7
39.9
36.8
36.3
47.2
39.8
34.6
43.6
42.8
37.5
38.3
34.6
35.5
41.7
40.8
40.2
39.7
45.8
50.5
53.0
58.8
46.1
38.5
44.8
59.9
53.4
38.0
45.7
47.0
40.1
34.3
44.2
40.4
37.7
35.6
39.5
40.4
44.8
52.5
54.4
57.9
49.6
48.5
42.5
45.7
52.4
56.2
63.6
68.6
72.7
70.7
72.9
62.6
63.6
62.2
65.2
68.4
70.4
69.3
55.4
51.2
49.2
55.0
60.3
60.5
58.1
61.0
56.0
58.3
59.9
58.1
56.9
56.8
53.4
51.6
57.6
57.7
58.4
63.7
69.6
72.2
63.3
55.4
55.7
68.2
73.7
73.4
69.7
66.3
70.1
73.3
74.2
69.4
64.8
58.9
63.0
60.6
72.2
74.3
74.0
75.1
77.1
75.3
71.5
68.6
67.4
69.0
69.8
72.1
75.8
73.6
74.3
77.4
80.6
71.0
71.6
74.8
75.9
73.7
71.9
70.8
71.5
71.5
71.0
76.7
77.0
76.7
75.3
78.7
75.6
76.0
73.1
73.4
75.1
76.7
76.7
76.2
76.8
76.7
78.8
78.2
74.8
72.3
71.1
77.0
78.2
81.2
82.9
81.2
81.3
78.8
76.6
75.7
79.3
79.8
74.2
73.9
72.6
74.2
74.2
73.3
75.6
74.7
77.2
78.1
77.6
73.8
71.9
74.3
75.8
79.6
77.4
77.2
80.1
76.0
72.3
66.7
64.0
62.5
67.3
68.7
71.4
75.3
77.1
75.9
70.2
69.4
69.6
74.8
77.7
79.2
76.1
75.3
73.4
74.0
77.7
74.3
75.0
72.2
69.4
74.5
76.4
77.1
77.8
77.0
74.1
64.2
64.8
71.7
67.2
61.2
65.3
69.7
68.9
66.8
63.3
64.8
63.1
65.1
62.8
60.3
60.8
61.6
67.1
69.7
71.1
72.1
74.3
73.0
70.1
59.9
58.3
58.6
65.4
64.5
62.6
60.6
61.2
65.1
64.2
61.4
57.6
53.5
52.2
58.6
58.4
45.4
45.6
41.6
54.7
56.2
59.7
62.2
63.5
66.5
58.8
52.0
45.3
44.2
55.4
56.0
45.5
42.8
52.4
48.7
45.7
34.2
37.5
44.5
52.9
57.3
64.5
49.3
43.0
44.9
54.1
56.7
35.0
29.5
36.5
40.1
30.0
35.0
34.5
37.2
43.0
46.9
52.8
59.9
67.8
54.9
36.5
35.5
42.8
34.4
36.7
34.1
39.3
40.3
38.8
45.4
42.6
42.5
51.5
57.8
66.5
60.7
40.4
28.5
32.9
38.8
38.2
45.2
43.4
41.3
