value
46.0
46.0
40.9
36.5
38.3
42.8
40.6
40.7
48.3
54.5
47.5
54.4
62.6
63.9
50.4
44.6
49.0
37.1
36.7
46.2
44.6
38.2
28.3
32.9
24.0
29.7
30.0
38.4
55.5
65.7
53.6
37.0
30.4
42.2
38.4
46.4
46.6
42.7
45.0
43.0
30.6
54.0
55.2
46.9
43.3
44.0
39.9
31.4
32.7
43.8
42.0
39.4
37.5
38.0
48.7
39.3
41.0
50.1
43.8
32.2
38.4
36.5
35.8
41.0
42.3
42.3
42.5
46.4
48.3
55.0
62.2
49.0
40.7
44.3
58.7
56.0
40.2
48.5
49.5
41.4
36.0
44.4
39.8
39.6
39.5
42.8
42.3
44.8
50.9
57.0
60.2
51.7
48.4
44.1
45.9
51.8
54.1
64.3
69.7
72.6
71.4
72.7
64.8
62.8
64.8
65.2
68.6
70.7
72.4
58.0
51.3
48.6
53.5
60.4
62.6
58.7
61.7
59.7
61.1
61.5
58.5
58.8
57.5
55.0
54.9
59.8
58.8
60.0
64.5
70.6
73.2
66.8
56.4
55.1
67.6
74.4
73.8
71.5
69.9
69.8
73.5
74.1
73.9
67.3
57.1
60.5
56.4
72.5
74.5
75.5
76.4
78.0
77.1
75.5
69.8
71.5
71.6
70.6
73.2
76.2
75.6
75.7
76.8
81.6
70.7
70.7
74.8
76.7
75.8
72.3
72.2
70.3
73.7
70.0
78.0
77.5
78.5
75.7
80.3
74.7
77.4
74.3
74.4
77.2
79.1
79.9
79.9
79.5
80.0
77.7
78.5
76.3
73.3
73.4
77.8
79.3
80.3
83.1
82.9
81.7
80.5
79.2
79.1
80.9
81.1
74.2
72.8
72.5
76.2
77.0
74.9
76.6
76.0
76.7
78.8
75.1
72.7
75.6
76.7
80.1
81.7
81.2
79.5
81.4
79.4
73.9
66.2
65.8
66.8
72.6
69.6
74.1
77.6
77.3
77.6
73.2
70.3
68.3
73.3
76.6
79.9
76.0
77.6
79.4
76.6
79.0
76.0
75.9
72.4
70.1
74.1
75.7
78.5
78.2
78.8
76.8
67.7
66.4
73.5
68.6
61.9
63.9
66.8
69.6
69.7
63.0
62.2
63.4
67.2
63.0
61.2
61.9
61.9
64.7
69.5
71.0
73.4
73.9
73.1
72.1
61.6
58.8
56.1
61.5
63.9
64.2
62.7
60.8
65.2
66.0
64.0
63.1
59.0
51.8
57.0
59.2
48.6
47.6
42.0
53.5
55.3
59.5
62.2
65.4
69.1
62.7
52.8
45.6
45.5
56.2
59.1
48.3
42.9
52.7
49.5
45.0
35.9
37.0
45.1
55.4
58.6
67.9
52.0
43.8
47.6
56.2
59.3
37.7
29.2
40.2
47.0
33.0
34.8
36.0
39.2
46.0
44.9
56.3
59.9
69.5
55.3
37.8
37.0
45.4
35.2
36.6
33.9
41.4
43.6
39.6
46.1
44.3
42.1
53.2
59.3
71.3
64.3
44.7
31.3
34.8
37.7
38.0
49.4
45.0
43.8
