value
6.4
27.0
20.7
17.0
10.3
9.0
26.4
21.2
27.1
32.5
23.8
4.6
2.0
-1.0
12.4
32.6
23.7
31.2
27.1
2.6
-5.7
4.1
6.9
0.8
11.7
10.3
14.2
24.4
20.8
4.4
-10.4
0.9
16.7
17.2
17.5
31.0
26.7
20.8
23.5
26.0
21.3
21.7
24.3
33.4
27.7
20.9
24.9
32.6
22.5
-0.8
0.1
15.4
16.5
16.6
27.5
25.1
31.2
30.3
24.9
21.7
31.0
32.5
31.3
19.9
10.5
20.4
25.1
26.7
19.1
24.1
24.3
21.1
40.9
23.7
10.0
14.6
15.7
10.9
11.6
13.8
17.3
20.6
19.1
17.3
13.8
22.7
27.9
31.6
37.7
32.3
24.8
27.2
38.8
36.0
32.6
36.7
36.8
30.4
19.3
28.8
32.1
28.4
33.1
28.1
29.5
29.1
27.9
27.7
29.9
25.3
34.2
30.3
29.2
35.5
36.7
51.3
61.3
60.6
48.0
47.7
36.7
39.7
40.0
41.9
45.9
51.3
50.9
58.4
50.5
51.8
47.6
47.1
70.3
69.7
64.6
57.6
58.2
66.5
56.8
54.8
47.4
54.9
57.7
56.5
59.0
60.6
60.7
61.1
64.5
63.7
61.0
53.6
53.7
51.9
52.5
52.7
54.8
60.8
61.2
62.9
65.7
67.4
64.5
64.5
68.8
68.1
67.8
65.2
61.5
70.7
74.1
68.8
68.3
66.4
69.6
74.7
74.4
74.2
72.4
71.1
69.8
68.5
69.6
71.8
72.9
72.7
74.3
72.9
73.1
71.2
65.3
74.2
81.5
77.1
71.6
71.7
79.2
76.2
79.7
76.0
66.5
67.7
68.2
64.4
69.5
70.1
61.7
55.3
60.5
64.9
62.2
67.9
67.1
65.6
67.3
66.7
66.5
69.3
63.5
66.5
64.6
61.4
67.8
66.0
65.5
65.9
66.7
67.7
70.0
77.3
75.4
82.1
75.4
70.2
72.9
80.2
81.5
77.5
75.4
77.0
77.9
75.5
74.7
65.8
63.4
69.7
70.5
73.0
76.2
73.0
68.5
70.4
68.4
68.0
61.2
62.9
61.9
56.8
55.2
63.8
66.7
60.7
53.9
52.5
60.7
68.3
58.1
63.1
64.6
52.8
53.3
55.0
58.5
57.6
53.6
50.7
41.5
36.7
43.5
49.4
54.6
50.6
50.6
56.7
48.1
39.5
44.5
41.7
41.6
44.4
38.8
41.4
44.3
33.0
33.8
35.7
32.9
38.9
40.1
37.2
27.6
28.7
33.9
35.8
40.7
35.0
42.2
37.7
28.3
29.7
27.3
35.3
39.1
27.4
17.6
20.3
36.3
40.9
33.4
30.5
34.3
29.0
33.2
25.0
10.3
9.9
2.3
22.8
32.9
21.0
18.8
24.5
21.7
28.0
27.6
30.5
17.5
8.5
-1.0
-7.0
-10.6
-9.0
-4.3
7.9
-6.0
15.8
5.8
3.9
5.3
19.2
28.7
26.5
7.8
-6.3
-3.7
-2.5
-17.2
8.8
29.5
27.9
30.4
21.3
-2.5
6.8
-1.4
