value
1.8
19.5
8.2
18.6
8.9
11.3
23.2
22.1
26.5
34.0
31.9
8.1
1.3
4.9
10.2
19.2
4.1
18.4
19.5
-0.8
-9.2
-8.4
2.1
-7.0
6.5
3.3
18.1
29.7
24.3
11.9
-5.3
-13.2
-3.8
5.3
4.4
14.2
17.0
17.6
17.9
26.6
30.6
23.5
19.1
24.9
16.9
4.2
5.6
19.8
19.6
-4.4
-8.7
3.1
14.0
16.8
10.6
20.0
21.1
17.1
23.0
17.8
13.2
22.6
27.5
24.7
20.4
17.4
26.2
28.4
23.3
11.5
20.2
10.0
26.2
22.4
6.1
3.4
21.0
7.0
7.3
4.5
6.3
15.6
20.1
23.9
13.2
14.7
32.2
27.0
35.2
30.6
20.6
22.6
28.1
33.9
25.8
35.1
34.4
32.5
21.0
27.1
32.7
29.8
30.1
31.3
32.8
31.9
32.4
32.8
31.3
28.8
35.6
32.6
31.1
34.9
34.5
47.5
56.2
57.8
47.4
55.5
38.1
33.9
36.2
45.2
43.3
53.3
55.1
61.9
56.6
54.7
46.0
43.5
63.1
72.7
64.7
64.3
64.8
67.2
67.8
61.8
53.5
55.4
60.0
58.3
60.2
58.2
57.9
62.7
65.1
67.2
63.4
55.0
52.9
56.5
57.3
57.2
58.8
61.9
64.6
62.5
59.8
69.4
69.1
66.1
73.3
72.0
72.2
70.2
69.0
75.3
76.1
71.2
71.9
72.0
71.6
76.4
74.6
76.2
73.3
71.6
73.0
74.4
76.0
77.4
78.6
79.8
77.2
75.7
73.8
75.6
68.4
74.6
81.1
77.6
74.2
71.1
78.9
78.6
82.6
78.1
65.1
66.9
72.1
63.1
67.9
70.3
63.9
56.5
62.0
64.9
68.5
68.0
68.2
65.7
65.6
63.7
66.8
65.1
61.4
66.0
61.4
62.4
65.9
65.4
62.5
62.8
67.7
71.0
71.1
75.4
78.3
81.9
77.2
71.0
69.0
81.9
84.5
81.3
78.6
81.1
79.9
74.1
77.7
65.2
58.0
65.6
68.6
68.9
78.7
76.1
68.1
68.5
67.0
68.6
61.0
60.9
60.6
57.5
55.3
58.8
65.6
67.9
56.8
51.9
60.8
70.7
65.5
64.5
70.2
60.1
53.8
57.6
64.6
63.5
53.9
49.6
48.0
49.0
49.4
51.3
61.2
56.0
60.9
65.0
51.7
45.2
48.0
44.5
42.0
45.8
37.5
38.9
37.5
34.6
35.9
35.6
36.1
39.5
40.6
38.8
31.7
29.2
36.5
39.6
38.5
39.6
46.1
44.5
30.2
29.6
26.7
33.7
38.0
32.4
18.0
18.0
34.7
38.2
35.0
41.5
36.3
27.9
32.4
36.8
17.7
12.0
3.2
17.5
34.2
20.5
12.5
20.8
19.9
25.8
22.3
28.8
25.3
22.4
4.8
-7.1
-12.6
-6.2
-4.3
-1.8
-10.4
3.7
2.5
0.6
-6.5
11.1
22.2
17.7
0.6
-2.0
-2.1
-5.4
-12.6
-4.8
16.6
18.1
29.9
27.0
-9.5
-5.1
-15.6
