value
14.6
20.3
28.2
18.7
20.9
22.7
31.1
23.8
30.5
30.7
40.2
24.6
14.0
10.6
20.1
32.3
31.7
36.7
37.6
23.3
14.1
15.0
19.7
11.3
27.0
32.3
40.8
38.3
36.0
25.5
11.9
9.5
27.7
35.2
30.2
35.0
38.8
37.9
30.2
36.6
42.0
33.7
30.5
36.2
41.2
26.1
23.8
35.6
38.2
22.3
13.4
22.4
19.3
14.4
29.5
31.0
27.5
30.4
31.1
27.1
24.3
33.9
35.1
30.3
25.8
35.5
42.2
50.3
31.8
22.2
27.5
23.2
40.8
46.5
35.7
32.7
37.5
34.5
28.4
27.2
30.4
32.5
27.5
26.8
27.1
37.2
42.2
47.7
58.1
52.5
35.0
34.1
42.3
44.5
49.8
60.2
55.7
56.2
53.3
34.0
32.0
36.1
39.7
53.4
47.5
41.0
42.9
35.0
36.3
35.2
52.9
48.5
33.3
38.0
47.3
57.8
53.0
60.7
65.8
69.8
47.8
38.2
41.0
40.8
45.4
53.6
53.2
60.8
60.3
57.5
55.7
48.1
61.7
76.5
76.0
71.7
72.0
73.3
69.2
65.6
61.4
55.7
58.4
62.0
68.7
73.5
75.0
70.0
71.1
65.7
65.8
63.0
58.5
61.9
67.6
66.0
63.3
61.7
65.6
65.8
67.1
77.4
81.3
67.2
72.9
76.6
73.3
76.9
73.3
73.9
78.4
84.3
81.1
81.4
75.7
79.5
82.5
75.8
77.2
74.6
68.5
67.2
68.6
70.8
72.6
74.8
79.3
81.0
82.6
85.4
80.1
76.3
80.6
84.0
79.8
77.0
79.3
81.1
82.0
84.0
78.8
78.9
82.1
76.6
72.9
73.7
73.2
60.1
63.4
65.2
68.6
72.7
75.4
73.8
71.1
68.7
75.4
78.0
77.0
71.7
73.3
69.6
74.1
76.0
71.2
67.2
67.5
67.0
70.2
68.3
73.7
78.7
79.8
77.9
79.2
83.3
84.0
84.7
85.2
81.2
81.6
83.4
82.2
79.5
68.9
68.5
72.2
76.7
78.6
82.1
79.4
85.7
83.5
74.8
72.9
63.3
65.3
68.0
61.2
62.9
76.1
75.1
61.3
59.2
67.1
66.3
65.5
62.1
73.6
77.9
66.9
59.1
62.9
67.4
67.7
70.5
69.8
49.8
47.9
55.2
60.6
64.4
66.8
68.7
56.1
50.1
55.4
51.2
48.0
44.8
43.1
44.7
43.7
43.6
47.4
40.1
41.1
40.0
46.3
43.0
45.5
46.9
48.5
45.0
48.8
46.4
46.9
51.9
39.9
37.2
32.1
44.3
47.1
40.0
39.5
21.5
32.8
42.9
37.9
52.6
47.2
41.2
42.5
51.7
34.2
21.6
20.5
17.7
31.4
29.8
18.6
28.5
25.0
38.2
32.4
39.8
37.9
26.7
13.3
8.3
1.9
13.0
4.8
16.9
15.9
14.6
17.0
20.2
21.1
26.0
31.9
37.2
31.0
16.6
20.1
20.4
9.4
12.5
27.8
30.5
33.3
40.4
18.3
16.8
22.6
