value
17.3
19.5
23.2
15.0
19.5
21.3
26.7
24.8
30.2
36.2
33.7
13.2
3.9
0.1
14.1
32.5
29.6
35.1
34.9
27.9
17.3
22.4
23.8
16.0
29.8
37.5
42.6
33.4
30.9
23.9
19.6
26.0
36.1
32.1
37.0
35.3
43.0
41.5
32.7
36.4
40.7
23.4
22.3
30.2
32.6
24.4
31.4
34.3
36.9
24.6
18.1
18.0
13.0
12.6
25.3
31.3
20.4
30.6
26.8
31.9
36.0
43.5
40.3
28.2
25.1
33.9
36.0
41.7
26.2
27.8
36.3
35.3
49.6
53.0
42.2
31.6
34.8
37.8
28.8
38.0
35.6
29.8
22.2
21.4
17.4
38.6
43.7
50.7
49.2
46.1
40.7
40.3
42.7
44.4
51.6
60.1
51.1
54.9
28.3
21.1
25.6
34.8
39.9
51.0
37.5
34.6
33.2
28.1
34.9
40.4
46.9
38.8
30.8
34.3
44.4
58.8
55.7
63.9
64.7
61.6
39.0
38.6
40.5
41.5
42.9
51.7
57.9
59.2
56.4
53.1
55.7
54.0
67.5
75.0
71.5
62.6
64.3
72.3
60.8
57.1
53.1
54.8
55.9
61.2
69.6
73.2
71.2
63.2
63.5
60.8
61.1
55.8
54.3
65.3
67.0
59.1
55.8
61.7
65.6
62.7
69.2
80.0
76.4
63.5
78.3
74.9
72.1
65.8
70.2
72.9
76.9
82.6
72.3
69.3
72.3
77.1
76.0
78.0
75.8
72.0
67.5
65.2
64.0
68.6
74.2
77.2
81.2
80.1
78.2
80.2
75.2
76.8
83.5
85.5
79.5
74.3
74.0
75.7
80.7
82.3
74.7
73.3
78.1
75.1
70.6
73.3
66.4
62.9
59.7
61.6
68.2
71.9
73.8
72.5
69.5
68.9
75.1
72.9
72.7
70.1
67.9
70.7
72.7
70.2
69.1
68.4
69.2
68.4
68.2
69.9
73.9
77.7
80.8
74.5
73.2
79.6
85.2
86.1
84.4
80.6
78.0
80.2
75.7
73.9
67.7
75.3
77.4
80.5
81.7
81.0
78.9
82.2
74.0
68.5
69.4
62.3
64.0
63.7
57.6
62.2
72.6
64.1
54.4
61.2
68.4
64.2
60.2
60.5
69.9
58.5
52.2
56.8
64.9
62.3
59.6
55.6
51.9
38.5
47.8
50.6
60.0
59.9
57.7
56.9
45.0
49.7
54.7
42.2
37.5
37.0
37.8
41.9
40.0
41.5
48.9
47.9
43.5
44.5
45.5
46.5
43.6
36.3
37.7
38.3
44.7
37.7
45.3
43.5
34.6
30.3
28.9
44.3
44.5
38.6
34.9
26.0
39.4
44.5
42.9
41.4
43.1
33.3
40.7
46.3
24.9
15.7
19.5
23.4
30.7
25.5
26.1
26.7
26.0
31.2
32.2
40.0
30.4
16.3
7.2
3.6
-0.1
8.6
5.0
21.5
21.8
24.6
25.0
26.5
37.3
34.3
30.0
39.1
29.9
13.9
16.3
20.0
12.7
16.8
26.7
28.0
30.7
31.5
13.8
26.6
29.1
