value
13.1
18.4
27.1
20.6
24.1
23.4
30.4
28.7
33.2
36.5
41.2
26.7
14.5
12.9
22.8
33.4
32.6
36.0
39.6
21.9
11.1
12.2
17.0
10.4
25.3
27.7
38.5
37.4
36.8
27.2
10.7
7.1
26.8
31.4
30.6
34.4
36.9
36.1
29.1
34.8
39.6
32.0
30.8
36.0
41.8
25.4
22.8
33.6
38.0
18.9
13.3
23.1
21.6
17.6
27.8
30.3
29.0
30.1
29.8
26.9
25.9
31.3
35.2
30.7
27.7
32.8
39.6
45.3
34.0
25.3
27.5
25.1
37.9
43.6
35.3
32.0
36.0
30.2
26.7
25.6
30.6
33.4
28.0
27.4
25.0
36.0
42.9
49.5
57.5
49.1
32.9
35.9
41.1
46.9
49.8
60.7
55.2
57.8
53.9
37.1
34.0
35.8
38.5
53.0
49.5
42.0
45.0
36.5
36.4
35.5
52.7
49.0
34.1
38.6
47.4
60.3
54.9
61.0
68.1
72.3
50.6
37.5
39.9
39.9
45.2
53.2
53.6
63.3
60.9
57.7
56.7
49.3
62.4
78.1
76.7
73.0
73.9
75.0
70.8
66.1
63.3
56.1
59.3
63.0
66.1
67.9
69.3
70.2
71.1
67.1
68.1
62.6
57.9
61.7
65.9
65.7
63.6
62.6
63.2
63.6
65.2
75.1
80.8
68.3
71.4
74.1
76.1
75.8
72.5
74.8
79.4
84.6
83.6
83.1
76.3
79.2
82.5
75.7
77.0
73.0
69.0
69.0
70.8
71.0
74.1
77.6
79.6
82.0
84.5
84.5
78.8
75.5
79.2
80.3
79.8
78.1
81.1
84.1
85.2
86.5
78.8
79.1
81.5
75.4
72.0
76.8
73.1
61.9
64.0
64.5
68.2
72.5
75.0
75.4
71.7
70.9
75.6
77.3
77.3
72.1
72.8
70.8
76.2
77.1
71.1
68.5
65.3
66.5
70.6
69.1
74.6
79.6
81.9
78.4
78.8
82.1
84.5
85.6
87.1
84.9
83.9
85.6
80.8
78.5
68.5
68.0
76.9
75.2
77.8
79.8
78.3
85.4
82.8
75.5
73.2
63.9
65.0
68.0
62.1
61.9
75.7
77.4
61.6
58.4
66.7
67.1
67.3
64.0
73.0
77.8
67.7
60.7
65.5
68.0
67.2
70.3
70.5
54.0
46.0
54.0
60.6
65.0
65.7
68.3
57.3
51.5
54.1
52.3
49.2
47.5
44.2
46.2
45.9
43.8
43.9
39.2
40.1
40.7
47.2
43.7
47.5
47.3
52.6
45.0
48.6
46.8
47.2
53.5
41.4
37.5
35.5
43.3
52.3
41.1
39.4
21.0
32.8
41.6
39.7
52.9
46.9
41.4
44.8
50.5
34.2
21.7
19.3
17.8
31.1
29.3
19.7
29.5
26.9
37.5
32.6
40.2
39.5
28.0
14.0
7.0
2.7
13.9
8.3
17.2
15.8
14.0
24.3
20.8
19.1
23.8
34.6
33.6
29.8
18.6
20.1
19.9
7.2
7.5
27.7
28.9
33.8
39.2
15.3
12.2
18.7
