value
28.0
13.2
6.6
12.1
32.3
23.3
28.3
17.7
22.5
36.9
27.9
34.7
37.3
40.7
33.8
28.8
28.1
17.1
25.2
37.1
22.6
18.8
5.7
2.5
9.2
13.7
15.4
14.9
22.9
33.0
46.5
27.0
19.2
23.2
23.4
17.4
25.3
18.7
18.3
16.3
12.2
15.6
33.6
34.0
29.0
29.5
32.6
21.7
17.9
24.7
32.4
23.2
24.3
31.3
32.3
30.9
32.7
34.0
34.7
32.0
33.9
31.0
30.4
32.4
35.0
31.7
33.9
35.9
31.4
37.3
43.3
43.1
29.4
24.2
29.2
26.0
23.1
29.7
28.1
28.1
27.9
31.4
36.1
32.8
35.1
37.7
40.0
41.3
42.4
38.9
44.6
32.5
33.7
38.6
45.0
35.3
35.6
47.9
50.1
49.8
44.8
35.0
38.6
44.0
31.6
48.4
56.0
46.0
59.7
53.8
42.0
38.5
35.8
52.7
56.9
45.1
48.8
52.8
55.4
59.4
55.8
55.8
51.5
53.1
48.5
51.9
47.8
63.3
59.5
65.3
62.5
60.3
48.3
47.1
47.6
59.8
58.4
55.7
55.2
61.7
61.2
53.6
57.7
63.7
46.2
44.6
41.5
55.0
56.4
69.3
76.8
77.8
78.9
69.1
60.5
59.6
61.0
54.2
59.2
66.3
60.3
56.8
60.1
58.7
60.7
64.8
61.2
67.8
60.7
62.0
61.3
66.3
68.9
69.2
78.7
76.9
70.1
65.3
62.6
73.0
74.2
71.0
69.4
69.7
79.8
82.8
81.3
76.8
74.3
67.5
68.0
74.7
71.5
69.4
76.1
79.2
79.0
80.1
80.5
79.7
80.5
71.6
68.1
67.3
71.3
61.8
64.6
63.4
68.9
69.5
69.0
68.5
68.0
70.2
68.0
65.2
64.1
60.4
64.2
70.5
72.2
71.6
64.2
65.6
65.1
66.0
61.9
62.1
64.8
66.4
67.2
70.0
71.5
72.4
72.4
62.0
62.4
68.0
73.9
71.5
64.9
67.7
72.0
74.4
70.4
70.1
66.5
62.0
53.0
58.3
62.4
52.2
60.4
77.5
71.8
66.8
58.8
54.5
57.0
47.9
51.8
56.8
59.3
60.0
65.1
51.6
51.8
53.3
56.8
58.7
55.6
53.2
52.8
57.5
61.2
61.2
54.6
59.7
53.2
58.1
56.5
44.1
46.4
52.3
47.9
47.1
46.4
56.3
53.8
55.6
56.3
49.4
51.8
45.7
50.8
42.7
43.2
39.0
34.6
47.1
38.5
31.9
33.2
35.2
60.5
49.6
40.9
29.0
29.4
41.9
51.8
37.3
37.0
37.9
40.8
35.4
27.1
33.6
32.2
36.6
31.2
50.9
39.7
31.7
26.2
33.3
37.3
23.7
24.6
29.5
41.1
30.8
19.6
16.0
30.0
34.8
37.0
31.8
29.5
38.0
32.6
21.6
26.0
27.6
21.5
16.4
12.9
7.5
16.6
17.1
5.1
19.2
27.0
30.0
36.2
34.6
31.1
30.5
15.5
16.0
14.4
25.7
29.4
31.1
10.3
