value
78.7
79.4
79.9
79.0
78.6
77.1
79.7
81.4
81.1
81.3
80.2
79.9
82.7
81.4
83.1
83.8
83.3
84.3
84.2
82.8
83.0
79.9
83.4
79.4
82.2
82.6
78.7
78.3
80.8
80.9
80.6
78.2
76.6
78.3
79.6
81.8
82.7
83.7
84.4
83.0
82.6
83.5
83.0
83.6
82.8
83.7
85.1
84.0
80.6
82.0
81.7
83.4
83.5
84.0
84.0
83.7
84.3
84.5
84.6
85.0
84.2
82.8
84.6
84.9
83.4
84.5
84.1
-99
-99
83.8
85.0
84.7
84.2
85.3
85.3
80.2
83.7
82.6
84.5
84.2
84.5
84.6
81.7
83.4
83.5
82.3
77.7
82.0
82.6
83.9
84.4
78.0
80.8
82.7
84.6
84.9
84.3
83.7
78.0
80.7
82.8
83.7
84.5
82.5
79.8
82.0
80.8
82.5
83.7
81.8
81.6
79.6
82.4
81.3
83.2
79.6
81.5
82.6
83.5
84.3
78.0
80.0
82.2
83.8
83.9
79.4
81.7
79.5
-99
-99
77.6
79.7
79.0
78.8
78.3
81.4
80.4
81.0
80.0
82.5
82.0
79.0
81.2
82.8
82.6
78.4
79.0
78.5
78.5
80.5
80.9
77.4
76.0
76.8
78.9
80.7
77.2
80.5
79.2
77.2
79.3
77.8
81.0
81.1
81.6
79.3
78.4
80.1
80.4
80.7
79.2
78.6
80.4
79.5
79.8
78.4
80.0
79.1
78.1
77.0
76.0
78.3
78.2
78.7
74.9
74.7
76.8
77.6
75.7
78.0
78.2
75.9
77.1
78.2
77.1
77.9
77.5
78.0
77.5
76.1
-99
72.3
-99
78.1
75.1
76.7
78.1
77.8
77.8
76.5
78.3
76.1
76.0
76.1
76.2
76.9
77.1
77.0
77.1
78.3
77.6
76.4
75.9
76.1
77.2
76.8
76.1
77.1
78.1
76.5
76.1
77.5
78.5
79.3
77.2
78.8
77.7
76.3
78.2
77.9
77.6
78.2
77.4
77.1
78.9
77.5
77.6
77.6
78.0
78.1
77.4
77.0
77.5
78.4
78.6
78.5
77.2
79.1
79.4
79.3
80.1
79.3
78.8
77.8
78.0
77.3
78.5
77.6
77.8
77.0
76.4
79.2
78.7
79.5
79.1
78.7
76.2
82.1
71.6
75.2
76.9
79.6
79.3
78.6
79.6
80.5
78.9
77.8
80.2
80.1
80.4
81.2
81.3
78.1
77.7
80.2
79.0
81.1
80.6
81.7
81.3
79.3
81.7
79.6
78.2
80.6
79.0
78.3
78.0
77.3
-99
-99
-99
-99
-99
-99
-99
-99
-99
-99
-99
-99
-99
79.7
80.9
81.5
79.7
80.6
80.7
80.7
79.8
81.1
82.1
81.4
82.9
80.1
79.6
81.3
81.2
79.1
77.2
79.1
81.1
81.6
81.4
81.3
81.7
80.6
79.8
79.2
78.9
72.7
-99
-99
-99
-99
-99
-99
-99
-99
-99
-99
-99
-99
83.3
