value
41.3
32.0
27.7
32.3
34.5
38.1
39.5
35.7
44.1
45.2
39.0
48.0
45.1
51.1
40.6
38.1
40.2
33.2
36.2
46.7
33.5
22.9
15.5
17.6
17.4
19.1
22.0
28.1
43.6
49.5
50.7
29.5
22.1
27.7
27.0
32.7
33.9
28.6
40.0
30.8
23.2
43.2
45.6
34.3
36.6
39.7
38.4
29.7
27.0
38.5
35.3
28.3
30.0
40.4
41.8
35.4
34.7
48.3
43.4
34.3
36.2
32.8
34.4
35.5
37.5
37.6
33.8
42.3
35.2
41.2
52.5
43.0
36.6
37.6
40.0
35.3
35.2
44.5
40.5
34.8
33.4
37.3
36.2
35.3
33.7
43.3
42.0
44.7
46.2
14.4
57.7
40.0
39.3
39.8
45.9
43.2
44.1
58.2
68.4
74.0
59.8
50.8
50.5
52.8
50.0
54.4
60.6
54.8
60.7
55.2
45.2
42.0
45.1
50.1
54.8
53.3
51.9
53.4
54.5
56.0
51.1
50.9
50.7
50.8
48.8
49.6
51.3
61.6
61.7
66.6
64.7
62.4
51.4
48.0
59.0
69.3
68.0
60.6
58.9
67.8
70.6
72.5
70.0
60.9
51.9
57.5
48.5
60.0
72.2
78.5
78.5
76.8
75.4
71.0
67.3
63.9
63.2
66.4
69.4
70.9
68.3
74.8
75.9
70.3
62.6
68.1
72.5
74.9
70.2
66.9
65.5
66.7
67.7
64.5
79.6
79.9
81.0
77.8
78.5
74.7
74.7
74.3
75.4
76.7
78.9
80.1
82.9
84.4
80.1
78.2
79.3
78.4
73.0
75.7
80.1
82.3
83.8
83.0
85.4
87.2
85.8
79.4
77.4
79.5
79.3
67.8
69.3
67.0
72.1
74.9
72.3
71.6
71.8
75.2
74.5
71.2
68.1
66.6
70.5
76.1
79.3
77.7
73.5
74.0
74.6
69.9
64.7
65.6
65.8
67.8
68.9
74.0
76.0
74.7
73.3
68.4
65.3
70.3
78.9
72.7
72.4
71.0
76.0
77.6
74.0
75.7
69.2
71.2
61.9
61.6
72.5
64.8
74.7
78.2
77.2
72.2
59.9
58.2
65.2
57.5
53.7
58.2
61.5
63.3
67.5
55.1
55.3
58.2
58.8
58.1
61.8
58.1
57.1
63.1
70.8
69.4
71.1
69.3
68.5
70.3
57.7
58.2
58.7
59.9
61.1
60.6
56.8
55.3
60.3
64.2
61.9
52.6
57.7
50.5
55.5
47.9
44.1
42.7
44.3
51.4
46.0
49.3
48.7
55.7
64.1
62.0
50.4
38.1
43.8
48.0
60.3
44.0
40.9
51.2
46.8
43.3
32.8
39.7
45.3
44.6
53.2
61.1
47.7
34.6
40.0
51.0
48.1
30.0
25.6
35.8
50.1
33.4
31.5
30.2
38.7
38.8
40.4
42.6
53.0
53.8
38.8
29.0
38.1
33.3
29.0
23.9
29.3
33.1
43.3
31.9
32.5
31.4
35.6
48.8
56.8
59.6
58.4
39.9
26.6
28.2
31.3
38.5
45.7
42.4
31.9
