value
38.6
29.0
29.5
33.3
36.6
38.0
41.4
38.4
40.4
44.3
41.3
45.6
45.7
48.4
39.8
34.9
39.7
32.4
36.2
45.6
30.6
23.9
15.5
17.6
17.8
19.9
25.1
30.4
40.8
47.0
52.0
30.3
24.5
26.7
27.4
28.8
33.8
30.0
33.7
29.8
21.7
35.1
41.8
37.6
39.9
42.0
39.2
30.8
24.5
37.0
34.7
29.3
29.7
39.2
40.5
37.6
39.5
41.6
44.9
36.0
37.2
33.8
33.8
38.3
41.2
38.2
34.0
42.5
41.2
44.0
51.9
45.7
36.9
37.0
38.5
34.2
32.2
37.6
39.5
36.6
34.6
39.0
39.8
39.0
37.7
44.5
44.0
47.2
48.8
47.8
50.0
39.6
39.5
40.6
49.6
44.6
46.8
58.8
65.7
66.3
56.8
45.4
47.8
53.3
49.2
54.2
63.9
55.3
62.7
57.6
46.6
47.6
45.7
54.1
57.9
56.9
57.2
58.3
55.7
56.9
56.3
57.7
58.0
54.3
51.9
54.7
53.6
62.4
60.7
66.9
67.0
64.2
52.7
52.1
58.3
70.8
68.8
62.5
57.7
66.0
76.0
72.5
74.8
61.9
50.6
57.7
56.1
61.5
68.4
82.8
84.0
82.6
82.0
74.4
68.3
66.1
64.0
62.9
66.9
73.3
70.1
73.1
73.4
67.3
61.5
70.3
73.3
76.2
73.5
68.5
70.2
72.6
73.6
71.3
81.6
81.4
80.4
79.6
78.7
77.0
78.0
75.6
78.0
78.1
81.8
83.5
86.2
87.4
82.4
82.3
81.0
82.4
76.3
74.2
82.0
86.9
87.7
87.5
89.4
91.3
87.6
81.2
80.1
79.8
79.6
67.9
72.7
71.8
74.0
77.0
75.3
75.1
71.8
75.4
73.9
74.2
71.2
73.1
73.9
74.9
79.0
78.0
74.5
75.2
74.3
70.3
69.1
70.6
72.1
72.3
71.6
76.2
80.6
76.3
76.0
71.5
72.1
74.3
79.0
77.9
74.8
74.9
78.4
79.3
77.8
76.7
73.0
72.1
64.3
66.7
73.9
64.6
74.9
84.1
81.0
71.2
61.4
60.3
65.0
58.5
60.1
62.8
65.8
67.6
66.6
58.5
59.2
62.7
62.7
62.0
64.0
62.7
62.9
67.5
71.9
72.1
74.6
70.1
67.2
70.1
60.8
57.2
58.1
63.0
66.3
61.2
58.7
59.9
61.0
65.6
63.9
56.1
56.8
55.5
57.3
50.8
47.2
45.6
45.9
52.1
50.2
50.1
50.5
59.0
66.8
60.2
50.8
39.1
45.3
53.1
55.8
45.1
43.0
48.1
47.7
43.2
33.5
39.4
45.7
50.1
53.2
61.1
48.0
37.3
38.8
51.9
47.3
28.6
27.3
35.2
48.8
33.9
33.9
30.4
40.4
44.4
44.2
43.7
51.5
52.7
38.5
31.4
33.3
34.2
28.3
26.2
25.6
27.0
32.2
29.7
26.4
27.7
32.3
41.2
50.4
64.5
59.3
39.6
25.7
30.9
34.1
38.7
43.2
39.4
25.8
