value
80.2
81.1
81.9
80.8
79.9
81.9
81.5
82.6
80.9
82.9
81.8
81.2
82.4
80.4
78.8
79.3
79.9
82.0
80.2
79.6
80.7
81.2
80.8
80.4
80.5
81.2
80.9
81.7
83.1
82.2
82.5
83.1
82.9
79.5
80.1
82.1
81.9
82.3
81.2
80.7
80.5
81.5
80.5
80.4
81.0
82.5
81.2
80.7
79.7
81.9
81.7
80.7
82.5
85.9
83.2
83.2
84.4
84.7
83.5
83.0
83.5
80.1
78.4
86.6
83.1
83.8
82.6
84.2
83.5
82.8
84.6
84.3
84.4
83.1
81.4
82.7
83.4
85.5
84.6
84.6
85.2
84.8
83.3
84.6
87.3
87.5
83.9
82.7
82.0
85.7
86.3
85.9
85.9
85.5
87.2
85.6
84.7
84.4
85.4
86.7
86.3
87.6
86.8
85.6
87.1
88.3
88.9
87.0
85.8
85.9
87.1
86.4
86.3
87.0
87.0
86.2
85.3
84.4
83.9
84.6
85.6
85.0
85.4
82.9
86.6
86.6
87.0
85.8
86.5
87.5
84.4
86.0
85.6
85.7
86.1
86.2
85.9
86.9
86.5
86.8
86.4
84.0
83.6
83.4
81.9
83.7
84.9
82.3
83.3
80.8
80.6
81.7
79.0
81.7
82.4
81.9
84.4
83.3
84.4
82.4
78.6
79.3
81.8
81.8
80.7
80.8
80.9
82.9
85.0
83.4
82.7
81.3
81.0
80.5
80.7
82.2
81.5
81.9
83.2
80.2
78.7
78.7
81.5
81.0
80.4
79.8
79.3
81.8
81.9
82.4
79.9
79.5
78.3
80.9
80.2
82.2
82.8
83.6
80.9
79.8
78.3
75.4
79.2
79.4
81.6
81.7
83.3
82.3
80.6
77.3
81.3
80.5
80.7
80.1
80.7
80.5
78.6
81.3
83.1
81.5
82.1
82.4
80.6
79.2
80.0
80.6
83.3
81.2
80.6
81.3
83.3
81.7
82.3
83.2
81.3
80.4
79.9
81.7
81.7
81.4
81.7
80.5
81.5
82.6
80.8
80.9
80.4
81.2
83.1
80.1
80.2
79.6
78.9
79.3
80.1
80.7
82.6
79.5
80.8
79.5
80.6
80.5
78.3
79.3
79.7
79.3
80.8
82.2
82.1
77.9
80.1
79.3
81.1
79.7
80.8
79.5
79.3
81.6
84.0
81.6
81.2
81.7
82.1
82.0
80.9
82.2
80.2
87.6
80.4
79.6
81.7
81.2
81.1
80.4
79.8
80.2
80.4
81.5
79.4
80.4
80.2
79.9
80.4
80.5
80.8
81.4
78.4
79.5
80.7
84.1
81.9
80.0
79.0
78.8
78.0
81.0
80.5
79.5
80.4
80.6
80.8
81.2
81.3
78.7
79.9
80.5
79.3
80.0
81.1
80.8
80.4
79.9
80.2
79.4
80.9
81.1
79.3
79.8
80.3
80.9
79.3
79.7
78.6
79.9
80.4
82.4
81.9
79.9
79.7
79.5
81.3
80.6
80.2
78.3
79.5
79.8
79.1
79.8
78.8
78.6
78.6
78.9
80.8
81.8
80.8
