value
45.2
44.4
50.2
48.6
46.7
46.5
44.9
45.7
44.2
42.2
33.0
33.0
29.6
26.5
27.9
22.1
23.5
29.5
25.3
23.4
28.3
24.7
23.6
25.8
23.4
29.3
37.7
40.2
50.6
50.1
45.7
41.3
39.7
40.5
46.2
38.6
36.1
36.2
34.0
32.1
31.2
29.0
30.9
30.7
30.8
39.4
42.2
38.4
36.7
37.8
32.7
31.2
29.8
30.4
32.8
35.5
36.8
34.1
34.8
38.5
37.7
39.8
40.1
47.6
51.2
47.1
46.6
39.1
32.5
29.1
28.7
32.0
31.7
33.2
40.6
42.0
41.6
37.6
33.7
33.1
32.9
32.3
31.0
32.5
33.2
34.0
32.4
32.2
33.4
35.2
37.0
38.9
38.8
37.4
39.5
40.8
38.6
42.6
44.2
41.9
42.7
45.2
48.6
59.9
54.0
52.2
57.3
53.8
46.2
43.9
45.1
47.3
51.5
53.8
57.9
45.6
43.6
44.3
47.1
47.0
49.7
52.3
54.3
53.0
54.0
59.1
61.8
60.4
54.1
54.8
51.3
49.1
52.1
49.1
52.6
48.4
48.2
50.2
51.5
51.4
49.7
48.2
45.4
45.6
47.2
48.9
54.2
60.7
53.0
56.2
57.2
50.7
52.5
51.3
57.9
60.2
61.4
61.1
56.4
54.3
54.3
59.9
63.6
60.7
59.3
58.1
57.8
62.1
70.8
69.8
66.0
60.6
60.3
59.3
56.0
56.1
55.7
54.7
57.3
57.4
62.0
60.2
62.3
61.3
63.8
64.7
66.8
67.4
66.6
65.0
61.1
59.1
59.4
62.3
61.9
66.0
66.6
68.9
69.6
69.1
66.4
74.0
77.5
75.3
68.9
69.3
70.1
70.4
68.7
68.4
63.7
66.9
76.2
76.4
67.8
67.3
71.1
65.4
61.5
62.8
64.4
61.9
63.7
62.3
60.3
62.2
62.2
67.4
68.1
65.6
62.2
62.5
63.8
64.2
68.5
66.8
65.5
66.1
65.5
65.1
63.6
64.7
62.5
59.4
63.4
66.8
68.0
73.5
67.4
63.4
58.6
55.6
56.3
59.3
59.7
58.0
59.4
56.1
54.1
52.6
52.8
54.6
57.0
57.7
61.6
61.1
58.9
58.8
56.5
51.8
54.5
54.7
52.7
51.3
51.4
54.8
60.8
58.4
54.6
54.1
58.4
56.0
48.5
48.4
48.3
47.1
50.4
49.0
50.2
55.4
52.4
54.9
57.7
58.2
62.5
60.3
52.8
57.5
59.1
58.2
56.2
51.3
50.6
50.5
52.1
51.2
49.4
47.5
45.1
51.3
52.5
46.1
47.2
42.9
43.6
46.1
43.4
45.9
43.2
41.4
45.7
42.9
42.8
37.2
37.8
40.0
41.5
43.9
42.2
42.4
45.6
47.8
45.7
43.6
44.1
39.8
36.9
42.7
43.4
39.3
43.3
48.1
48.5
38.8
34.3
35.2
35.9
43.4
46.5
49.7
43.5
45.3
44.8
42.8
44.6
46.5
45.3
49.9
42.9
41.5
44.9
44.0
40.9
41.1
44.2
