value
29.2
23.8
26.3
21.7
26.3
27.8
35.1
35.7
35.9
34.6
37.0
22.4
19.3
22.3
17.3
21.7
29.5
34.9
37.5
36.5
37.2
39.3
41.0
41.9
49.5
47.9
47.7
46.7
35.8
30.3
34.5
38.5
43.7
41.6
45.1
45.3
43.5
45.5
44.6
44.2
31.3
33.4
32.7
33.5
39.3
39.2
40.8
42.0
45.8
39.6
46.8
35.5
35.1
33.1
37.4
33.2
36.7
32.4
36.5
43.7
48.8
50.0
56.5
47.3
52.1
53.3
52.2
41.4
39.5
44.7
51.2
53.0
57.5
58.7
59.9
55.8
54.3
53.0
49.2
59.1
53.8
47.8
36.7
39.6
46.7
56.0
61.2
60.4
59.4
61.5
61.2
60.0
52.0
56.3
62.2
63.9
65.2
64.6
52.8
42.2
44.9
56.1
58.5
65.0
65.4
65.8
59.7
42.0
43.1
54.3
56.9
63.8
63.5
47.9
60.9
61.4
62.5
64.1
67.5
71.0
72.1
53.2
48.9
59.4
61.7
62.1
64.6
61.7
61.5
60.8
57.9
61.3
67.2
70.7
71.4
73.1
72.3
72.3
67.0
63.8
62.8
70.3
76.4
75.6
74.7
75.4
76.5
71.6
72.7
72.5
77.2
72.5
75.1
75.3
79.1
80.6
73.2
74.8
78.0
82.3
85.0
87.0
85.1
85.3
81.7
77.0
80.2
78.2
77.7
81.7
81.4
81.4
80.1
80.5
82.0
81.2
82.7
88.5
88.8
81.9
82.5
74.7
72.6
71.2
76.2
80.0
75.9
78.4
83.2
77.2
82.7
78.3
79.8
81.0
81.6
70.9
69.6
68.9
72.1
74.3
74.3
77.0
78.6
81.9
81.3
71.5
76.0
67.7
74.6
75.0
80.4
82.7
79.5
74.8
74.8
82.0
75.6
77.7
72.8
73.6
75.8
74.3
68.6
72.7
75.2
77.0
77.0
78.5
83.0
81.3
80.9
74.8
78.5
78.7
77.6
76.2
74.9
74.7
76.7
76.7
76.4
76.6
79.8
82.8
76.5
78.1
79.9
79.1
78.1
77.2
75.8
75.7
70.3
67.1
67.9
65.4
64.9
65.6
67.4
69.8
72.1
71.8
71.0
68.4
68.9
61.0
62.4
66.4
69.5
66.5
54.6
58.9
64.3
66.6
65.4
64.1
59.9
51.0
53.3
57.9
61.8
62.6
61.5
49.2
53.3
62.2
62.3
54.8
51.4
49.9
52.0
48.2
53.4
55.3
52.3
54.3
57.4
57.4
52.0
54.8
57.2
58.8
54.6
44.4
48.7
49.4
54.0
54.0
51.1
40.3
45.3
46.6
50.1
51.8
53.2
51.7
42.9
46.5
45.9
50.5
51.0
46.3
45.4
46.2
46.2
37.5
32.9
27.7
32.0
36.0
36.4
36.3
38.7
42.0
41.4
38.7
43.9
51.1
34.3
20.0
24.6
31.2
27.6
20.8
26.3
30.0
34.7
36.6
35.0
37.4
41.9
39.9
42.0
40.8
38.5
35.7
34.1
36.0
37.4
34.0
37.1
33.9
39.1
35.3
35.7
