value
73.2
73.6
78.3
78.8
79.1
80.2
81.2
78.9
74.4
70.7
73.7
77.6
76.9
71.7
71.9
80.9
78.5
77.5
77.4
79.4
79.0
82.6
76.8
80.4
81.7
83.2
83.7
80.2
76.8
79.5
83.0
84.0
85.5
77.9
73.6
75.2
77.5
75.6
74.7
76.6
76.2
77.6
76.5
78.8
78.5
77.2
75.4
78.6
79.1
73.9
70.6
71.9
73.4
81.9
81.5
82.9
77.6
74.7
78.4
77.7
79.6
76.8
72.0
73.1
71.9
73.0
74.5
79.2
77.8
74.2
75.3
76.5
76.6
79.0
79.5
80.0
80.8
79.6
79.8
77.2
78.0
77.1
74.3
71.2
71.3
68.0
69.3
63.9
62.2
60.1
60.9
69.6
67.4
66.8
67.9
68.8
69.6
71.3
70.7
65.8
68.0
72.1
73.6
70.9
73.4
72.0
71.5
64.6
59.3
60.6
65.1
69.1
69.9
69.8
68.3
67.0
67.1
67.6
68.3
68.8
65.8
63.9
64.6
60.7
60.6
62.3
63.5
64.5
65.9
64.9
64.5
65.9
69.0
70.6
66.9
66.8
63.7
69.5
69.9
64.2
66.0
66.2
65.2
67.3
65.9
64.0
64.7
62.9
64.8
65.1
64.7
61.5
60.2
62.2
66.8
67.0
67.4
65.8
63.5
60.8
53.7
53.6
60.5
61.2
62.7
66.0
69.8
69.6
68.8
62.2
59.0
57.9
59.7
59.3
59.6
60.4
60.1
61.3
63.5
63.7
62.6
62.9
62.4
62.8
57.7
56.4
58.9
62.6
64.4
65.3
65.1
62.1
58.7
57.6
58.0
59.0
60.5
61.5
61.9
61.5
56.7
54.3
55.3
58.9
60.5
62.8
61.6
62.0
60.9
53.7
55.0
60.5
60.9
58.5
58.4
62.6
63.1
63.0
60.6
54.8
54.9
59.9
58.5
58.9
60.5
59.3
58.8
65.4
65.3
64.3
64.6
67.7
67.6
64.8
63.6
65.6
69.3
72.6
75.9
70.3
62.9
54.5
54.9
61.2
65.7
69.0
71.5
71.5
78.6
78.1
77.8
77.8
85.6
80.3
80.6
71.6
73.2
79.7
76.9
81.9
82.1
72.1
63.5
57.6
67.8
75.8
77.8
68.5
63.2
71.4
72.9
71.5
74.5
77.9
75.9
75.3
78.5
82.8
80.7
81.5
82.2
79.8
77.4
81.1
80.1
78.6
82.0
85.4
80.1
79.1
86.3
76.1
74.2
71.8
73.1
77.6
69.3
70.0
72.5
78.1
78.5
76.5
72.0
66.2
67.4
69.1
75.5
79.8
74.7
75.1
74.2
74.8
77.5
80.9
83.0
-99
78.5
73.2
71.1
70.3
73.7
77.3
73.5
73.9
75.4
78.9
72.3
77.2
71.7
75.2
78.2
78.3
79.2
76.4
66.9
68.6
73.0
76.3
71.7
72.5
67.0
63.5
67.7
65.0
-99
79.5
73.1
80.7
-99
-99
78.5
81.2
77.0
80.1
67.7
65.8
67.9
67.6
73.9
74.8
72.8
77.8
75.4
76.0
77.6
