value
32.5
21.8
28.4
32.1
29.1
29.4
30.9
28.4
23.8
27.3
20.1
8.6
2.0
4.2
8.3
10.2
16.9
11.0
2.9
20.2
10.4
-0.7
0.3
10.1
2.1
19.2
21.8
31.4
32.6
34.1
32.2
14.8
15.6
16.3
25.5
18.7
28.4
22.6
17.4
12.3
15.6
15.0
20.3
21.2
23.6
24.9
28.9
30.4
28.2
23.9
18.4
8.6
20.1
32.2
31.2
23.2
19.9
23.9
28.9
35.1
35.1
34.1
30.1
27.6
29.1
22.4
18.3
20.4
12.9
18.9
26.2
17.6
13.8
14.7
25.3
25.3
22.7
17.1
20.0
22.1
15.8
18.2
23.9
28.5
26.8
25.6
24.3
25.5
27.7
28.8
31.4
31.5
32.3
34.5
35.2
31.0
31.9
30.5
29.8
29.8
29.3
34.6
35.2
34.9
41.2
40.7
44.2
42.2
40.5
40.0
39.4
39.6
45.7
44.9
45.0
41.4
41.2
37.3
38.6
44.2
40.7
42.3
40.0
41.1
48.5
51.0
55.9
53.9
52.1
47.9
49.1
46.0
43.9
44.0
45.9
58.7
59.1
65.0
65.7
59.2
56.7
55.4
48.2
51.6
60.0
63.1
56.4
58.4
61.8
63.1
63.4
61.0
58.5
54.6
50.2
49.9
52.0
55.5
57.2
53.7
56.6
57.4
53.5
55.3
58.7
56.4
53.8
59.4
59.8
58.8
63.6
62.5
58.3
56.7
55.6
59.5
54.8
57.1
56.7
54.2
59.2
58.3
54.9
56.6
56.8
61.6
62.4
65.1
61.4
63.1
59.9
60.9
65.9
64.7
60.9
61.2
60.6
67.0
67.8
64.5
69.7
70.1
63.9
63.9
67.6
68.7
68.2
64.0
63.4
65.4
59.6
59.2
62.5
63.7
63.2
61.5
61.8
61.0
64.0
57.2
58.4
57.0
56.4
54.5
54.7
56.3
56.6
59.0
61.4
58.5
57.6
57.9
56.9
58.1
58.2
59.1
59.1
57.3
57.8
59.7
57.6
57.5
56.2
52.0
54.9
57.1
59.2
59.5
59.2
59.3
59.4
57.1
57.0
56.8
55.1
54.0
56.1
55.2
49.3
49.0
48.8
47.4
43.4
47.4
51.6
49.0
43.8
38.6
37.4
44.0
42.7
42.6
41.8
40.5
39.7
43.1
41.9
47.3
45.7
54.7
56.2
52.5
42.6
39.0
41.2
43.7
40.1
41.2
40.5
39.0
35.3
29.3
30.9
34.0
37.3
53.7
47.9
42.5
45.6
49.6
45.2
41.6
38.0
38.6
40.0
36.2
38.9
41.1
37.3
32.7
32.8
35.4
37.1
35.0
30.3
42.4
34.5
32.8
35.2
50.3
40.0
35.0
33.4
23.6
23.7
17.3
17.8
25.6
27.4
23.7
38.7
40.6
30.4
26.5
37.5
29.3
36.5
30.2
32.9
28.1
21.4
18.6
23.6
30.7
24.8
34.0
25.3
30.5
33.6
41.1
34.0
29.0
37.0
34.6
37.8
39.3
32.7
40.2
38.1
36.7
35.7
40.5
35.3
28.4
38.9
