value
50.1
51.8
49.4
48.2
45.5
48.2
46.0
44.9
43.4
45.4
45.6
48.2
49.7
47.5
49.4
48.1
53.7
54.9
53.4
49.6
47.1
49.2
49.9
49.3
47.7
49.9
49.0
51.2
51.3
55.2
53.7
56.6
54.2
56.6
53.0
52.1
53.9
57.3
55.3
56.4
56.8
57.4
55.5
57.6
60.6
54.4
52.1
51.0
51.2
53.8
55.5
56.3
59.9
60.3
56.4
59.6
61.9
62.4
63.3
61.0
61.6
63.7
63.5
65.6
65.6
61.2
63.5
62.8
60.8
60.4
63.2
64.7
65.5
66.8
65.1
60.9
61.0
61.9
64.0
57.5
64.5
64.4
69.5
66.5
66.0
67.1
65.9
69.3
65.8
66.7
66.0
66.9
67.8
69.5
68.0
66.3
67.9
70.1
71.2
72.5
73.6
73.9
74.0
72.5
70.2
66.7
68.9
68.1
69.2
61.9
57.9
61.8
66.1
65.3
68.1
71.7
75.3
71.6
74.1
75.6
76.1
75.9
73.6
70.5
73.2
72.2
71.7
70.3
76.6
76.0
76.0
75.6
72.4
71.6
69.4
67.9
72.3
70.5
75.1
69.9
73.9
73.3
73.0
74.2
77.2
75.3
75.0
74.2
74.8
67.5
68.1
70.4
76.2
76.7
75.4
74.1
73.5
73.2
75.8
77.9
77.1
77.1
75.3
76.7
75.3
73.4
72.1
69.6
68.2
71.6
76.4
74.1
74.9
76.1
75.2
78.2
78.1
76.3
77.6
73.3
75.6
75.1
75.1
-99
-99
-99
-99
-99
-99
-99
-99
73.1
75.7
74.5
74.7
75.4
74.8
75.8
72.8
72.6
76.3
74.8
74.8
74.8
73.4
72.1
75.6
75.1
74.3
76.2
73.3
74.0
72.8
74.9
73.8
75.6
72.8
74.1
72.8
73.6
73.5
72.7
72.0
73.6
72.0
73.6
73.2
74.0
73.2
73.7
73.1
74.2
72.5
74.1
76.2
76.1
75.3
73.7
72.3
72.2
71.6
74.3
72.4
74.3
71.1
71.2
72.4
74.4
74.5
71.6
72.7
72.5
72.6
73.2
73.1
73.5
73.3
72.3
71.6
73.0
73.3
71.6
73.2
73.7
73.5
74.8
74.5
72.7
73.0
74.4
71.0
70.4
68.9
71.6
69.5
67.4
68.5
66.5
69.7
71.1
71.3
72.3
71.5
71.2
69.9
63.6
62.5
64.6
68.2
69.0
68.6
66.6
65.1
65.2
65.1
65.1
66.1
65.2
64.2
64.4
62.2
61.2
61.8
61.2
59.5
59.1
58.4
58.0
58.2
59.7
60.0
60.2
60.0
57.2
56.5
55.8
55.6
55.5
54.4
55.9
54.9
55.8
55.9
55.5
55.2
55.8
54.7
56.1
55.6
57.5
57.4
57.3
56.8
56.1
55.5
55.9
56.3
57.0
55.3
54.5
54.0
55.5
54.3
53.1
51.8
52.0
52.6
50.3
48.0
50.3
49.3
49.7
49.2
48.3
46.7
47.5
49.3
48.8
49.0
49.9
49.2
48.0
47.6
47.2
49.4
