value
71.0
71.7
71.6
72.9
70.8
71.4
73.1
72.9
73.5
74.1
74.1
74.6
74.8
75.5
76.6
78.8
77.9
78.8
79.0
79.6
79.2
80.8
84.2
83.2
82.4
81.6
81.7
82.8
81.2
79.3
75.2
74.8
72.4
74.5
77.3
78.5
76.8
76.5
78.2
80.7
81.2
82.0
82.3
82.9
79.6
79.9
81.9
83.3
85.1
87.5
88.5
86.5
85.4
87.8
90.1
91.2
92.2
92.5
92.7
93.6
94.1
93.6
93.8
93.1
93.7
94.0
92.7
93.8
92.4
93.0
94.2
94.2
94.7
94.0
92.6
92.9
95.9
95.6
94.2
95.0
94.7
97.1
95.9
96.0
94.8
95.8
94.6
96.0
94.0
91.8
93.7
95.6
97.2
97.3
98.0
97.7
95.2
95.1
97.0
93.5
95.0
99.1
97.2
98.3
97.6
95.1
94.1
94.9
82.1
84.1
89.2
85.1
88.1
91.6
92.4
91.1
91.7
94.3
94.5
96.1
90.5
93.8
95.6
96.4
96.8
96.8
97.9
96.9
95.8
91.5
89.4
94.0
95.5
90.4
94.9
97.0
98.8
96.8
95.4
97.6
96.2
96.8
97.2
98.5
98.3
96.2
89.6
90.5
93.4
93.4
95.6
97.9
93.2
94.6
95.3
87.8
91.9
94.2
97.6
90.0
91.6
95.0
96.0
96.4
92.8
92.5
95.5
93.7
90.7
94.4
88.9
87.6
92.3
93.8
89.5
88.3
89.8
77.6
83.1
82.9
85.0
88.4
84.6
90.2
88.4
82.2
87.3
81.2
84.7
85.7
82.1
85.5
87.5
89.9
82.3
84.6
83.4
86.6
87.7
80.7
85.3
85.5
86.2
91.7
87.0
85.5
87.1
88.0
84.1
79.2
84.6
78.4
83.9
78.3
83.7
85.4
87.0
78.8
79.1
80.8
81.3
79.0
81.8
75.9
78.9
82.7
77.2
80.5
80.3
77.9
80.0
84.9
81.0
80.8
78.9
84.1
80.5
82.1
78.9
83.6
75.6
79.4
82.0
80.9
82.7
83.4
85.6
82.3
82.6
81.4
85.7
89.6
83.2
81.0
82.3
85.5
80.3
84.5
88.3
89.6
89.2
91.1
86.4
87.7
92.5
88.8
85.8
84.8
89.8
91.7
89.6
88.9
83.8
86.0
88.4
87.3
88.4
90.6
90.9
89.6
84.2
88.1
87.2
87.3
90.3
89.5
89.0
86.5
89.9
92.3
89.7
89.5
88.0
88.6
88.9
87.8
82.7
86.1
86.9
85.0
85.2
87.6
92.3
88.7
86.8
84.9
83.4
83.4
81.7
82.3
85.1
86.3
86.9
86.9
86.2
84.1
84.4
85.0
86.2
86.5
87.3
86.5
85.3
85.8
85.4
84.4
84.1
85.3
85.7
85.8
86.6
86.9
85.8
84.2
82.7
83.2
84.2
83.7
81.4
78.2
76.2
76.3
78.4
81.1
82.7
83.5
81.7
78.3
71.7
70.5
71.9
72.5
73.2
73.7
74.8
76.1
75.9
76.1
78.3
79.7
78.5
79.6
79.5
79.7
79.7
