value
37.6
39.9
42.7
40.2
39.3
42.6
45.0
50.0
51.2
51.4
40.3
36.6
32.5
31.5
31.1
39.5
44.8
46.1
47.2
48.3
49.7
50.7
51.3
54.4
54.4
54.5
54.7
48.2
46.2
48.0
51.0
52.9
55.0
58.8
56.2
55.4
59.1
55.3
54.2
46.0
47.4
45.3
44.3
47.4
53.7
55.5
54.0
54.5
56.6
52.2
48.7
45.3
46.2
48.9
48.3
46.1
48.4
48.1
49.5
56.4
61.4
69.0
64.2
60.8
63.3
57.9
53.1
49.3
57.7
57.7
62.4
66.7
70.0
72.0
75.3
74.2
68.9
69.7
70.6
68.5
67.0
58.2
54.6
61.0
67.1
69.1
68.7
69.8
72.6
71.8
66.9
67.8
70.0
72.5
73.7
72.7
73.6
67.0
58.1
60.4
65.7
70.6
75.4
75.5
75.6
61.8
55.9
57.0
61.3
70.4
72.3
79.6
71.9
67.2
70.8
75.1
77.5
80.8
85.6
86.0
78.3
68.1
72.6
76.8
77.9
70.5
68.7
65.5
68.9
73.7
80.5
83.6
88.0
91.5
85.8
85.1
78.6
76.4
79.9
76.2
78.4
83.6
77.7
77.8
80.4
80.0
81.1
81.6
80.3
84.6
87.6
87.2
88.4
92.5
91.0
91.4
95.2
96.1
98.4
98.3
93.8
86.8
95.2
91.9
89.3
89.8
88.8
89.8
91.7
87.7
86.1
87.7
87.9
92.3
84.7
84.5
92.5
96.1
99.9
103.3
103.9
104.9
103.8
102.7
103.9
100.9
96.5
96.2
96.3
97.4
99.0
92.5
85.2
89.0
94.7
96.6
96.1
94.6
96.3
98.8
91.8
86.3
85.8
88.8
92.1
98.3
96.9
91.4
86.8
85.3
92.9
94.5
96.0
91.6
91.0
93.4
94.1
93.6
91.5
89.5
88.9
89.2
88.3
89.4
91.0
90.9
93.2
96.5
98.3
93.9
81.3
91.7
94.3
94.5
87.8
84.5
82.7
75.2
77.1
88.3
89.3
85.7
85.5
83.1
88.4
87.2
90.9
85.0
90.5
84.6
79.1
81.9
76.8
76.5
73.0
80.2
83.9
84.5
88.5
90.0
86.2
83.1
82.0
84.9
74.9
75.0
77.2
82.2
70.5
66.2
67.9
71.2
75.1
77.2
80.4
77.1
65.7
63.8
67.0
69.6
71.8
67.3
57.5
61.1
64.7
68.9
64.2
63.7
63.4
62.3
65.3
66.1
67.6
68.7
69.0
68.9
69.8
70.8
70.4
70.3
68.2
56.8
55.9
56.9
59.9
61.3
63.8
60.6
54.6
52.8
57.7
59.0
59.4
60.4
62.0
65.1
67.6
64.8
66.6
59.8
58.0
57.0
59.0
57.7
58.3
47.5
46.7
48.4
50.2
52.8
54.0
52.7
51.7
52.8
52.6
52.3
53.4
47.0
35.2
34.0
40.2
39.9
34.6
34.4
38.6
42.9
44.8
48.4
48.1
51.0
53.0
52.9
52.8
51.8
49.6
52.0
49.5
50.8
53.2
49.5
51.1
51.5
51.6
46.8
48.0
