value
21.8
19.1
19.4
20.6
22.5
27.1
26.6
32.6
37.0
33.9
28.1
17.6
16.0
16.4
23.4
26.6
24.6
24.2
23.5
24.2
27.0
29.3
35.9
44.4
40.7
41.8
36.2
28.1
39.8
38.2
39.9
39.1
38.2
38.3
40.3
45.0
39.6
40.3
31.8
31.1
31.6
31.9
35.5
38.3
40.3
41.3
40.2
39.9
36.3
41.7
34.4
35.1
38.1
43.0
31.0
37.2
36.0
36.2
44.9
47.9
49.8
49.4
45.1
47.1
43.5
37.0
38.8
42.8
41.6
47.1
51.6
56.0
56.7
54.8
54.6
52.9
48.7
53.9
53.6
48.7
41.0
38.8
45.9
53.0
56.0
50.2
53.7
50.4
56.8
55.1
47.8
49.1
55.9
57.9
53.0
53.3
54.7
43.0
43.7
50.7
56.6
53.2
61.0
52.8
51.6
37.8
36.9
44.0
53.2
55.7
57.4
61.0
53.2
54.2
56.1
62.9
67.0
67.2
66.8
61.7
54.4
56.1
63.3
62.8
55.4
55.9
50.1
54.6
61.3
68.1
71.1
73.1
72.5
70.4
68.3
60.6
58.1
57.5
59.3
60.8
68.0
53.8
51.5
56.6
62.1
61.4
59.4
58.8
63.1
61.6
65.1
69.9
74.7
73.3
74.7
77.2
80.5
80.7
83.6
83.7
75.1
66.1
73.2
66.0
63.0
68.4
69.9
70.4
68.4
60.4
60.9
63.3
68.0
74.9
61.8
64.5
71.0
76.1
83.3
83.5
86.2
86.5
89.2
79.1
83.6
83.2
79.8
79.2
79.8
79.7
78.2
81.7
74.8
75.3
78.1
79.8
80.0
74.4
80.4
84.7
86.7
87.7
88.0
82.1
79.7
81.7
78.1
83.9
79.6
77.4
74.4
78.9
73.7
69.2
73.8
76.8
77.2
78.0
78.8
72.6
69.2
69.6
70.8
72.7
74.4
76.7
76.6
75.9
76.6
79.1
80.7
78.0
77.2
72.9
71.6
69.8
69.1
70.2
71.7
72.6
74.0
73.8
77.0
77.5
76.5
73.9
77.1
75.7
69.5
72.2
73.1
73.5
72.3
73.2
73.3
70.3
71.0
75.0
72.7
71.8
58.6
61.3
65.9
61.1
52.1
58.7
64.5
55.7
44.2
47.5
55.2
66.4
63.7
58.5
57.0
50.1
47.5
49.6
53.4
58.9
57.2
50.0
49.3
52.2
53.8
48.9
45.3
46.7
46.7
51.7
51.7
52.0
56.2
54.3
54.2
54.7
54.5
53.9
53.3
52.6
44.5
39.0
39.5
42.2
46.0
46.1
46.7
41.1
38.1
43.5
49.2
50.2
48.3
47.6
47.7
52.9
49.5
47.5
47.5
46.5
43.5
43.1
50.3
48.0
37.4
32.0
32.6
33.3
35.1
36.9
39.4
38.3
37.2
38.6
38.4
47.2
42.6
20.4
21.2
19.2
27.1
13.4
9.1
12.4
18.5
17.6
22.5
24.1
24.7
25.9
27.7
30.4
36.6
25.4
33.8
34.5
35.3
36.4
34.4
32.4
30.7
30.6
31.0
30.8
37.0
