value
29.4
16.9
5.5
25.8
32.8
28.7
31.2
21.5
26.3
38.7
29.5
38.8
41.0
44.9
33.2
29.8
31.6
18.7
29.0
38.4
22.0
17.7
6.8
4.1
10.1
12.9
14.8
20.8
28.5
44.5
45.6
24.3
19.2
21.8
21.7
20.1
27.6
18.8
21.9
21.9
6.1
26.8
36.4
34.0
31.7
37.8
30.9
22.3
15.9
27.0
30.1
21.9
25.1
34.1
34.9
32.4
34.8
36.5
37.3
34.2
31.8
25.8
27.4
31.9
33.8
35.2
31.8
34.4
35.5
43.0
49.4
38.5
28.3
27.9
30.0
27.3
26.5
29.8
28.7
25.1
26.8
32.4
34.8
35.4
37.2
38.4
40.8
43.2
42.2
41.4
42.2
30.7
32.4
37.3
45.3
36.7
42.5
49.5
55.5
50.6
41.9
34.8
41.5
42.1
32.3
52.9
53.5
51.5
61.0
48.3
38.9
44.1
43.3
49.8
51.6
46.5
48.3
55.0
57.6
58.1
61.7
64.5
62.8
62.4
61.1
60.0
60.4
65.8
61.9
63.8
65.6
54.7
44.9
45.8
47.7
64.0
59.5
58.9
56.8
64.3
72.1
68.5
71.0
56.2
44.9
49.0
43.3
56.6
63.4
71.9
77.1
79.4
77.9
66.6
59.3
62.1
63.7
57.2
60.5
65.8
61.8
63.4
64.6
57.8
62.2
66.4
63.6
68.4
62.0
60.5
63.6
70.6
73.4
74.9
79.0
73.5
75.1
75.8
74.7
73.2
73.3
71.4
73.2
79.2
81.1
82.0
80.2
78.2
77.4
76.8
77.2
76.8
73.1
72.6
78.8
82.2
81.5
82.9
85.1
85.3
80.6
73.2
73.9
75.2
72.3
62.9
67.1
63.5
71.0
72.4
67.9
69.6
69.3
70.6
71.0
67.4
65.8
65.4
70.9
75.1
75.2
72.1
65.6
68.9
69.9
63.3
63.4
65.2
66.8
66.4
69.3
70.5
72.9
75.0
70.7
65.2
64.8
70.0
73.4
73.7
72.7
74.0
74.7
74.2
74.9
68.4
68.4
65.5
56.7
59.7
65.8
56.0
67.3
80.8
72.2
65.3
56.3
55.2
58.3
50.0
52.4
58.7
61.5
65.7
61.3
51.9
51.6
55.4
56.9
53.2
56.5
57.8
59.4
59.4
62.5
61.1
59.1
59.8
57.4
64.9
56.2
49.6
50.0
56.7
55.4
59.3
56.7
61.1
59.1
62.4
58.0
50.6
53.7
51.7
53.4
42.7
42.8
42.3
41.7
46.9
41.4
37.2
39.7
44.5
63.4
49.0
40.0
31.5
36.4
50.7
55.2
40.2
35.3
44.5
42.4
35.6
28.2
35.7
41.0
45.8
49.0
58.6
39.7
29.5
29.7
41.1
38.7
21.8
21.0
31.1
35.2
28.3
23.5
21.2
32.4
34.3
33.7
30.9
39.8
43.9
34.0
28.4
30.3
31.8
25.1
19.8
21.8
11.4
19.8
21.6
4.3
15.5
29.2
35.2
43.8
37.4
42.7
30.0
16.1
25.2
26.6
33.5
32.9
29.0
14.8
