value
28.0
21.5
22.6
29.9
31.3
33.1
29.9
31.7
35.9
37.2
41.1
51.7
54.2
44.3
27.9
30.7
29.3
19.2
37.6
35.6
18.5
9.6
8.6
11.8
8.9
14.9
21.0
31.5
40.7
58.9
35.7
20.5
16.8
16.6
17.2
20.1
25.5
23.2
29.6
18.0
11.5
39.9
32.6
31.6
30.9
33.6
24.5
17.6
18.7
35.9
21.9
18.6
25.4
34.2
29.8
30.9
33.1
34.7
33.2
30.3
23.6
22.7
23.2
27.1
30.8
34.9
34.6
34.9
49.8
55.9
39.8
32.7
26.0
30.6
28.4
25.9
26.3
32.4
27.2
24.4
27.4
31.6
32.0
34.8
34.0
34.2
34.6
37.4
37.7
45.5
37.4
28.0
29.6
33.8
37.8
34.8
53.7
47.1
49.9
45.2
36.5
38.1
39.3
39.4
39.2
59.0
46.7
60.6
60.9
38.0
35.6
45.1
53.0
57.0
42.2
44.3
52.6
60.6
57.2
63.1
66.4
67.3
68.2
66.0
65.0
64.1
59.6
64.4
58.6
59.5
51.6
44.1
39.4
45.2
60.3
61.8
55.4
60.9
67.7
73.2
75.6
73.7
67.0
43.8
48.0
52.3
47.0
58.9
68.1
71.6
77.3
74.1
68.1
55.1
56.3
58.6
56.9
58.1
58.1
62.6
67.4
65.6
66.3
64.4
61.7
62.0
65.3
67.5
63.9
61.0
63.3
68.6
74.3
73.3
76.4
74.3
71.8
71.6
66.7
66.1
68.5
66.5
65.2
75.4
75.2
74.9
74.8
75.6
73.6
74.1
75.6
70.1
68.3
71.3
78.6
81.3
81.0
81.5
81.4
83.3
73.2
72.7
70.5
72.6
63.7
63.4
65.6
65.1
68.0
63.7
65.5
67.9
69.4
67.9
68.1
65.5
62.2
66.7
73.5
74.0
70.5
68.0
65.7
69.1
67.2
60.2
63.5
64.7
67.5
69.7
70.5
70.5
72.1
72.3
68.6
65.4
67.6
73.0
73.8
75.1
74.8
73.0
75.3
73.1
73.2
63.7
66.4
62.6
55.6
60.4
64.1
59.3
76.0
81.5
71.8
56.5
53.3
56.3
53.5
49.9
57.4
62.7
68.4
66.8
53.0
52.9
52.2
55.2
57.7
59.0
60.9
62.9
65.1
65.4
67.3
61.6
66.9
62.3
67.9
62.2
54.0
55.2
56.4
57.3
59.9
63.4
58.2
55.4
63.4
55.7
53.1
53.6
43.8
53.5
46.9
41.9
39.9
41.1
42.0
41.8
44.6
38.6
46.8
55.5
57.7
46.3
35.7
32.5
43.8
55.3
54.2
37.9
41.7
45.6
40.1
29.8
30.2
40.3
44.8
48.7
57.1
50.0
35.7
31.1
38.1
43.3
31.1
19.5
24.5
33.4
31.2
22.5
24.1
22.4
34.6
36.6
32.5
39.5
52.0
35.5
27.6
22.9
31.6
26.5
22.2
15.3
20.1
14.1
19.4
17.2
16.6
27.1
32.8
38.6
42.6
34.4
36.3
23.1
12.1
27.0
26.8
37.1
41.1
23.2
17.9
