value
39.5
28.8
29.7
35.1
37.6
39.5
42.4
41.3
43.6
46.0
40.1
44.0
44.1
48.6
39.4
35.4
40.3
31.7
37.5
46.9
31.5
24.7
16.1
18.6
18.6
21.6
25.7
32.4
39.0
43.6
49.9
30.8
25.3
27.0
28.3
29.4
33.4
30.1
33.0
30.0
24.1
37.9
42.6
38.8
38.7
42.6
38.3
30.1
24.5
38.2
35.6
29.1
29.9
36.8
39.1
37.7
39.0
39.9
45.5
38.2
37.1
33.3
33.5
37.9
40.8
37.1
34.4
43.2
41.2
44.5
50.4
45.4
36.8
37.0
38.3
34.1
33.0
36.5
39.5
36.4
34.9
39.3
39.6
39.2
38.9
44.3
43.8
47.0
48.1
47.6
49.9
39.3
39.8
40.6
48.4
43.9
46.2
55.9
63.2
62.8
56.4
45.1
46.6
51.8
47.9
53.1
61.0
56.4
59.2
56.4
46.5
47.5
45.9
52.8
55.6
57.6
57.6
58.5
55.7
56.6
56.7
58.1
57.0
55.2
52.1
54.4
55.9
60.1
58.2
67.7
64.6
64.3
53.4
52.1
58.9
69.8
66.9
62.2
58.3
64.9
75.4
69.6
70.4
60.8
49.7
56.2
59.2
63.9
65.8
82.5
84.8
82.6
79.6
74.2
67.6
67.1
65.4
62.3
66.1
72.9
67.7
70.8
71.6
68.4
61.6
71.2
75.4
77.8
73.1
68.6
71.4
73.0
73.7
72.4
82.3
83.1
82.9
78.3
78.8
77.8
77.7
74.8
76.1
78.5
82.0
84.4
87.0
88.8
83.7
82.6
82.0
82.3
75.4
71.4
80.2
87.2
86.5
87.4
89.3
92.5
89.2
82.2
77.1
80.0
79.9
68.0
71.5
74.2
74.8
77.3
75.9
76.1
73.5
75.5
76.4
74.6
71.5
73.9
74.4
75.0
78.2
78.3
74.8
74.8
74.0
69.5
69.8
72.6
73.6
72.5
73.5
77.5
81.1
77.5
76.2
71.5
73.8
75.3
78.3
78.0
74.6
75.4
78.5
79.6
76.9
76.2
73.3
74.3
64.8
68.3
73.9
65.9
74.8
83.6
80.6
71.3
61.6
61.5
65.8
58.2
61.8
65.0
68.1
67.4
66.3
58.5
59.1
64.1
63.9
61.5
64.6
64.4
64.0
69.4
74.0
72.3
74.2
68.0
66.5
70.5
61.5
59.6
59.2
63.9
65.5
60.6
58.0
60.6
60.1
64.8
64.2
59.3
59.3
59.3
59.6
52.8
48.4
47.4
49.5
53.0
53.0
50.5
52.9
59.3
65.9
61.5
50.9
39.5
46.8
53.2
57.3
46.0
44.3
50.1
48.6
43.9
34.0
41.0
49.1
51.9
52.6
60.3
48.3
38.0
41.6
52.4
47.4
29.4
27.9
36.0
48.0
34.1
34.1
31.3
41.1
44.2
44.0
43.8
48.6
50.5
38.2
32.1
34.5
36.0
30.7
27.6
28.2
28.6
33.7
31.0
27.2
28.6
36.6
45.2
53.6
58.4
58.5
39.2
25.6
31.7
35.6
42.4
45.2
40.5
26.0
