value
28.3
17.6
19.3
30.3
32.6
33.6
30.9
31.0
33.4
38.8
39.0
48.3
55.8
53.0
29.6
31.8
29.3
18.9
37.5
37.9
19.5
12.4
9.8
10.7
11.4
13.2
19.6
29.3
39.0
57.8
39.4
21.3
18.1
18.9
19.7
20.9
25.7
22.4
31.1
19.7
9.7
38.8
34.4
32.6
30.7
36.3
25.9
18.4
17.6
34.5
24.6
18.4
25.7
35.0
31.5
33.0
33.9
34.6
34.7
33.5
25.4
23.4
25.3
28.0
31.0
35.5
34.9
34.1
45.2
54.3
44.2
34.5
25.5
30.8
28.3
24.4
24.6
33.5
28.4
24.9
28.6
32.7
32.8
35.4
31.8
37.6
37.6
41.7
40.8
43.5
39.5
28.1
30.8
36.0
39.7
34.3
54.2
47.1
50.5
44.1
36.7
40.7
42.9
40.9
37.6
60.8
46.6
58.0
64.4
40.2
35.0
43.4
51.6
58.2
43.8
45.8
50.9
59.6
57.7
63.3
66.9
66.6
66.0
64.5
63.2
62.5
59.9
64.0
62.7
62.4
56.9
46.7
41.9
44.5
59.0
64.7
55.2
57.4
66.5
72.4
74.2
72.2
71.7
45.3
49.4
53.1
47.5
57.4
69.9
75.5
78.4
78.1
71.3
58.8
57.2
58.0
57.4
58.8
58.9
63.8
65.9
65.5
64.7
64.1
62.4
65.1
66.2
69.9
63.1
60.6
60.3
66.0
73.2
76.6
78.5
76.1
76.1
73.6
66.5
66.6
69.5
67.5
66.7
72.9
75.4
77.0
76.3
77.8
76.3
75.6
77.8
72.0
69.0
70.6
77.9
80.3
79.8
81.6
83.3
84.0
73.5
70.8
70.2
74.6
65.2
61.9
64.3
64.1
69.0
64.2
66.2
67.4
69.8
67.3
68.5
66.2
63.2
65.6
73.1
74.4
72.8
67.2
64.2
68.4
68.1
61.2
61.9
64.0
66.5
68.3
70.5
71.2
73.2
73.9
68.2
63.9
66.4
71.1
73.6
75.1
73.5
73.2
75.8
72.9
73.8
65.1
65.6
62.3
55.6
59.0
63.1
57.7
76.2
82.4
72.5
57.8
53.4
54.6
53.5
49.3
55.9
61.5
67.3
67.4
54.2
52.8
50.6
53.0
54.7
55.3
57.8
60.7
63.9
66.5
67.8
60.1
63.2
61.7
67.5
65.1
53.4
52.2
52.4
53.6
55.5
60.9
59.2
53.7
62.4
56.7
53.8
54.9
44.3
54.1
49.7
40.4
39.3
40.9
42.4
43.0
42.9
34.9
44.4
52.7
60.2
47.9
36.3
32.7
44.3
54.9
58.1
39.3
40.2
46.1
39.5
29.8
28.1
39.6
45.1
49.5
55.4
52.3
37.0
29.7
37.2
43.4
32.7
20.1
24.9
34.5
33.0
23.1
23.5
17.6
34.4
37.1
34.4
36.8
51.3
37.5
30.0
24.7
33.2
28.7
22.2
15.3
20.1
13.6
21.2
18.8
12.0
27.6
34.4
39.7
41.3
34.5
38.9
24.0
12.6
27.5
27.3
37.2
40.2
24.3
18.7
