value
28.8
20.5
8.4
30.8
33.0
33.4
29.6
22.9
29.7
37.9
33.5
41.3
47.0
52.5
31.9
30.7
31.1
19.1
36.7
40.0
21.4
14.9
6.0
1.4
10.7
9.1
16.3
23.1
33.9
52.2
42.5
22.0
18.3
14.8
19.9
16.2
23.5
16.3
25.4
19.5
11.0
35.7
35.2
33.2
31.0
37.8
27.2
16.8
16.6
28.4
26.7
18.8
23.6
35.3
32.6
33.5
30.5
36.9
36.3
33.7
26.3
23.1
25.2
29.4
31.7
36.8
32.0
33.8
40.8
51.3
46.8
36.5
25.9
30.4
27.9
25.5
25.4
31.1
29.4
27.3
28.4
32.2
34.5
34.3
36.6
38.2
39.5
41.4
41.1
41.7
40.4
28.3
29.4
37.3
41.9
34.9
49.5
47.3
53.2
48.4
39.9
37.0
42.8
40.9
34.5
58.8
47.5
53.8
65.9
42.2
36.7
42.8
49.8
55.6
47.4
46.4
47.5
57.1
56.1
59.9
63.2
65.1
64.2
61.8
62.9
63.2
60.4
62.4
61.6
62.1
59.7
50.0
42.9
45.6
52.1
64.9
55.6
56.4
62.1
68.8
73.3
71.8
73.4
48.2
48.5
52.8
49.9
54.4
66.9
73.4
78.6
78.4
74.7
60.1
56.8
60.3
58.3
58.6
60.1
66.7
64.2
63.1
63.3
60.4
61.7
64.3
65.1
70.6
64.2
59.9
61.6
67.4
75.0
79.3
77.6
76.3
75.6
73.8
69.3
68.6
72.0
71.0
73.6
77.5
78.4
79.0
78.1
80.2
76.3
76.0
78.1
73.6
70.4
71.8
78.5
81.7
80.7
81.1
83.6
85.6
74.1
71.0
71.9
74.6
67.5
62.3
66.4
61.7
70.5
65.5
66.7
68.4
70.3
68.5
68.4
67.2
65.1
64.5
71.4
76.4
73.8
68.9
64.7
68.4
69.4
62.2
63.9
65.3
66.3
68.0
71.1
71.5
73.7
74.3
68.9
64.7
67.2
72.9
72.7
75.3
73.9
73.3
75.4
74.8
73.1
66.7
67.9
64.8
57.1
61.1
62.8
57.7
74.6
83.8
72.8
59.8
52.7
54.2
56.1
48.8
55.7
60.3
64.8
67.5
56.2
50.3
51.1
54.1
56.2
56.2
57.6
59.9
60.4
62.6
64.9
60.2
60.2
63.1
61.4
66.6
55.0
51.7
50.8
54.3
55.4
59.3
59.6
58.3
61.5
58.8
55.0
55.1
48.7
55.1
52.8
44.1
41.6
41.5
43.5
44.5
44.9
34.4
41.6
49.8
63.0
50.2
35.2
31.4
42.8
54.3
59.4
37.6
40.1
46.6
40.6
32.7
29.0
38.6
46.3
48.2
53.5
55.0
36.8
29.0
34.5
43.6
35.9
21.0
24.1
33.5
34.3
25.0
22.9
17.5
34.3
34.9
36.2
33.0
48.0
39.0
31.1
28.6
33.7
31.6
24.5
18.2
20.6
11.1
19.9
18.9
8.4
21.9
34.0
38.5
50.2
36.4
39.3
24.6
11.5
25.0
27.9
34.5
32.6
26.2
17.5
