value
65.4
67.0
62.4
63.3
65.4
67.4
65.8
66.9
70.8
72.0
71.4
71.4
70.8
70.6
66.1
64.7
65.1
63.1
66.5
66.3
66.5
70.9
70.0
70.9
68.9
67.0
67.6
68.0
70.2
69.6
68.9
69.8
70.6
72.2
68.8
61.1
63.2
64.0
66.7
66.1
66.4
68.1
67.6
67.0
66.7
67.6
67.3
66.7
70.0
70.0
67.8
68.3
69.1
68.0
66.9
67.8
68.3
67.8
68.6
67.6
67.4
69.3
67.1
64.5
67.5
68.7
67.6
68.2
66.7
69.1
67.7
67.2
68.6
68.4
69.8
70.4
70.0
63.9
63.1
63.3
64.2
62.8
63.8
64.6
65.5
66.4
66.0
67.5
67.8
68.7
66.4
68.1
67.3
62.8
60.4
58.6
55.8
57.1
59.6
59.5
62.4
63.0
60.8
64.3
64.8
67.7
65.7
61.9
64.9
66.1
64.9
61.3
62.7
62.8
64.8
64.2
64.2
64.2
65.1
63.2
61.3
62.2
63.7
59.2
58.3
57.8
56.6
57.0
55.2
53.8
53.3
54.1
55.9
57.3
57.6
61.8
61.9
60.0
59.5
57.6
56.5
57.4
56.4
55.6
60.6
59.1
54.6
44.8
49.4
51.7
55.7
55.0
52.2
56.1
58.5
55.5
53.3
53.4
57.1
51.4
52.4
56.7
58.3
57.9
55.8
59.8
58.8
60.0
58.0
53.8
48.9
52.3
50.8
46.3
53.6
51.4
52.2
48.4
45.4
49.1
50.2
51.6
52.2
55.2
56.3
58.1
55.9
55.5
50.7
51.2
47.4
47.2
48.7
51.7
47.7
45.5
47.9
54.3
54.1
53.6
54.8
50.3
51.8
53.5
55.3
54.5
55.2
50.7
52.5
49.0
52.1
55.7
57.4
56.8
56.4
56.5
56.2
55.1
55.5
54.6
56.0
57.3
54.3
54.2
57.5
54.9
53.2
53.3
54.0
53.2
54.2
54.9
54.9
52.5
51.1
56.0
53.1
56.0
53.2
55.2
49.8
49.6
51.2
51.8
51.1
52.6
49.6
49.3
54.6
57.6
56.6
55.3
56.8
62.1
58.2
56.0
53.5
51.7
54.6
50.8
52.2
57.9
61.6
60.4
60.1
59.1
58.3
58.7
59.4
60.6
58.0
58.6
57.4
55.5
57.6
56.1
60.8
60.1
59.8
57.6
58.6
54.9
58.6
59.3
57.6
59.1
63.1
55.0
58.8
57.5
61.3
57.4
58.7
57.7
61.3
62.1
62.5
60.0
57.4
59.0
56.8
56.8
60.7
62.4
58.0
58.0
58.2
61.4
59.2
58.6
58.2
61.0
61.9
61.3
62.0
60.9
58.6
59.2
61.2
63.9
64.1
65.3
65.4
65.0
65.1
66.8
68.0
65.8
67.8
68.1
65.2
64.7
66.6
65.1
60.9
63.9
66.2
65.1
66.9
66.9
64.5
63.8
63.7
62.6
63.2
65.7
67.6
68.8
67.9
69.8
66.4
65.1
63.6
65.1
65.0
63.0
64.4
67.0
63.7
63.3
64.9
65.8
66.4
66.1
62.3
