value
30.0
18.5
16.2
27.6
25.7
34.2
30.6
28.6
37.4
34.3
45.1
53.5
61.0
45.0
27.5
31.4
33.4
26.4
38.6
35.8
20.1
8.4
7.5
14.8
14.0
21.3
20.7
36.2
51.3
58.9
31.5
16.1
15.0
20.1
18.6
25.0
26.8
28.9
34.7
26.9
24.0
45.0
33.6
30.1
29.8
34.7
25.5
17.4
21.8
37.2
18.7
20.1
26.8
36.2
29.0
32.0
33.4
38.5
33.3
29.8
26.1
24.4
24.3
29.3
37.1
34.1
31.6
35.1
52.9
55.5
39.0
30.9
28.7
34.8
35.9
30.8
32.9
34.5
28.8
21.3
28.0
32.6
30.6
33.7
32.5
36.0
37.9
41.0
41.5
46.0
41.1
31.4
32.5
34.5
42.8
38.4
60.2
54.0
65.6
67.8
52.5
51.1
41.7
41.6
53.5
62.2
54.8
68.4
62.0
39.6
38.4
48.0
56.5
54.9
40.8
45.4
55.2
56.6
58.2
61.3
65.6
66.6
66.0
62.1
62.2
62.4
61.5
63.6
65.3
65.9
53.3
45.6
43.2
48.5
67.4
70.8
66.1
67.9
71.7
73.3
76.0
75.9
67.9
43.9
44.9
51.4
49.8
64.8
77.2
76.9
77.2
73.5
72.1
61.8
58.1
63.1
64.6
58.0
61.8
67.9
70.4
69.4
74.0
69.0
63.4
64.6
69.1
69.4
69.1
63.4
66.8
72.6
76.5
75.5
77.9
78.3
72.8
73.1
71.3
68.8
70.4
69.5
70.9
76.4
73.3
72.8
75.2
73.2
73.8
75.2
74.6
70.5
67.7
72.8
78.0
82.1
81.7
82.3
83.0
82.5
74.5
75.6
71.2
69.9
66.7
62.6
67.6
68.3
64.4
64.1
66.4
67.6
71.9
66.7
71.1
66.3
64.9
69.0
71.5
74.7
72.4
70.1
70.7
71.7
71.2
58.9
60.6
64.6
66.0
66.5
70.2
71.8
73.9
72.8
74.1
67.3
70.4
73.6
75.0
76.7
75.3
75.5
77.5
75.4
73.7
63.0
63.6
66.5
60.3
66.0
70.8
66.2
80.2
81.5
71.9
58.5
55.7
56.9
61.1
54.6
60.4
66.7
71.4
68.2
55.9
54.0
53.1
56.8
60.7
59.4
62.5
62.9
63.5
64.8
68.2
69.4
69.6
69.6
72.1
55.8
55.5
55.8
55.3
58.3
62.4
64.7
59.8
54.7
62.1
49.0
50.5
48.3
42.2
50.5
46.3
39.7
37.7
37.5
39.0
43.6
41.1
43.3
51.7
60.3
55.5
48.1
44.0
35.0
48.1
53.4
55.0
37.3
40.5
46.7
38.8
30.9
29.6
34.5
43.3
48.9
56.7
48.4
36.6
32.5
39.0
46.0
31.8
20.4
21.7
31.6
29.1
22.5
27.1
29.6
36.2
37.6
38.1
48.4
56.3
32.5
24.8
19.8
30.7
23.6
20.2
15.2
20.5
27.7
27.2
16.7
24.7
25.7
34.1
44.5
53.0
55.6
38.7
22.3
17.1
29.2
33.4
40.4
41.3
27.0
20.5
