value
32.6
25.1
24.0
31.8
30.4
35.5
29.4
34.8
44.8
38.1
52.4
57.3
60.5
33.8
27.0
32.1
33.4
28.7
41.5
39.1
25.1
13.1
16.5
20.7
21.3
24.9
26.7
44.5
56.5
58.8
30.0
15.0
20.1
23.9
23.9
33.1
35.2
39.5
41.5
32.0
32.9
48.7
38.7
33.9
37.1
36.9
25.6
21.9
35.6
39.1
24.5
24.5
34.6
36.4
33.0
34.2
41.2
38.9
33.8
34.0
28.9
28.6
27.8
37.6
30.6
32.2
34.7
39.1
55.9
52.1
37.9
32.2
30.3
39.2
50.7
36.7
39.7
38.2
33.9
25.3
29.3
40.8
38.1
32.5
32.7
35.8
38.2
41.5
47.7
49.6
44.5
36.8
38.2
42.6
46.0
51.3
62.9
61.8
67.2
73.0
66.5
49.8
45.3
53.0
59.7
65.9
63.3
70.8
55.3
41.9
44.7
53.6
59.8
55.1
44.1
49.4
54.7
59.0
58.3
61.7
69.6
68.1
67.1
64.5
54.7
57.0
58.4
63.4
66.8
64.6
55.5
48.7
50.2
59.0
76.1
70.7
66.9
69.2
71.1
74.9
74.8
69.5
65.2
56.4
55.3
61.3
63.0
74.6
75.8
76.7
74.5
72.8
71.5
64.8
64.8
69.1
68.6
67.6
68.1
71.4
69.5
72.0
78.4
78.4
69.5
72.0
72.3
73.9
73.6
70.0
73.9
76.2
76.0
68.5
75.1
77.4
75.3
73.0
77.5
68.6
70.6
70.3
70.7
72.9
70.6
69.8
71.4
70.8
75.7
80.2
80.2
74.4
71.6
74.7
79.0
81.1
82.2
83.3
84.2
81.0
79.5
76.6
74.2
76.2
70.9
69.1
69.8
69.4
64.4
67.2
69.1
69.7
73.5
69.7
73.4
70.9
69.0
73.2
75.4
76.3
75.1
76.6
77.5
73.8
74.1
63.4
64.6
68.2
71.6
72.5
73.5
75.4
76.4
75.5
74.0
75.7
75.2
74.6
78.6
81.8
80.6
77.6
78.8
73.7
77.0
69.1
67.9
70.7
71.3
71.4
76.5
79.0
80.7
78.0
75.6
63.8
59.0
62.8
65.9
64.1
66.9
69.1
72.8
67.2
59.7
58.6
59.7
65.5
63.4
66.9
66.8
62.7
64.6
66.8
67.2
71.3
72.1
71.7
66.7
53.5
54.3
59.4
59.9
61.9
64.3
63.6
59.4
63.4
63.2
50.0
51.2
48.4
38.6
52.1
46.7
43.9
39.9
37.8
38.6
46.8
46.6
48.8
57.2
63.3
58.3
51.0
44.9
46.1
54.2
56.3
50.4
40.3
46.1
48.6
41.8
35.0
29.2
37.0
44.6
49.9
60.5
50.0
37.3
37.3
46.9
51.3
35.5
22.8
26.9
33.4
29.6
24.3
28.0
34.7
44.7
45.6
45.8
52.0
55.0
30.5
24.9
23.2
30.4
23.4
22.1
17.3
25.2
35.4
30.1
30.4
32.1
29.6
43.1
54.0
60.6
57.2
35.2
21.2
23.4
34.7
35.0
40.7
40.6
29.3
26.3
