value
28.8
18.2
19.0
26.9
27.0
35.0
31.8
32.4
39.5
34.7
46.6
54.3
54.3
37.6
27.7
30.9
33.9
27.1
40.9
34.6
20.1
9.5
9.9
16.6
15.0
21.3
21.2
37.8
49.7
58.7
31.7
16.5
16.2
19.5
19.3
24.8
26.3
29.9
35.1
26.0
24.0
44.0
33.0
29.4
31.8
32.8
24.9
19.9
21.7
37.2
19.0
20.1
26.4
34.3
29.9
31.2
32.9
39.0
33.1
30.0
25.7
24.2
23.9
27.3
33.8
33.1
30.4
33.7
53.2
55.3
37.7
30.8
30.2
34.9
33.1
29.6
32.3
33.2
28.1
22.3
28.1
29.8
30.3
32.2
32.8
36.2
38.1
41.2
41.0
46.9
39.8
32.5
33.0
35.4
40.5
39.3
58.9
53.7
62.4
53.3
42.5
43.4
40.9
41.7
53.1
59.5
49.9
66.3
58.1
38.7
38.6
47.3
57.8
52.4
41.0
44.4
52.6
54.1
59.9
62.2
67.8
68.9
68.3
65.0
64.9
63.8
63.6
63.5
65.8
66.6
51.0
45.1
43.3
50.1
70.0
69.1
65.2
65.4
71.5
74.4
78.1
77.1
65.5
44.3
46.8
51.5
49.1
65.3
78.4
77.5
78.1
73.3
71.0
58.9
56.8
62.3
60.3
56.7
60.8
67.3
70.9
69.9
73.0
68.7
64.2
65.2
71.8
73.0
68.5
64.6
66.6
73.6
78.7
77.1
79.8
79.6
74.2
73.8
71.2
67.8
69.8
69.7
69.1
74.2
75.7
73.8
76.3
74.4
74.2
76.2
75.5
71.4
70.0
73.8
78.5
82.4
82.9
83.9
84.4
85.1
76.1
76.0
72.0
72.9
67.5
65.2
68.2
69.2
65.0
63.5
66.6
70.8
72.1
66.7
71.1
67.3
66.4
69.7
72.3
75.1
71.7
69.3
72.1
71.5
69.4
63.7
62.4
65.2
67.5
68.8
70.3
72.7
75.0
74.9
75.4
69.4
70.7
76.4
77.1
76.5
76.2
76.1
77.5
75.4
74.0
66.4
64.9
68.3
61.8
66.9
71.3
66.7
83.7
83.7
74.3
61.2
57.9
58.1
62.4
57.6
62.4
68.6
73.9
67.5
57.9
55.8
53.4
58.1
60.2
60.4
64.8
64.7
63.9
65.8
68.2
69.5
72.4
71.0
73.2
56.5
56.7
57.7
55.7
57.2
62.5
65.4
58.4
55.1
64.2
50.7
53.2
48.7
42.6
55.7
45.9
42.5
39.7
39.6
41.8
42.9
44.7
45.2
51.6
62.7
56.7
48.1
44.8
38.4
50.3
56.6
53.2
40.1
43.1
48.6
41.0
33.6
32.3
38.2
46.7
50.0
60.3
48.6
37.9
35.5
42.3
46.9
33.7
23.3
25.1
34.2
31.0
25.5
28.6
32.0
39.6
37.7
39.9
50.2
56.8
34.2
26.4
23.8
32.2
24.3
21.7
16.6
22.6
28.9
26.8
15.8
24.5
26.2
35.7
47.0
50.1
49.7
36.9
22.8
20.4
29.6
34.2
44.0
43.1
25.7
20.5
