value
31.8
19.8
19.4
29.8
26.4
35.1
30.6
31.8
39.7
34.6
49.8
55.6
62.0
43.7
28.6
33.3
34.3
28.3
40.1
37.7
23.4
11.5
15.1
18.2
19.0
25.6
23.2
40.0
54.6
60.1
32.0
15.5
17.4
23.7
21.7
29.1
32.1
34.3
38.8
28.5
29.3
48.0
38.3
33.2
32.6
35.1
26.3
19.8
28.9
38.6
21.5
23.4
31.7
37.5
31.3
34.0
37.9
40.6
34.6
33.5
28.2
26.6
28.7
35.6
35.9
35.7
37.3
39.9
56.4
56.3
39.2
33.0
31.2
37.7
45.3
34.9
39.1
38.2
33.6
24.7
30.9
35.4
35.4
33.6
33.9
37.8
39.4
41.2
43.2
48.2
44.1
35.3
36.6
38.9
44.7
44.7
62.9
62.7
68.0
72.9
62.0
52.6
45.7
47.9
58.0
65.7
59.0
70.0
60.9
41.6
42.1
52.6
59.9
58.0
43.9
47.7
55.7
59.3
59.5
61.5
69.1
68.5
68.2
65.0
63.5
63.4
59.3
63.0
66.6
67.1
56.1
48.1
48.0
55.0
75.6
73.6
68.8
70.7
72.0
74.7
78.1
75.1
68.8
51.6
52.0
57.1
56.6
72.5
78.4
78.8
78.6
75.1
73.1
64.7
62.6
69.0
69.3
62.2
64.0
73.6
71.4
72.2
79.2
74.3
69.7
68.7
73.7
74.7
74.6
68.4
71.3
75.0
79.5
74.7
78.5
80.7
78.9
74.0
77.4
70.5
69.0
72.2
74.3
77.2
74.8
71.7
75.6
74.0
72.6
77.1
77.4
71.7
69.9
74.6
80.0
83.1
83.5
84.5
84.7
83.0
76.6
76.0
74.4
76.3
72.6
67.1
70.3
71.8
66.2
67.3
69.5
71.1
73.2
70.7
72.9
69.7
66.8
72.6
76.7
76.9
72.8
74.7
75.1
74.6
73.7
62.2
63.8
67.7
70.6
70.2
72.8
74.4
75.2
73.8
76.4
73.5
74.0
76.5
79.0
82.5
77.0
77.8
78.8
76.9
78.2
66.7
65.7
71.0
64.4
67.8
76.4
75.4
83.2
80.9
74.7
62.5
56.7
60.2
65.0
60.9
65.0
68.3
73.8
69.9
59.3
55.6
55.7
60.0
64.6
64.2
66.1
66.1
66.5
68.2
69.8
72.2
71.6
72.7
71.6
55.5
55.5
58.0
58.8
63.0
63.8
64.0
60.1
59.2
65.4
51.7
52.9
48.8
41.5
54.0
47.8
42.2
39.7
39.2
40.2
44.1
44.9
48.1
55.9
62.8
58.5
51.6
46.1
44.2
54.0
57.0
53.9
40.8
45.3
47.3
40.2
33.6
30.1
37.1
44.9
51.4
59.7
50.2
38.6
37.3
45.9
51.0
34.3
22.3
25.0
33.6
29.5
26.0
30.8
33.1
38.7
40.2
43.1
52.8
58.0
33.0
26.4
23.4
32.2
24.2
22.3
17.5
23.3
33.9
29.6
24.0
29.1
28.0
37.8
50.5
58.3
60.7
38.5
22.1
21.4
34.0
36.5
40.4
41.7
31.0
25.9
