value
29.9
18.3
19.6
26.7
27.1
33.2
28.0
32.9
39.5
34.3
49.3
55.4
57.1
32.3
26.3
30.8
33.3
26.8
40.8
34.1
20.8
9.5
14.0
16.0
18.7
24.2
23.2
41.1
54.2
58.3
28.3
12.1
18.7
21.5
22.0
28.0
32.7
35.9
38.2
28.0
28.8
45.1
35.8
31.0
35.8
32.6
22.5
18.9
31.3
36.5
19.6
22.3
30.6
33.5
30.0
31.7
36.9
39.0
33.4
33.0
26.9
27.0
28.2
34.0
30.6
32.7
32.4
36.5
54.5
51.6
35.9
30.0
29.2
36.7
42.6
33.2
37.1
34.4
30.6
23.8
29.1
35.8
32.5
30.6
31.1
34.7
37.1
40.4
43.9
49.5
41.9
33.0
34.7
39.3
46.0
45.7
63.2
61.8
66.9
71.7
60.1
47.6
43.0
48.7
57.1
63.0
56.6
70.0
54.8
39.0
39.9
50.2
59.0
52.0
43.0
46.2
54.4
57.7
57.8
60.2
67.7
65.8
65.9
63.6
60.6
59.0
58.1
63.3
65.8
64.3
53.5
44.9
48.5
58.6
76.1
72.0
68.5
68.3
70.7
75.2
76.2
71.7
64.3
53.4
54.6
59.4
60.3
75.5
77.1
78.2
76.3
72.9
70.7
59.8
61.5
66.7
65.2
63.4
63.5
71.8
70.3
72.0
78.1
73.7
67.6
70.3
72.8
74.4
75.6
67.8
71.0
75.7
78.2
73.3
75.5
78.9
76.7
74.9
74.8
67.8
68.7
68.6
71.6
74.8
71.6
71.3
73.1
70.8
76.8
80.5
78.9
72.4
69.5
73.2
78.4
82.0
82.9
83.5
83.9
83.2
77.7
75.0
74.8
76.3
68.3
64.9
69.3
69.8
63.6
66.1
68.8
69.8
71.6
70.2
73.4
68.6
68.3
71.0
76.2
76.7
73.4
75.1
74.9
74.6
72.2
60.1
61.5
64.9
67.9
69.8
72.2
74.4
74.7
73.6
73.2
70.8
74.6
76.6
78.5
82.0
75.6
76.7
79.8
75.0
75.2
65.2
67.6
70.2
65.2
71.0
77.1
76.8
83.6
81.5
75.6
60.1
55.1
60.8
62.6
59.5
66.9
70.4
74.2
67.3
57.1
55.9
56.7
61.3
62.8
63.9
65.9
63.6
63.6
66.8
69.1
69.7
71.8
71.6
66.7
52.8
54.5
57.2
58.9
62.7
64.2
63.3
56.6
58.3
63.3
48.9
51.9
47.2
41.0
54.2
44.4
39.6
39.5
38.6
39.4
44.4
46.0
45.7
54.6
62.4
56.0
49.7
45.3
45.0
53.0
55.2
48.4
39.3
47.2
45.7
40.8
31.4
28.6
37.4
45.0
50.0
60.3
47.8
36.4
35.4
45.5
49.5
32.0
21.1
25.0
33.0
28.4
26.2
28.9
32.9
42.7
38.9
40.5
50.3
52.6
28.7
22.8
21.2
29.6
21.4
20.7
13.8
23.2
33.5
26.3
22.4
26.7
25.0
39.3
51.0
55.8
54.5
34.0
18.7
21.2
31.6
36.3
41.1
41.3
27.9
24.0
