value
26.1
14.5
19.0
24.2
24.3
33.2
30.2
29.8
37.7
31.0
44.3
51.9
44.0
32.2
22.5
27.1
33.6
24.8
39.8
30.5
17.8
6.8
8.3
14.3
16.4
22.5
19.4
38.2
48.0
55.6
27.7
15.0
16.6
14.0
19.6
21.9
24.5
28.0
29.8
22.5
22.7
40.3
31.9
30.4
33.9
31.2
23.5
18.4
26.7
33.5
18.6
22.3
24.8
31.1
28.5
29.3
30.7
34.2
33.4
30.0
25.6
24.2
24.8
27.2
31.7
34.1
33.1
34.3
48.3
52.7
35.3
29.9
29.7
35.5
33.3
28.9
30.5
29.3
27.0
22.5
30.5
30.8
29.7
31.8
34.0
37.3
38.6
40.7
40.5
46.9
38.7
30.8
32.8
37.0
42.9
41.5
57.0
51.9
54.3
46.6
40.0
39.0
39.3
41.6
40.0
56.6
49.0
58.2
49.0
36.7
36.3
44.1
54.2
46.2
41.3
43.5
51.7
53.1
59.5
62.3
67.4
65.8
65.7
62.2
59.8
60.0
56.4
64.6
67.2
66.0
49.5
43.0
42.9
56.2
76.2
69.8
63.3
62.9
68.1
76.6
78.3
73.1
60.8
48.5
50.0
54.3
54.6
63.7
76.8
75.0
73.4
69.5
67.1
58.5
59.1
61.5
62.0
57.3
62.0
67.1
67.8
71.2
73.4
70.2
68.1
65.5
71.5
73.6
69.6
63.2
66.2
73.9
78.2
71.8
76.0
78.5
73.7
74.3
70.4
66.3
66.3
64.9
63.6
70.4
72.7
73.1
72.7
71.7
73.5
74.9
75.8
70.6
68.2
71.1
75.9
80.5
82.4
82.6
83.3
84.4
79.6
74.6
71.4
73.2
64.1
64.0
65.6
68.3
59.3
60.5
64.5
69.7
69.9
63.7
70.4
66.2
63.6
68.7
70.8
71.6
71.2
70.3
68.4
70.4
66.1
59.3
60.2
63.8
64.3
67.8
68.3
72.0
73.6
74.0
72.3
68.3
69.9
76.1
77.6
78.8
74.8
73.3
76.8
74.6
72.5
64.4
65.2
67.1
60.7
64.9
70.5
65.3
82.0
81.4
71.5
57.0
52.5
54.0
57.1
53.6
59.0
67.1
72.4
65.3
55.4
51.9
50.8
55.9
58.8
59.0
61.4
61.1
60.2
61.7
69.0
66.7
69.0
67.4
67.0
52.7
51.3
54.0
53.8
55.9
60.1
62.8
52.6
50.5
59.8
46.9
50.4
44.6
42.2
52.6
41.2
38.7
37.7
37.3
41.7
41.6
40.1
42.4
47.3
60.0
52.5
46.6
40.4
39.0
47.9
53.7
46.3
38.3
44.0
46.1
39.8
28.6
27.5
36.9
42.8
45.1
59.1
44.7
36.2
32.3
40.8
44.2
28.7
19.1
22.6
31.1
27.6
22.9
28.0
31.8
37.5
33.9
35.4
44.1
48.4
30.2
23.1
19.8
26.8
18.6
19.0
11.0
19.9
24.8
20.3
11.9
19.6
21.5
34.1
43.3
43.8
35.9
31.7
17.4
17.7
25.8
32.7
40.1
40.2
23.0
18.0
