value
28.0
19.5
16.7
27.1
26.6
33.5
31.2
29.6
38.4
34.1
42.6
52.8
59.5
46.7
27.6
30.8
32.7
24.9
38.5
35.1
19.9
8.3
7.6
12.1
11.1
19.3
18.8
34.4
49.6
58.0
32.9
16.6
14.1
19.9
18.3
23.4
25.6
25.7
32.6
23.7
20.6
43.1
32.4
28.2
29.0
34.1
24.0
18.2
18.8
36.6
18.8
18.7
23.9
34.5
28.6
30.1
32.3
37.1
32.8
29.2
24.0
24.1
24.8
25.4
36.5
34.3
31.6
34.9
51.5
56.3
39.8
31.0
28.6
33.1
32.5
28.7
30.0
32.9
28.2
21.6
25.9
27.3
29.1
33.1
31.3
34.6
35.9
40.4
39.6
45.8
39.2
30.2
30.3
32.7
41.3
35.2
58.2
50.9
61.6
66.7
48.5
51.1
40.8
40.0
49.3
60.6
54.2
68.8
63.5
38.9
36.1
46.5
53.9
55.1
40.5
43.3
52.6
55.1
55.6
60.7
63.7
64.7
63.6
60.6
61.0
59.9
58.5
62.4
62.9
64.1
52.0
44.4
40.9
43.1
64.0
67.5
62.9
64.8
69.1
71.8
76.5
76.3
68.1
43.3
44.1
49.4
43.0
61.6
76.1
76.9
77.3
73.9
71.7
59.0
54.7
60.6
63.8
57.1
60.0
63.0
69.4
67.1
69.7
65.8
60.8
61.9
67.8
71.4
67.3
62.1
64.2
68.2
75.0
75.1
78.3
76.7
70.6
70.5
69.3
66.5
68.2
67.6
69.7
74.9
73.0
71.9
74.3
73.8
72.7
73.6
72.5
68.4
67.0
69.8
75.4
78.9
78.5
79.9
80.8
81.5
73.0
72.2
69.8
69.6
64.0
61.2
64.9
63.4
63.7
62.3
63.6
65.2
69.5
65.2
69.5
63.9
61.2
65.4
68.0
71.8
70.7
66.9
68.7
67.8
68.5
58.1
59.0
62.0
64.8
64.8
68.9
69.8
70.3
72.0
72.3
65.1
67.3
73.6
73.5
73.0
74.2
73.3
77.3
72.3
72.7
62.6
62.6
64.8
57.1
62.3
69.2
62.1
77.9
81.2
71.8
58.2
53.8
53.5
59.9
52.2
56.2
64.2
66.6
66.0
54.9
52.1
50.1
55.2
58.2
58.9
59.2
60.0
62.4
63.4
66.9
64.1
69.0
68.5
72.0
56.5
53.5
52.5
53.7
55.9
59.7
63.6
58.9
54.9
61.4
51.2
50.7
47.9
40.2
51.6
46.2
38.8
35.8
37.5
39.0
40.4
42.7
42.6
48.9
58.9
56.4
46.9
39.5
32.3
44.6
52.7
54.5
36.5
38.8
47.0
39.3
30.9
28.9
35.0
43.7
48.3
56.4
48.8
35.7
32.5
37.0
46.2
30.9
20.0
20.3
31.3
28.5
21.4
26.1
26.2
35.0
36.1
35.2
45.2
55.4
32.7
25.0
20.7
31.0
24.7
20.6
14.8
20.6
26.0
28.5
16.6
23.3
25.4
33.3
45.4
52.7
57.1
37.4
23.0
17.1
27.9
30.3
40.6
41.1
24.6
18.9
