value
32.8
31.4
32.4
32.8
41.1
38.1
36.1
40.1
47.1
50.7
53.0
44.9
26.3
24.1
27.4
29.0
40.4
41.3
47.8
48.3
37.4
36.9
46.0
45.4
35.1
40.2
50.3
65.2
63.3
40.9
39.2
31.3
42.1
46.7
55.9
50.7
50.8
55.2
43.3
41.8
46.2
44.5
39.6
37.4
43.1
40.7
37.1
47.0
56.1
42.9
39.4
34.6
28.0
31.3
42.4
43.9
37.0
35.8
37.3
35.1
34.9
45.2
58.2
43.3
38.0
50.5
56.2
57.5
44.9
38.2
47.1
47.5
54.6
62.5
68.1
47.3
46.9
50.0
47.5
48.9
43.3
42.4
37.0
36.0
33.4
49.8
58.9
63.0
65.5
63.2
57.9
42.3
38.7
41.3
47.6
61.2
61.0
68.3
70.4
36.1
39.0
47.6
57.9
65.9
68.9
55.8
60.7
45.5
44.2
54.6
59.5
61.7
48.7
41.3
51.8
61.8
57.5
60.3
70.8
72.1
71.0
44.4
46.9
49.4
51.6
58.7
62.1
70.9
65.4
64.4
64.5
63.0
69.5
74.9
70.7
64.3
66.2
76.4
74.3
75.7
64.8
64.0
68.2
68.8
71.2
72.2
74.4
75.6
74.0
74.0
77.7
68.1
67.5
67.2
73.5
73.7
71.4
70.7
70.3
74.8
78.9
81.4
82.2
82.8
82.4
78.4
79.2
74.9
76.1
75.1
80.6
82.0
81.7
80.4
81.4
82.3
83.3
85.3
85.5
84.5
80.1
75.2
75.4
76.1
79.3
80.8
83.7
84.7
83.9
87.6
88.2
87.1
85.7
86.8
76.5
69.5
75.1
77.1
80.4
82.6
82.6
83.8
86.4
87.2
81.5
79.7
76.7
75.5
77.7
80.1
81.8
84.0
83.5
85.3
86.2
85.4
86.2
88.0
86.7
82.0
78.8
77.0
79.8
82.2
77.5
76.5
75.2
73.1
73.6
74.3
77.1
79.5
80.0
80.2
83.4
82.4
83.8
82.7
79.3
80.0
83.9
85.6
86.0
84.8
82.1
78.8
80.0
81.4
82.4
84.0
83.1
81.1
79.4
79.2
81.0
75.6
75.4
77.9
80.5
77.1
79.4
78.5
71.1
66.3
67.1
68.2
72.2
72.2
76.8
76.5
72.4
63.4
67.2
70.7
75.3
78.6
78.9
61.9
56.5
60.2
61.0
66.2
68.1
73.4
68.0
67.0
67.4
60.6
53.0
51.1
52.2
46.4
46.5
56.7
54.5
59.0
57.0
50.3
55.3
56.9
58.4
69.8
71.6
64.4
55.7
53.5
49.4
57.5
60.6
50.7
40.4
51.6
55.9
56.3
57.4
42.6
34.4
42.1
50.6
63.5
68.2
55.7
55.3
55.3
57.4
30.8
33.8
29.8
30.2
37.9
32.1
38.5
40.0
49.4
49.3
46.3
49.6
43.5
27.3
20.9
16.1
22.8
26.1
20.2
30.9
29.2
40.5
38.0
38.6
45.3
49.1
48.5
58.6
42.9
30.9
29.0
23.4
28.7
35.0
35.8
40.6
42.6
35.9
24.8
36.0
