value
33.6
26.0
32.6
33.0
40.9
36.0
35.6
43.5
47.8
52.2
54.1
48.9
26.1
21.6
26.3
29.8
38.1
42.4
51.4
45.4
34.7
32.1
41.5
42.5
38.0
42.5
50.7
65.4
64.6
40.3
34.3
26.7
38.8
46.0
55.7
46.6
49.9
54.7
40.8
40.8
43.7
42.7
39.0
38.8
46.8
40.4
33.9
44.4
58.9
39.7
36.6
33.8
29.4
29.7
40.9
42.8
36.4
36.6
36.5
36.4
34.3
42.5
57.6
45.0
35.7
47.6
53.3
58.8
49.2
36.7
45.4
43.0
54.6
66.7
67.4
45.8
46.3
47.5
42.5
40.8
40.6
41.6
36.8
33.4
29.4
46.5
58.3
62.4
62.0
61.5
53.1
42.0
41.7
45.6
53.1
64.7
64.0
66.4
72.6
46.8
41.1
47.4
56.2
67.8
68.6
54.0
62.0
54.5
44.8
55.2
60.7
61.4
52.4
42.3
52.6
58.3
53.8
60.8
72.6
75.5
73.8
51.9
44.9
46.0
49.3
53.2
56.0
68.9
67.7
65.0
62.8
58.4
66.3
78.5
73.7
67.2
68.1
76.5
77.0
77.6
65.8
64.7
64.3
66.3
73.2
76.4
74.6
78.5
76.6
71.8
77.8
73.1
64.8
65.2
72.8
73.4
71.2
69.0
72.1
77.3
82.7
86.2
86.0
84.2
84.1
82.7
78.0
72.7
75.0
78.0
82.0
85.6
84.5
83.1
84.8
84.3
86.4
89.2
87.0
82.2
75.9
73.4
73.3
74.0
76.3
77.2
81.6
82.8
85.2
88.5
91.0
88.6
86.9
85.9
81.8
74.3
78.0
81.7
84.8
86.2
86.4
79.0
85.0
89.6
81.7
80.3
77.5
70.8
75.5
78.2
80.5
82.6
81.0
82.8
82.4
79.9
84.7
88.2
87.4
80.1
78.1
74.9
79.5
78.8
76.8
74.2
72.4
73.0
72.5
73.1
76.2
77.7
80.2
82.7
81.2
81.5
83.0
84.2
82.2
83.5
86.6
88.2
90.3
87.1
80.3
75.2
77.0
80.5
81.1
84.9
87.9
86.1
85.1
82.4
83.7
78.1
73.2
77.8
78.4
73.0
80.4
80.2
70.6
64.7
65.9
67.7
71.6
69.2
74.7
78.7
72.3
61.2
64.9
73.4
76.9
78.1
79.4
63.4
57.4
59.1
61.0
63.3
65.8
71.2
68.4
66.2
63.5
61.0
52.3
53.3
49.1
46.0
52.0
55.5
53.5
53.4
50.7
46.6
54.4
52.9
58.5
67.0
69.5
65.4
58.2
52.7
49.2
57.6
58.2
52.1
39.4
53.1
57.5
56.2
58.7
40.1
33.4
42.4
51.0
61.3
69.8
51.6
53.3
53.0
55.7
34.1
34.0
26.9
32.2
37.9
28.7
37.7
41.3
47.9
46.7
49.6
49.2
47.0
27.9
20.5
14.5
24.0
25.2
21.6
28.2
28.1
36.8
37.0
33.9
49.7
45.8
47.2
57.7
46.6
30.4
30.1
25.5
23.1
33.8
34.2
41.5
44.6
37.6
23.1
35.1
