value
71.0
71.4
72.3
73.3
73.9
75.2
75.8
75.0
75.3
75.0
75.4
72.6
71.5
72.5
71.6
70.3
66.8
67.0
69.4
70.2
70.8
71.5
71.7
72.2
72.1
72.0
72.1
72.7
73.7
74.4
74.2
74.8
75.1
72.5
68.5
69.5
70.5
70.5
72.1
72.3
72.3
72.5
72.4
72.5
74.4
72.7
71.8
74.5
75.5
75.0
74.6
75.0
75.0
74.5
74.5
75.3
73.0
72.9
73.5
73.1
72.8
74.6
77.7
77.3
76.0
75.5
77.3
76.3
75.5
77.4
78.7
76.8
77.1
77.4
78.1
79.6
80.4
79.0
80.3
82.3
79.8
78.5
78.4
77.4
76.3
77.0
78.8
78.6
77.8
80.3
81.9
80.8
79.6
79.1
80.6
83.2
77.9
77.4
78.3
80.4
80.8
81.1
83.8
84.5
88.0
94.1
92.2
-99
93.8
92.3
90.9
88.6
83.8
79.9
83.0
79.9
78.1
78.3
80.7
81.1
80.7
82.4
87.8
92.5
91.2
92.7
91.0
91.8
90.3
88.4
88.8
89.4
92.4
99.9
100.0
98.3
96.6
94.7
87.6
86.8
86.9
88.2
94.9
91.9
88.9
87.9
86.5
86.0
86.1
87.7
88.4
87.6
87.5
85.5
84.9
85.9
85.4
88.2
88.3
86.8
87.9
90.5
91.3
89.0
90.2
90.4
94.9
91.4
91.3
89.2
89.8
88.8
89.8
91.1
91.6
89.7
86.3
85.0
87.0
88.3
88.2
87.8
88.7
89.2
89.6
88.8
88.8
89.0
89.1
87.2
87.4
87.9
86.2
84.0
82.5
81.5
84.4
83.1
82.4
84.0
83.2
82.8
83.6
85.6
85.0
84.8
85.0
83.5
82.9
84.4
86.0
86.7
87.2
86.5
85.2
82.7
82.5
82.2
81.1
80.1
80.6
82.9
82.9
82.7
84.3
87.9
86.5
84.0
85.4
86.9
88.1
88.0
88.2
87.1
86.7
86.8
86.3
85.8
86.4
84.9
84.8
85.3
85.3
84.0
84.9
85.6
84.1
82.3
82.6
83.3
83.1
81.3
82.3
82.5
82.6
84.7
85.7
86.5
88.4
90.5
84.5
84.0
88.3
89.8
85.5
86.5
92.5
90.0
89.6
88.6
90.5
90.5
88.7
89.9
87.2
87.0
92.7
92.4
90.8
91.2
87.3
86.1
86.3
87.5
87.5
86.3
85.4
86.7
86.8
87.6
86.6
87.2
88.9
90.2
88.7
85.9
83.8
84.1
85.5
86.0
85.3
87.1
86.0
84.7
83.6
83.3
84.1
84.5
83.9
82.4
82.2
82.2
80.9
80.3
80.0
80.7
81.9
81.4
79.5
78.6
79.3
79.8
79.4
78.5
76.5
75.3
76.5
76.9
76.6
76.9
77.0
77.0
76.9
76.8
78.5
79.0
77.5
77.3
77.0
77.5
79.5
78.6
77.5
78.6
78.1
77.3
76.7
79.3
80.2
78.3
75.6
75.2
75.2
75.4
73.4
72.3
71.0
69.5
70.2
69.8
-99
-99
70.5
69.0
67.5
