value
34.7
28.4
27.5
39.6
40.2
40.4
47.6
50.7
46.3
36.3
37.7
28.1
28.8
28.3
32.3
34.8
32.0
31.5
31.3
29.8
29.9
29.8
32.2
35.9
45.6
42.0
40.0
41.1
44.8
43.6
46.0
39.7
40.8
42.8
44.4
46.9
45.9
42.9
39.7
39.9
43.1
43.8
47.1
48.5
45.7
44.8
42.7
40.9
37.5
41.9
40.2
41.2
43.9
40.3
38.4
44.5
37.7
44.2
50.7
53.8
51.2
45.7
38.5
42.5
44.0
41.1
42.5
41.5
44.4
53.4
51.5
53.8
52.8
55.7
50.7
42.5
42.4
43.9
50.1
40.3
40.5
37.6
41.4
45.5
49.7
48.7
52.6
54.5
54.3
59.1
56.1
55.2
52.6
56.8
53.9
52.2
49.4
44.6
47.4
51.4
47.0
45.4
47.9
42.7
43.4
46.1
45.3
51.8
53.5
53.0
51.7
51.4
49.6
54.2
55.9
59.3
60.6
56.1
57.4
45.4
47.0
55.5
59.0
62.9
67.3
63.4
61.4
56.2
59.3
65.0
64.7
67.4
61.6
54.1
53.6
56.7
55.9
54.6
57.1
54.3
54.4
45.5
48.9
51.4
52.2
58.8
52.8
56.0
56.9
53.6
54.8
58.8
61.3
59.5
62.9
67.5
68.8
67.6
65.3
64.3
60.1
58.9
55.8
54.5
54.9
61.4
62.1
61.6
60.7
58.1
57.9
58.9
62.8
70.1
60.7
61.0
63.3
69.1
73.2
74.8
76.1
76.4
77.7
75.0
68.3
64.6
65.0
67.3
66.9
71.7
73.3
65.8
63.8
64.4
69.1
70.5
72.3
65.4
66.7
69.4
68.2
69.3
71.5
73.1
76.4
75.4
76.1
75.0
64.5
64.7
65.2
66.3
62.2
63.0
64.6
69.9
73.2
74.2
68.3
61.2
72.9
66.8
64.3
63.8
64.4
70.8
70.7
72.5
69.2
68.5
72.1
70.0
69.3
72.5
65.1
66.0
62.7
64.7
67.7
69.9
69.0
70.7
69.0
69.0
70.5
69.1
67.6
65.1
63.4
61.8
65.5
71.1
72.4
73.4
66.8
65.3
64.5
64.5
63.6
62.4
60.5
58.5
60.5
58.6
57.2
57.7
56.9
52.7
53.3
50.9
58.6
54.9
54.5
52.9
46.4
47.1
45.9
48.1
54.0
56.7
50.9
48.0
49.5
53.4
50.7
47.0
45.2
49.4
48.1
47.4
48.3
48.7
49.7
47.7
50.2
50.5
50.2
49.4
49.9
50.2
47.2
41.3
41.2
52.6
52.3
51.9
45.4
45.9
49.9
55.3
56.1
47.6
46.4
45.8
44.4
48.4
50.0
48.8
45.7
47.6
48.1
48.2
52.0
40.4
34.5
30.1
33.2
33.1
32.6
33.4
35.1
34.8
34.3
41.2
50.2
50.2
35.5
28.2
23.5
25.0
19.1
4.2
8.2
16.5
19.1
21.3
38.5
36.3
38.6
42.3
38.6
36.9
34.3
34.8
46.6
48.0
46.0
38.7
35.7
33.6
33.4
36.4
38.9
37.3
39.6
