value
35.3
32.5
31.8
32.8
34.4
37.9
39.2
43.0
43.7
35.4
36.1
30.0
28.2
25.6
29.0
29.0
29.1
27.0
28.6
29.2
30.9
32.4
42.7
45.9
45.8
44.2
38.6
39.6
42.3
40.3
41.0
39.6
35.9
34.7
35.7
37.8
41.2
42.9
38.8
36.1
40.7
36.9
39.8
42.3
46.2
45.0
46.5
41.6
38.9
38.8
40.3
40.8
41.4
41.0
35.3
42.3
38.6
40.4
48.9
51.6
48.3
49.8
42.2
46.7
45.3
40.1
40.3
42.3
44.6
49.6
51.8
52.7
53.6
53.3
53.1
47.1
43.0
51.7
54.6
43.4
40.6
38.7
44.9
50.9
52.0
53.1
55.2
55.8
58.5
60.7
54.1
56.0
55.2
60.6
53.9
52.9
50.8
43.2
47.5
53.6
49.1
51.2
55.7
45.2
46.7
43.1
46.0
50.7
56.5
53.8
55.0
57.2
57.7
59.3
61.5
63.6
66.0
63.1
61.1
53.2
52.0
64.0
65.9
66.7
67.6
62.8
61.6
64.7
64.1
72.2
75.2
73.3
68.1
60.9
61.9
58.5
57.4
57.2
58.2
61.1
62.9
46.0
50.0
55.3
54.0
60.5
61.4
59.1
61.9
57.8
58.5
65.9
68.6
65.8
71.4
74.5
75.9
77.4
75.5
76.2
69.2
63.6
56.8
59.7
60.4
68.0
70.4
68.0
64.2
57.9
58.2
62.0
66.6
76.1
62.2
62.7
62.6
70.8
78.8
81.8
81.5
84.9
85.8
87.6
79.3
72.2
71.5
74.3
76.3
80.6
83.7
79.7
73.0
72.1
76.4
80.1
80.8
75.8
77.9
78.6
79.5
80.0
80.2
79.8
84.1
84.7
86.3
85.6
74.3
72.8
72.9
75.9
67.4
63.5
71.2
76.0
78.2
79.4
80.9
68.1
72.2
71.4
65.2
73.2
74.1
76.6
75.5
78.9
77.9
76.7
78.1
77.4
80.4
77.4
67.4
71.2
68.8
68.8
69.0
72.5
75.3
73.3
75.6
75.6
72.1
70.7
68.5
68.3
62.0
68.5
72.7
75.2
77.3
79.2
80.8
78.0
77.7
76.0
67.0
65.1
57.3
61.7
64.1
57.1
57.2
59.0
59.2
52.2
52.2
51.0
60.3
60.6
56.9
54.4
48.1
51.4
50.7
55.0
57.5
55.8
49.0
50.1
51.0
50.0
48.9
48.2
48.7
51.4
51.3
52.1
54.1
54.5
57.1
55.0
56.5
56.1
54.0
53.7
52.3
50.5
51.0
44.4
48.2
50.6
49.9
51.2
44.7
43.3
45.6
50.3
51.7
46.5
42.8
43.1
43.3
49.0
54.3
47.9
43.0
46.5
46.3
41.8
45.9
49.6
36.6
30.4
35.2
36.8
36.1
36.4
36.9
39.0
37.5
42.6
43.5
46.0
36.0
29.5
24.3
28.1
28.7
14.1
13.1
16.9
19.7
22.7
34.3
32.1
30.1
30.3
29.8
29.3
32.5
32.1
37.8
40.7
40.1
42.8
35.3
32.4
30.7
29.9
29.9
30.5
33.5
