value
31.7
36.0
35.6
35.7
36.4
36.1
44.0
49.1
49.4
37.6
35.4
31.2
30.0
29.2
34.4
35.8
35.7
33.4
31.1
30.2
32.0
32.0
34.6
35.5
40.7
41.5
41.3
41.8
44.9
46.1
47.4
47.4
42.2
42.8
44.6
47.4
47.0
44.6
37.9
38.1
44.4
44.0
47.0
50.0
44.4
44.9
47.6
42.2
40.3
44.0
41.9
42.6
45.0
42.0
42.1
45.7
41.2
45.8
49.6
55.8
52.7
44.3
41.3
45.6
42.2
44.6
43.5
44.3
44.7
46.8
52.3
53.2
54.3
55.9
51.3
43.2
44.1
44.3
48.5
42.8
40.7
39.7
43.6
48.6
52.8
50.5
53.9
56.7
57.3
60.3
59.5
56.7
53.3
56.9
56.7
52.5
48.9
46.8
47.5
54.1
49.3
47.3
46.4
45.2
45.5
47.1
46.6
51.2
53.0
52.9
50.9
49.4
53.1
55.9
59.4
59.6
61.3
57.6
56.2
48.1
50.3
60.1
63.4
66.2
71.1
67.9
69.7
59.6
60.5
66.9
68.9
68.6
61.6
55.5
56.5
57.0
56.1
55.5
55.8
56.5
56.7
46.0
48.9
51.2
55.3
59.4
59.4
57.8
57.8
55.6
57.4
60.3
63.9
60.3
64.0
71.3
68.2
67.2
62.8
62.9
59.0
59.2
58.5
55.5
58.3
62.4
65.2
65.9
65.1
60.2
59.4
61.9
63.1
72.7
62.6
62.2
63.9
69.0
72.4
76.0
77.6
78.3
74.7
71.8
66.5
63.7
64.1
66.6
65.6
72.6
70.4
64.2
63.6
64.2
70.5
70.1
75.1
70.5
66.8
67.7
65.8
66.1
67.0
70.1
73.2
72.9
72.6
72.4
63.7
64.1
66.3
67.5
63.2
63.9
66.5
71.6
73.8
73.2
73.2
70.0
68.5
70.1
67.5
67.4
68.4
72.0
73.2
71.7
72.1
70.2
71.0
67.3
71.3
73.4
69.3
68.1
65.5
67.9
68.7
72.0
71.6
71.9
70.4
73.9
72.5
70.2
68.8
67.1
62.9
64.8
70.2
70.6
72.2
76.6
71.5
67.6
66.4
67.0
63.6
62.8
62.3
60.5
64.2
62.2
58.9
58.9
56.2
53.6
54.3
55.0
59.2
54.9
55.1
53.1
49.8
49.3
50.5
53.8
56.9
58.5
53.7
47.7
52.4
53.7
52.5
50.5
52.4
53.4
52.5
52.5
53.9
51.5
52.1
52.7
55.5
54.8
54.0
53.6
53.1
51.2
50.6
46.2
44.0
52.9
52.6
54.1
46.8
46.8
49.2
50.8
50.6
50.0
45.8
49.0
48.8
52.2
51.0
47.7
45.4
47.0
48.7
52.4
51.6
40.0
36.8
35.1
41.9
40.5
38.9
39.1
42.2
39.3
37.5
43.8
51.5
48.3
38.9
31.4
27.3
27.8
25.7
20.0
21.4
29.9
30.4
32.5
38.1
40.9
40.8
42.4
39.2
38.9
34.0
34.3
44.6
47.9
48.7
37.3
37.1
35.9
35.5
39.1
38.8
39.0
40.1
