value
32.8
32.5
31.4
42.3
37.5
38.2
47.3
49.9
47.4
36.5
33.3
27.0
27.9
27.4
34.7
34.9
33.5
30.9
29.3
30.1
29.3
29.5
32.8
36.3
46.1
42.6
39.4
41.1
44.8
45.5
47.4
46.6
38.7
41.2
43.3
46.8
45.9
44.2
37.4
38.8
42.3
43.7
47.1
49.9
46.8
47.0
44.8
41.5
38.6
42.6
41.3
40.7
44.1
41.0
39.7
44.8
39.5
45.3
51.2
55.0
52.0
43.5
39.4
43.0
43.4
43.6
41.9
43.7
44.8
49.7
50.7
53.4
54.0
55.2
50.8
41.7
41.9
44.1
49.7
41.9
40.0
40.3
42.5
47.6
48.4
49.8
53.1
55.8
55.8
61.6
58.2
55.7
51.7
57.1
55.4
52.2
48.8
45.3
46.9
53.9
48.0
46.9
46.4
43.7
43.9
46.9
46.9
52.2
53.7
51.5
50.1
51.5
52.6
56.2
58.8
61.0
61.1
57.1
56.0
45.9
48.7
60.1
63.6
67.5
68.9
65.3
64.6
56.0
60.6
66.5
67.6
66.7
61.0
55.1
54.4
56.5
54.9
53.9
56.9
54.7
53.9
45.0
49.2
51.4
54.8
57.8
55.7
56.4
57.0
54.3
57.0
60.0
63.2
60.0
64.2
70.5
70.5
67.8
64.1
64.6
59.8
58.6
57.1
55.6
56.3
63.4
62.4
63.1
61.0
56.8
57.7
61.9
64.3
72.6
61.2
60.9
63.9
69.6
73.1
75.4
77.6
78.1
77.7
74.4
67.1
65.5
64.8
67.9
66.6
74.1
73.2
65.3
64.4
64.5
71.1
71.1
73.5
68.4
67.7
68.6
67.5
68.1
70.2
74.8
76.3
77.2
75.7
73.4
64.4
64.9
65.5
67.6
63.1
64.1
66.5
73.3
74.6
75.7
72.5
66.8
73.4
71.8
64.4
65.7
65.5
71.5
72.3
72.4
70.0
69.2
72.9
69.0
71.1
74.2
67.2
67.1
64.8
66.8
67.6
70.2
70.3
70.9
71.0
70.9
70.9
70.7
68.9
66.4
63.0
62.6
69.8
70.6
72.7
76.7
68.6
67.2
66.3
65.6
64.2
63.8
61.8
59.4
62.2
59.9
58.5
58.8
56.5
53.5
54.2
56.4
-99
66.4
59.2
53.1
48.5
47.3
47.3
51.2
54.0
57.4
52.4
48.9
51.6
54.1
50.0
48.7
50.2
51.9
51.5
48.7
51.7
51.5
50.5
49.1
53.8
53.4
51.7
50.2
51.5
51.6
48.6
43.4
44.1
54.1
50.7
53.4
46.9
47.2
50.6
53.5
53.5
49.3
46.6
47.9
46.0
50.1
51.5
48.8
45.9
48.1
48.9
51.3
51.9
39.9
36.3
36.1
39.6
37.1
35.2
34.8
39.7
38.0
35.9
43.3
51.8
49.6
36.8
30.3
25.6
26.7
25.4
17.9
19.4
29.1
25.2
26.5
44.2
41.0
41.7
42.2
39.4
38.0
35.2
34.3
46.8
48.9
48.1
38.1
36.7
34.6
33.7
36.3
41.3
38.5
40.0
