value
31.6
34.5
39.3
47.5
46.5
42.7
34.3
29.0
38.0
38.2
34.7
28.0
26.0
27.8
29.5
31.3
29.2
25.5
23.8
28.7
32.7
31.9
26.1
28.8
25.2
19.5
16.3
27.2
35.1
51.2
49.0
44.5
40.2
36.5
39.4
42.4
35.9
34.8
32.7
30.5
29.4
27.0
28.8
31.4
31.3
31.8
35.5
34.3
33.6
34.7
32.9
27.8
24.7
29.8
31.6
33.6
36.5
37.5
39.2
38.0
36.8
37.0
37.7
42.3
51.0
54.5
49.9
46.3
45.0
44.0
37.9
39.5
28.2
29.9
29.2
32.0
33.7
41.0
43.7
42.4
33.7
30.8
24.7
26.3
25.5
27.7
32.1
36.0
37.4
33.6
35.6
35.9
33.3
38.5
40.2
39.9
38.4
40.6
47.6
49.1
52.6
51.9
54.3
54.1
54.3
57.0
60.4
62.9
57.9
53.7
57.2
59.8
62.4
62.0
64.5
68.2
69.4
62.4
58.1
64.5
63.3
58.1
59.4
60.2
61.8
63.2
64.3
64.5
66.2
63.4
54.9
55.0
53.7
58.3
62.8
64.9
63.1
62.6
65.9
59.4
58.5
58.0
52.0
52.6
51.1
53.6
50.6
57.9
60.1
51.9
49.7
56.2
54.0
51.9
53.1
56.7
59.0
63.7
67.7
70.3
66.7
58.6
62.6
66.2
67.0
68.5
71.2
77.0
79.9
80.5
82.1
77.1
73.1
73.2
55.8
58.3
55.9
56.5
59.5
64.0
61.7
63.7
68.6
71.4
72.9
72.4
71.5
71.6
70.6
72.0
72.9
66.2
67.3
67.8
69.7
69.0
68.3
71.5
73.6
75.4
73.5
70.8
71.1
75.5
76.2
76.0
76.9
81.3
85.9
81.5
73.0
74.6
75.1
79.4
83.0
81.3
75.6
82.6
83.0
86.2
76.6
68.1
71.6
71.7
69.0
65.4
64.4
66.7
71.4
75.4
76.1
64.9
64.6
64.6
65.9
62.4
62.8
60.7
61.3
60.9
65.3
63.8
66.6
65.5
63.0
66.4
66.0
65.2
66.2
68.2
69.5
64.1
63.3
58.8
59.0
55.6
59.8
61.4
62.3
52.7
53.6
55.6
56.4
58.0
58.1
62.2
61.3
57.3
60.5
51.2
50.2
48.8
51.1
47.8
45.3
41.9
44.8
47.2
48.9
49.7
52.9
55.3
56.1
48.5
53.6
51.2
46.4
53.7
51.2
52.2
55.4
52.1
51.1
59.1
55.3
58.4
57.7
54.4
54.7
57.3
61.7
53.6
51.9
46.7
46.9
48.2
50.3
48.3
46.6
45.9
55.8
49.9
49.3
46.9
44.1
41.5
43.8
39.6
42.3
39.4
39.4
43.5
43.8
44.0
42.8
43.4
45.2
44.5
35.7
33.7
32.8
33.5
38.6
39.2
41.4
39.8
32.3
29.3
39.4
38.7
36.9
41.4
44.9
43.0
34.1
33.8
33.4
32.1
41.2
29.9
28.4
28.4
26.6
30.1
36.7
35.1
34.9
43.6
52.7
47.6
43.0
42.4
44.2
40.8
38.2
