value
36.1
26.6
25.1
32.4
33.7
34.2
38.4
31.4
31.3
40.2
36.8
43.0
45.2
46.6
37.8
33.2
36.1
30.0
33.7
39.5
27.1
19.3
12.7
14.9
15.9
18.6
20.6
27.1
39.5
48.7
46.3
27.1
20.1
22.2
24.4
27.2
31.5
26.9
32.3
28.8
18.9
34.3
39.3
33.4
35.8
37.0
34.6
27.5
23.1
30.8
30.3
27.5
27.2
37.2
38.3
35.4
33.1
40.0
41.1
30.3
34.2
30.7
32.4
36.8
38.7
39.7
36.6
42.9
42.4
46.4
53.7
41.2
34.9
35.5
37.0
33.0
29.9
36.2
37.3
33.7
31.8
36.7
38.2
37.3
35.7
39.3
40.0
43.0
42.2
43.1
47.2
35.6
36.0
38.2
47.8
42.0
49.2
59.4
69.9
71.1
59.6
46.4
47.1
49.6
49.3
56.9
62.3
55.3
64.8
52.0
43.4
45.9
46.1
53.5
54.5
50.8
53.0
56.1
55.4
57.6
55.4
57.2
58.9
56.3
54.8
55.3
55.8
63.9
60.9
64.8
66.3
58.5
47.5
46.2
57.2
67.3
64.4
61.0
59.5
65.0
72.7
75.9
71.3
57.6
51.8
56.5
49.3
56.5
66.7
77.8
79.2
78.0
80.2
73.6
65.3
64.1
63.9
62.1
66.5
68.2
67.6
71.9
71.8
66.3
63.5
67.8
69.0
74.1
71.8
67.6
67.2
71.1
71.9
71.8
79.7
76.8
76.5
77.8
76.1
73.3
76.1
75.4
78.2
77.6
78.6
81.6
82.0
82.2
76.2
75.8
77.7
78.5
73.0
72.7
79.5
82.5
83.3
82.7
85.2
86.0
82.7
79.0
77.6
76.7
74.1
64.2
70.4
64.1
73.6
71.6
68.5
69.3
70.7
72.3
68.9
68.7
66.0
67.0
70.2
74.2
77.2
75.0
69.6
74.4
71.4
65.8
62.9
65.5
67.8
68.1
67.6
71.7
72.8
74.5
71.6
67.7
65.5
70.8
76.8
71.6
73.4
73.2
76.9
79.0
74.0
72.4
67.9
67.2
59.7
60.6
69.2
60.7
75.1
80.5
76.1
67.6
57.1
54.4
61.4
54.6
53.7
57.4
61.7
66.0
61.8
56.5
54.5
58.0
58.1
61.9
62.7
58.4
58.9
62.0
66.2
66.5
69.7
72.4
69.0
67.8
56.5
52.8
53.8
59.5
63.9
61.7
55.7
57.6
57.0
64.8
59.9
50.3
52.4
48.5
51.5
43.5
41.4
40.9
40.8
47.0
43.7
46.9
47.3
54.2
64.7
54.4
45.6
35.8
40.7
51.9
55.6
42.2
38.8
43.6
44.8
40.2
31.1
35.4
39.4
45.7
54.6
59.3
45.2
35.4
34.2
47.3
43.4
26.0
24.9
32.2
40.0
31.1
30.5
26.3
32.1
38.2
38.9
38.0
49.5
48.5
35.4
27.3
30.9
31.5
25.0
23.9
23.0
25.5
29.4
26.2
18.7
22.3
25.3
34.7
39.2
50.2
51.2
35.4
22.1
26.4
29.7
32.7
36.1
37.8
25.0
