value
29.6
23.9
23.2
30.1
29.4
34.6
32.6
32.4
40.1
35.8
44.5
53.3
56.4
40.9
28.0
31.3
34.0
24.5
40.1
35.6
20.6
11.2
11.7
14.7
13.7
19.5
25.0
36.1
45.4
60.8
34.6
20.7
15.6
19.9
19.5
22.2
25.4
24.4
33.2
21.3
17.4
41.2
32.4
31.2
30.5
34.4
25.0
19.5
22.9
37.2
20.2
20.4
25.4
34.2
28.9
28.7
32.6
37.6
33.4
31.0
24.6
24.6
24.5
25.1
31.2
33.1
33.5
33.0
51.7
57.3
38.8
31.3
28.9
31.2
30.0
28.6
28.8
32.0
27.7
24.2
27.6
31.0
30.1
32.5
33.5
34.7
34.1
38.5
38.7
46.8
37.9
30.9
32.3
32.7
37.6
34.8
55.8
49.8
52.6
45.8
38.1
40.1
41.0
39.8
44.6
58.2
47.3
65.3
60.5
38.3
36.0
46.4
54.7
54.9
41.8
43.3
51.1
58.1
56.1
61.9
64.8
65.7
67.2
63.8
59.8
61.0
59.7
63.4
60.2
64.9
49.2
45.1
41.9
42.8
62.4
63.1
56.7
62.1
67.9
74.0
77.3
75.9
65.7
45.0
48.6
52.5
47.4
62.7
73.0
76.0
77.3
73.9
68.7
55.7
54.0
58.5
59.2
55.1
58.7
62.1
70.2
64.5
66.8
65.1
61.1
63.2
69.3
71.1
65.2
61.1
63.6
67.5
77.3
77.7
78.9
76.2
72.1
71.4
68.7
67.8
68.9
68.1
66.4
75.2
74.1
74.1
75.0
74.2
74.6
74.4
76.3
69.8
69.6
71.5
77.5
79.6
80.0
81.3
82.1
84.3
75.1
73.1
72.4
71.3
65.7
64.0
67.8
66.4
66.7
63.5
66.1
68.1
70.9
69.2
70.7
67.0
64.2
68.1
72.7
74.8
71.4
68.5
67.1
67.8
66.3
62.3
62.6
64.0
66.4
68.9
70.3
70.1
73.1
74.2
71.8
66.9
69.6
75.5
74.4
74.4
74.9
74.8
74.9
72.2
72.7
65.4
66.2
66.2
59.2
63.3
68.2
62.8
79.6
83.2
72.2
61.1
55.7
56.5
58.9
52.0
58.4
65.0
69.1
67.1
57.1
55.0
51.8
56.0
57.2
58.8
63.1
63.6
64.5
64.4
66.6
62.4
70.5
67.9
73.2
58.9
55.6
56.4
56.2
57.2
60.2
64.8
59.1
56.7
63.9
55.5
53.5
52.1
44.0
55.4
48.7
42.2
39.3
43.8
42.1
45.0
43.8
43.0
48.5
58.9
57.2
48.2
40.1
35.0
46.1
55.1
54.4
41.2
42.5
47.8
43.2
32.3
33.4
37.8
46.6
50.4
58.9
49.9
37.9
34.7
39.6
45.5
34.2
23.1
24.8
32.9
32.1
26.4
28.2
28.2
36.4
37.2
32.5
45.9
53.2
35.1
26.8
25.1
32.7
26.8
22.8
18.5
22.5
23.3
28.3
19.4
21.3
27.5
35.9
44.7
49.6
43.2
35.8
25.3
19.6
28.3
29.8
40.9
43.8
23.8
19.8
