value
39.9
32.4
30.1
34.2
35.6
38.1
41.9
37.0
41.5
44.5
42.6
47.2
45.3
50.9
41.9
36.8
40.6
35.6
37.5
46.0
32.7
23.4
16.9
20.5
19.9
21.3
26.0
31.5
41.1
50.6
51.9
31.0
24.3
28.3
28.3
31.5
33.7
32.4
36.0
31.5
26.1
38.5
45.3
37.5
38.6
41.6
39.5
30.8
27.4
37.8
35.4
29.6
31.5
40.2
42.3
38.1
37.9
45.6
45.5
36.0
37.7
34.3
35.9
38.1
39.0
40.9
37.7
45.2
44.3
45.3
54.8
44.6
38.0
39.4
41.2
36.0
35.9
41.8
42.0
37.9
34.4
39.3
39.8
37.0
36.5
44.8
43.6
47.3
48.5
47.2
51.5
42.0
39.9
40.8
48.4
46.4
48.9
61.2
70.4
74.8
64.9
48.3
50.6
54.5
52.5
58.4
63.7
58.7
66.9
56.7
47.3
46.5
47.3
55.5
57.2
57.1
58.5
59.2
56.5
59.5
57.6
58.5
58.0
57.1
53.7
55.6
55.7
64.7
63.5
69.9
69.8
63.9
53.1
51.6
61.8
70.8
69.9
64.6
61.2
68.5
73.6
76.3
75.8
62.3
54.5
60.0
59.0
63.4
73.1
81.5
81.8
81.8
81.1
73.7
68.8
70.1
67.3
67.1
68.8
73.7
72.0
75.7
77.0
73.9
66.1
71.0
74.0
75.9
71.2
70.1
70.1
71.6
72.8
71.3
79.1
77.9
80.1
79.9
78.1
77.0
77.2
76.3
78.7
77.9
82.3
82.8
85.3
85.6
78.9
80.5
82.5
80.8
76.8
77.1
82.3
84.8
87.9
87.7
88.4
89.1
87.0
81.4
80.7
79.1
78.7
69.6
72.9
73.3
74.7
74.7
75.2
75.4
72.2
76.4
75.5
73.0
71.1
71.2
71.6
77.5
80.6
79.5
76.3
77.5
75.8
71.9
68.8
71.4
72.0
71.3
71.6
75.2
78.9
78.1
75.0
72.9
71.2
73.4
80.2
75.8
75.4
74.7
78.2
80.9
77.5
77.6
72.5
72.6
65.8
66.3
73.8
67.9
75.4
82.2
80.1
72.0
61.7
60.6
65.3
59.5
58.7
63.5
67.3
67.6
66.6
59.2
58.7
63.2
63.0
64.6
64.9
64.2
63.5
67.3
71.8
73.4
74.4
75.3
73.1
71.0
60.5
59.2
57.5
61.4
65.6
62.9
59.3
60.6
61.9
66.3
62.8
56.5
56.6
55.0
57.3
52.3
47.7
45.4
46.6
51.8
49.8
52.2
51.7
59.7
66.6
60.9
52.0
40.1
47.4
53.5
58.9
46.2
43.7
50.2
48.7
44.3
34.4
41.5
45.1
48.4
56.8
62.6
49.3
39.0
41.3
51.9
47.5
30.6
27.3
36.1
46.6
34.1
34.3
32.7
40.4
43.5
45.4
45.0
52.7
55.0
38.3
30.4
34.3
34.2
29.3
26.7
29.5
32.1
35.8
31.0
29.3
30.8
35.5
43.9
54.2
63.8
59.1
39.5
27.2
31.3
34.8
39.6
43.5
41.6
31.6
