value
30.3
21.4
18.8
28.5
28.4
34.3
31.7
27.7
36.2
34.9
42.5
52.5
59.8
52.1
28.8
31.5
31.9
26.2
39.0
39.4
22.2
9.8
8.6
15.5
13.4
21.0
19.7
35.4
53.1
57.8
34.4
17.9
13.7
22.3
19.8
26.6
28.1
26.6
34.1
26.4
21.7
46.2
36.0
30.6
31.6
36.6
26.4
19.5
20.8
38.4
20.7
20.1
26.4
35.9
30.2
32.1
35.8
40.1
34.9
32.5
27.6
26.9
27.9
30.7
37.2
36.5
33.4
35.3
52.4
57.6
42.3
33.6
30.0
36.2
37.8
32.0
33.3
38.7
31.6
24.0
28.3
31.9
33.9
33.7
33.7
36.5
38.0
42.3
41.0
45.9
43.0
32.4
32.4
34.7
44.7
39.1
60.1
61.0
68.2
72.8
64.1
58.3
44.8
45.9
55.4
64.1
58.2
69.8
65.2
42.3
39.6
49.9
54.5
59.4
43.4
47.1
54.6
58.3
56.5
61.3
63.4
64.8
64.1
60.8
61.7
60.1
60.1
62.4
64.7
64.6
57.9
48.0
44.4
46.3
66.0
71.1
68.1
69.6
69.0
72.1
76.4
75.3
67.5
47.9
46.3
52.4
50.3
63.5
75.8
76.4
77.3
76.7
75.3
64.7
58.7
66.5
68.4
62.6
61.7
67.9
72.0
67.9
73.4
69.4
62.5
65.8
69.0
73.3
70.6
66.6
67.4
71.3
74.6
75.3
78.5
78.6
71.5
72.0
70.1
68.8
69.8
70.3
72.7
76.7
76.2
75.3
77.9
74.7
73.2
74.0
74.0
69.4
68.0
71.6
78.3
79.7
79.7
78.6
81.3
82.1
74.5
74.6
71.7
72.2
66.2
64.4
67.4
67.3
67.6
64.5
65.6
67.6
71.2
68.1
70.3
65.7
64.1
68.1
71.3
73.5
74.1
70.8
72.3
73.0
73.7
59.9
60.6
65.9
67.8
67.5
69.1
69.8
72.0
74.0
72.6
69.9
70.0
73.3
75.0
75.0
75.4
75.3
77.3
74.3
75.0
66.5
63.5
67.2
60.5
63.6
72.1
68.0
77.3
78.7
72.5
60.9
56.0
56.4
61.7
56.2
59.1
66.2
68.2
65.9
57.0
53.8
52.3
57.2
62.0
62.0
62.1
61.0
62.7
65.8
68.1
67.8
69.6
71.3
73.5
61.4
55.3
55.5
58.7
59.6
64.2
65.2
61.4
60.3
61.4
56.7
53.1
49.2
42.9
51.9
50.4
42.0
39.6
38.0
39.9
43.0
41.9
47.1
51.7
60.3
59.2
51.0
43.2
36.6
45.9
54.2
60.1
39.4
39.2
48.2
40.2
34.1
29.5
35.3
43.7
50.4
56.2
52.5
37.9
34.8
41.6
51.4
35.2
20.8
21.7
33.2
30.9
23.0
28.6
29.3
36.7
40.5
41.9
46.4
57.4
37.3
28.4
22.3
33.6
27.4
23.8
18.7
24.6
30.7
31.7
21.5
29.3
27.8
37.3
48.3
57.4
61.2
44.0
26.3
16.8
30.0
32.2
41.6
41.6
30.6
23.1
