value
32.2
20.9
22.3
29.1
30.0
31.5
35.4
31.8
31.3
37.9
35.3
39.1
43.7
46.9
32.7
30.3
33.1
24.2
32.8
41.1
23.6
14.6
7.4
7.6
11.0
13.2
16.7
31.4
43.9
55.5
44.2
23.4
16.7
21.6
22.1
25.0
28.7
23.1
30.8
23.1
14.9
35.4
36.8
32.5
33.2
38.7
30.2
21.8
18.6
32.5
26.7
22.8
24.8
36.2
35.9
32.6
33.5
37.1
37.9
33.6
28.4
25.7
27.0
31.3
35.7
36.3
31.5
36.3
42.2
46.5
50.6
38.0
30.2
30.5
31.7
28.2
26.0
34.8
32.6
27.3
28.7
33.4
34.8
34.9
33.0
35.9
37.7
41.2
40.5
42.3
44.3
31.7
32.9
36.1
43.4
37.5
48.9
56.0
68.5
65.8
52.6
43.4
45.1
45.4
45.0
55.3
55.8
54.7
63.7
48.5
39.5
45.1
45.9
54.7
50.6
49.9
51.9
57.9
54.4
56.3
58.2
59.8
62.1
58.3
59.6
56.2
56.1
63.0
58.6
61.8
63.6
55.3
42.1
42.4
55.8
66.3
61.0
56.7
59.3
66.2
74.4
78.4
69.5
52.8
47.3
52.5
45.5
54.9
66.7
75.5
77.4
77.6
78.4
70.5
60.2
60.7
63.3
61.6
63.0
65.3
64.5
66.4
67.3
62.5
60.7
64.2
64.9
71.8
69.0
65.6
64.5
70.6
71.7
73.1
78.0
73.6
74.5
74.0
71.7
69.5
70.9
72.6
74.9
75.7
78.2
80.3
80.2
80.1
74.4
73.5
75.6
74.5
71.2
71.9
78.2
79.9
79.8
80.1
84.2
83.0
82.7
77.7
76.6
74.4
69.9
62.8
67.2
62.7
71.2
69.8
65.3
67.1
70.7
68.3
69.0
65.1
63.5
64.6
67.9
72.4
75.3
71.4
65.9
69.5
72.0
63.2
61.0
63.9
66.1
67.1
67.5
70.3
72.2
74.7
72.0
65.8
66.7
72.4
74.3
72.6
73.5
73.3
77.5
75.5
75.2
72.1
67.1
67.1
56.6
60.0
66.4
59.0
74.8
80.4
71.9
63.7
53.0
50.8
59.0
50.5
54.6
59.0
63.3
65.4
57.6
52.3
51.5
54.7
56.3
58.6
61.6
58.7
59.2
60.6
63.9
64.0
68.2
68.5
71.1
67.1
53.5
52.5
52.0
59.5
64.6
60.9
57.6
60.8
57.8
63.9
57.5
49.1
49.4
48.7
52.9
40.5
39.2
40.6
40.2
46.5
41.9
41.4
47.5
52.5
63.2
51.4
41.2
32.8
41.0
50.7
56.1
38.8
38.3
44.0
41.4
34.5
27.5
36.3
40.1
47.6
53.0
55.5
40.0
32.8
34.2
44.9
38.7
20.7
22.0
29.7
37.0
26.5
26.7
22.0
31.6
37.0
39.4
39.6
49.9
44.2
30.7
23.2
30.9
30.9
24.1
20.3
21.1
22.7
24.5
22.7
17.4
22.6
29.7
35.7
43.0
59.2
52.5
30.4
17.1
24.6
26.8
34.5
37.5
33.1
21.6
