value
78.9
82.5
80.3
81.9
82.0
82.9
81.1
81.4
80.3
81.0
77.0
77.1
80.1
78.5
78.6
77.3
78.6
78.1
77.9
76.9
77.7
77.5
76.7
77.8
79.6
79.8
80.6
79.5
79.7
79.1
80.5
83.2
81.8
80.7
81.4
80.2
81.0
82.2
82.1
79.8
81.3
81.4
80.8
81.6
82.2
81.0
83.2
81.0
83.2
82.6
82.5
80.8
76.6
82.8
82.7
82.7
81.8
82.6
83.0
82.6
82.7
78.0
79.6
80.7
80.1
80.7
80.4
82.6
83.8
84.4
84.5
84.8
84.5
83.1
82.2
83.8
85.0
85.5
84.0
84.5
81.6
85.0
85.4
84.5
84.9
84.9
85.5
86.1
85.7
86.4
86.6
85.0
86.2
86.5
85.6
85.0
87.2
87.4
86.5
86.5
85.2
-99
85.3
87.4
87.3
88.2
88.5
88.6
88.6
88.5
88.0
86.7
87.2
88.9
89.0
86.5
85.3
87.7
88.9
88.5
88.0
88.0
86.4
87.0
87.7
88.4
88.7
89.0
88.3
86.0
85.8
85.9
82.8
83.3
85.7
86.4
87.1
86.7
86.9
86.1
85.0
87.0
87.9
86.1
85.2
82.6
84.7
87.9
87.5
82.1
86.6
87.7
87.6
88.5
88.3
88.2
87.7
85.7
85.2
85.0
85.4
82.9
84.1
81.9
84.2
87.2
84.2
82.0
79.9
81.3
83.6
81.4
82.9
83.6
86.0
87.8
86.6
85.3
85.5
81.7
81.8
85.2
85.5
81.6
83.2
83.8
85.4
82.9
84.8
83.0
82.6
84.4
83.3
81.5
82.8
81.5
81.9
81.4
86.3
83.1
85.2
84.4
82.8
79.3
81.8
84.1
82.0
81.9
79.7
81.2
82.6
79.4
81.6
84.9
81.3
82.4
83.8
80.3
84.1
83.7
81.7
83.1
81.7
78.5
83.6
84.8
84.8
84.2
79.8
77.2
76.1
76.3
77.9
79.2
80.1
80.1
79.7
79.5
81.4
82.7
84.3
84.1
84.3
83.9
87.0
84.0
82.2
81.0
83.2
82.0
81.3
82.4
81.7
81.8
79.5
81.0
80.1
77.5
78.3
81.0
81.0
81.4
82.8
80.3
76.8
75.5
78.6
79.5
79.3
79.9
80.6
82.4
82.5
80.1
82.2
82.6
83.1
82.5
82.1
82.5
81.6
82.3
81.1
79.8
79.1
82.2
81.5
81.6
78.1
80.2
80.9
80.9
82.7
82.8
82.0
82.6
81.8
82.1
81.6
81.4
82.1
81.4
81.3
81.4
83.1
83.1
83.1
81.5
80.4
83.6
82.5
80.6
82.9
83.0
80.1
81.4
79.6
84.6
83.3
83.5
82.8
82.6
81.8
82.3
82.2
80.8
79.7
81.4
83.9
82.9
82.3
83.1
81.6
79.9
78.7
80.6
81.0
80.0
80.6
80.6
81.6
81.1
82.2
82.9
83.1
81.8
83.4
83.5
82.6
82.0
84.0
82.2
81.9
80.2
81.3
81.9
82.2
82.0
84.1
82.3
79.7
80.4
79.9
80.4
79.9
