value
48.0
47.3
47.2
46.4
46.0
42.4
41.5
46.0
51.0
51.4
53.9
53.9
51.9
51.8
53.4
55.1
49.5
47.2
48.5
48.7
50.0
52.1
51.9
52.4
52.0
51.8
53.6
54.6
55.7
58.8
60.2
57.4
58.2
51.8
51.1
48.9
50.7
52.2
54.3
55.9
56.8
56.1
57.7
58.7
59.0
54.7
55.3
57.2
57.8
58.6
60.3
55.7
53.4
55.5
59.9
62.1
58.5
53.4
55.7
55.9
59.7
65.7
66.0
67.9
67.9
69.1
71.9
68.2
68.0
70.1
69.6
62.0
57.7
62.9
65.9
68.3
68.3
70.3
66.3
69.1
70.2
65.6
57.8
64.7
67.5
72.4
65.8
71.0
71.5
73.3
67.3
68.1
70.3
69.7
69.7
73.9
74.8
75.7
73.0
70.7
75.0
77.8
78.1
77.2
77.9
70.7
73.9
77.5
79.9
75.2
74.6
72.9
76.3
76.1
78.1
72.3
73.4
73.6
80.0
80.3
77.2
75.4
80.8
86.8
82.2
82.5
85.1
84.8
86.2
85.0
80.6
72.5
80.1
81.7
83.4
85.9
87.9
92.3
95.9
95.4
94.2
89.6
93.8
98.3
96.1
81.6
85.9
84.6
82.7
88.7
91.4
92.7
90.7
87.4
89.4
93.7
94.8
94.2
95.5
98.5
99.9
93.3
86.0
84.9
85.0
79.7
82.8
80.3
85.1
88.3
93.2
96.5
98.9
97.9
97.1
93.2
90.3
83.9
89.4
83.5
86.7
88.8
91.2
92.5
93.9
91.4
85.7
84.7
84.1
81.2
80.4
88.6
89.9
90.7
90.3
84.6
84.3
83.0
87.4
87.3
77.7
85.6
88.1
84.9
82.3
85.0
85.9
89.3
90.7
90.6
83.2
89.8
85.7
78.9
85.6
88.3
88.6
78.6
80.1
85.1
84.9
81.2
80.7
84.5
74.0
73.4
80.1
82.4
78.9
83.1
77.2
84.0
83.3
85.3
86.7
86.9
87.5
88.4
86.7
79.8
80.8
83.9
82.0
83.5
85.0
84.9
86.9
78.1
81.6
83.7
77.8
75.8
75.9
82.0
74.2
76.8
81.2
73.1
77.5
79.4
78.4
80.9
82.6
85.2
84.1
84.6
83.7
85.9
86.3
84.9
74.6
80.3
76.7
80.0
82.0
82.1
80.2
81.7
83.5
83.0
82.5
84.2
82.4
78.9
76.0
76.9
75.5
75.9
76.8
73.0
73.2
72.9
72.6
72.3
73.0
73.2
71.4
69.5
71.1
67.0
66.9
68.3
66.6
65.5
65.3
64.5
64.9
62.6
64.7
60.3
57.2
58.8
60.0
58.7
59.6
59.4
60.1
58.5
59.3
61.3
58.7
60.0
60.9
60.8
60.5
61.3
61.7
61.3
62.0
59.9
60.8
59.2
58.5
57.2
58.5
58.4
57.3
55.5
58.5
58.8
59.9
58.5
58.3
58.2
52.5
55.8
55.8
57.7
57.1
56.7
56.3
53.2
52.3
51.5
53.1
51.0
51.3
50.9
50.7
50.1
48.5
48.6
44.9
46.9
42.6
