value
62.4
62.5
63.0
63.3
60.9
62.9
65.0
64.6
68.4
67.7
70.6
74.8
67.5
66.5
68.2
68.0
59.9
59.7
62.1
63.7
63.4
63.8
63.7
65.2
66.2
67.6
69.4
68.0
69.3
70.2
71.7
74.4
72.8
72.9
65.0
63.1
63.7
62.2
65.4
65.7
68.8
71.9
71.9
73.7
74.0
63.8
66.5
70.0
70.7
72.2
75.0
74.2
74.3
72.2
70.5
71.6
71.4
70.0
72.4
74.2
72.3
74.7
72.8
79.0
82.2
80.7
79.1
77.7
77.4
76.0
76.4
79.2
78.0
80.0
81.3
79.7
82.6
79.9
80.3
80.9
78.8
79.1
77.8
82.3
80.2
77.3
78.1
78.0
79.7
79.9
79.2
78.3
79.9
82.6
82.8
81.4
78.3
77.4
78.6
79.6
81.1
83.3
85.2
84.2
84.7
83.2
86.8
82.7
83.8
83.5
84.8
81.2
84.0
85.1
84.6
85.8
87.4
86.7
86.6
91.0
90.4
90.7
89.0
86.2
90.0
87.0
85.3
84.3
85.0
86.1
85.3
86.1
85.9
86.3
87.5
87.3
88.0
89.0
87.3
87.4
87.5
87.8
87.6
86.9
87.3
86.3
87.0
87.3
87.8
87.3
87.3
87.5
88.6
89.7
90.7
89.3
89.2
88.5
89.6
90.5
90.5
90.6
94.9
90.1
92.7
93.1
91.8
89.7
89.3
89.2
88.8
88.6
88.2
89.2
88.4
88.8
89.8
88.7
88.8
90.0
87.9
88.0
88.6
88.9
88.1
87.1
87.1
86.1
86.5
86.5
86.6
87.2
87.5
86.7
87.6
84.9
84.6
84.8
85.1
84.7
86.9
87.1
85.3
86.4
88.8
86.7
86.7
88.0
85.5
84.0
83.5
85.0
84.6
85.5
80.4
82.9
85.0
84.3
85.1
85.6
83.1
83.8
84.8
85.6
82.8
83.0
86.2
86.8
84.8
84.9
84.6
84.8
84.3
83.8
83.8
83.4
83.2
83.1
82.8
82.8
83.2
83.6
83.3
83.3
83.5
83.8
84.8
82.8
84.0
83.4
83.4
83.8
83.9
83.6
84.6
86.5
85.1
83.6
84.4
85.2
83.8
85.1
84.6
86.1
85.8
85.5
87.0
89.9
90.4
86.0
85.0
86.4
88.6
87.2
92.2
93.0
90.1
85.9
84.3
83.6
84.6
84.9
86.1
87.8
85.6
85.5
87.2
84.5
84.5
83.6
83.4
84.7
82.9
82.2
80.4
82.3
85.3
82.4
83.7
83.3
81.9
81.5
82.0
82.1
80.8
79.5
78.1
77.1
78.5
78.9
76.1
76.4
75.4
74.3
73.9
74.1
74.1
73.6
74.2
74.2
75.6
74.7
73.1
74.3
74.3
76.0
76.3
75.8
75.2
73.2
73.4
75.1
77.5
73.7
72.2
71.9
72.8
71.2
71.3
70.2
71.9
72.2
71.4
70.8
70.3
71.3
70.4
71.8
71.4
72.1
72.7
75.2
67.4
64.5
64.6
65.5
61.5
61.7
62.2
61.8
59.2
58.7
58.7
57.4
55.3
