value
36.1
37.7
39.8
41.8
36.1
31.0
27.4
25.9
25.8
33.0
30.6
20.7
19.1
19.8
25.3
28.8
23.0
19.3
15.5
17.5
15.0
17.0
16.0
18.9
18.9
11.7
8.0
20.8
33.8
39.3
40.9
38.3
34.7
32.5
32.6
38.2
32.8
30.0
28.5
23.5
27.9
28.9
26.6
31.6
33.4
33.0
29.8
24.9
26.6
29.6
27.2
25.0
25.0
32.8
34.3
34.8
36.3
37.6
34.4
36.7
36.4
36.6
33.6
38.0
42.7
39.8
30.5
27.7
26.7
24.5
23.9
22.7
21.4
24.1
24.2
25.0
27.9
29.2
30.1
26.7
24.9
15.8
19.5
25.4
26.6
29.4
31.9
30.7
32.1
30.0
32.0
32.1
31.2
32.6
33.5
33.6
34.4
36.7
35.5
37.8
45.4
50.7
51.0
43.7
44.7
51.9
55.3
61.2
52.8
49.5
47.3
52.5
57.6
54.8
55.8
62.6
59.8
47.2
51.3
55.2
51.8
51.1
54.0
55.9
61.4
61.6
65.1
70.7
69.9
70.1
60.4
55.1
56.6
58.6
61.1
66.4
70.4
68.0
66.3
65.2
60.3
57.3
49.8
49.6
50.6
52.7
52.6
51.2
60.6
66.1
63.5
62.6
60.6
64.9
63.3
60.0
61.7
65.3
67.5
64.7
63.0
60.3
64.7
67.0
66.2
65.3
69.4
66.6
68.7
71.7
74.2
73.7
73.6
69.3
70.6
70.3
57.8
57.8
60.6
62.5
58.5
59.2
68.1
71.9
73.9
74.5
69.7
65.9
69.3
69.4
70.3
63.6
61.1
62.3
65.5
63.2
63.7
66.3
70.3
69.1
63.3
66.1
65.6
61.1
62.5
66.5
70.2
73.9
78.7
84.2
71.2
69.3
69.1
71.8
71.8
74.1
76.2
78.0
79.8
83.1
74.2
63.7
64.8
65.4
62.0
60.9
61.6
66.1
67.9
71.2
71.0
66.5
58.2
61.3
62.1
61.8
60.7
60.1
63.2
62.5
63.3
64.0
64.2
58.7
55.1
57.7
57.0
60.1
59.7
60.0
60.2
62.9
57.4
54.4
54.1
52.1
54.0
57.0
58.7
53.9
51.2
51.4
53.0
53.6
54.3
56.3
51.2
47.6
45.4
45.4
46.2
46.8
45.8
45.7
42.7
40.9
39.2
44.2
48.5
51.2
51.1
51.9
54.1
54.3
51.5
54.3
48.1
48.5
47.4
42.6
48.3
39.7
52.0
55.4
52.4
57.6
56.9
52.8
58.5
61.5
60.3
58.7
49.8
44.4
43.7
48.4
54.3
46.7
48.0
44.0
46.9
48.1
50.5
43.1
40.6
41.7
40.5
36.7
37.0
39.4
40.1
41.7
41.5
42.6
43.1
45.0
47.3
44.4
34.4
31.4
28.4
39.1
37.1
36.7
40.1
35.8
30.4
33.1
36.3
33.0
31.6
28.3
35.0
28.1
37.2
36.5
34.5
36.0
36.1
39.1
34.1
32.1
29.3
32.2
37.4
40.1
42.1
39.7
43.7
45.2
43.4
41.1
42.1
36.1
30.0
