value
82.3
84.5
80.8
82.0
82.7
82.2
82.7
83.1
86.0
82.3
82.3
81.8
81.3
79.5
85.1
79.0
79.1
80.6
80.7
82.7
81.9
83.7
82.9
81.9
80.5
80.9
81.8
83.1
82.5
82.3
81.7
83.6
82.4
81.3
82.3
80.9
81.1
79.9
81.1
81.5
80.6
80.4
80.8
79.3
80.9
80.1
80.4
83.1
83.1
82.6
85.6
83.7
83.5
82.2
84.3
82.6
83.2
82.8
84.9
83.1
83.3
83.0
81.1
83.5
83.5
83.8
85.2
84.6
83.9
83.7
83.9
85.3
84.0
83.9
82.6
82.7
82.9
80.9
82.2
81.1
82.1
80.9
81.7
83.5
83.7
84.6
83.9
83.3
85.0
85.2
84.9
82.9
82.5
83.5
83.8
84.7
84.2
84.9
85.2
84.3
83.8
86.3
83.7
84.1
82.8
83.8
84.9
82.8
80.9
80.1
80.8
79.4
82.0
81.9
83.6
83.8
83.7
82.6
83.4
82.5
83.4
82.4
82.5
81.9
83.6
82.2
82.2
82.2
82.4
82.2
83.2
83.4
83.6
85.0
84.9
79.8
79.3
80.3
82.6
81.0
79.5
78.7
80.8
79.7
81.0
82.8
81.7
80.4
78.2
79.0
79.0
79.6
80.9
82.8
82.6
81.1
81.1
81.7
80.9
82.2
81.7
81.6
79.5
81.8
81.6
80.4
82.7
82.1
80.9
80.9
79.7
81.4
81.1
83.0
78.4
78.5
81.7
81.4
79.5
79.9
80.7
81.2
80.6
80.0
80.1
79.1
80.8
79.8
78.9
82.8
81.9
78.0
78.7
80.7
83.5
81.4
81.5
82.4
78.8
-99
-99
79.9
81.4
86.8
84.2
82.8
81.9
80.1
81.4
80.3
82.0
81.0
79.4
80.7
80.5
80.8
81.1
90.5
83.4
80.2
79.8
79.4
79.0
76.8
80.3
81.0
82.4
78.5
78.6
81.4
80.8
80.1
81.4
81.1
80.2
81.1
78.9
80.1
78.6
80.7
80.7
80.8
80.8
79.8
82.1
80.6
80.1
80.1
78.2
78.5
80.7
80.7
80.8
80.2
80.5
80.8
81.7
80.5
81.1
80.5
78.2
80.3
81.0
82.0
81.9
82.8
82.1
82.1
78.3
80.6
78.5
76.0
77.0
78.6
80.0
79.3
78.5
80.9
80.5
79.7
80.7
79.6
81.2
78.0
78.0
78.9
78.8
78.4
80.1
79.1
81.1
81.8
80.4
79.6
78.8
80.4
81.0
80.2
78.3
80.7
81.3
81.1
79.8
78.4
77.2
78.0
78.3
78.1
79.5
80.4
78.5
78.4
79.2
80.8
81.3
82.0
81.9
80.4
80.1
81.2
83.3
82.2
78.6
78.5
80.3
81.7
80.5
80.1
79.0
78.9
79.8
80.0
81.0
80.8
80.5
80.6
80.1
81.0
82.0
81.7
81.2
80.7
78.6
78.5
80.3
82.2
82.6
79.5
80.5
80.7
80.5
80.0
81.3
81.1
80.8
81.3
80.2
80.4
79.2
-99
88.2
82.5
82.5
82.9
82.8
