value
53.9
52.6
50.4
48.9
49.2
50.0
52.2
54.3
58.7
58.5
53.1
54.2
52.3
51.4
51.7
54.8
57.8
58.9
53.0
52.6
50.2
51.3
52.1
54.3
57.4
55.1
55.1
49.7
49.5
51.1
51.5
54.5
51.7
49.6
51.6
53.8
51.3
49.5
51.4
50.4
50.4
49.7
51.6
55.6
53.9
51.6
50.5
54.2
52.5
51.8
50.8
57.1
53.6
49.9
48.3
47.1
46.9
46.8
46.5
49.2
49.8
53.9
53.9
57.1
58.1
59.6
57.7
56.9
54.6
53.8
52.3
47.1
48.9
50.7
53.6
55.5
51.2
48.6
53.7
55.5
56.3
51.8
54.6
57.6
58.6
57.6
57.0
59.9
59.3
59.4
56.6
57.1
54.7
55.2
51.6
50.5
53.5
55.2
57.6
58.5
58.7
57.3
58.0
61.0
60.9
60.6
60.5
58.9
59.8
63.7
62.2
60.8
65.1
64.8
66.7
58.8
54.2
52.0
52.9
53.7
56.7
60.0
64.0
66.0
65.8
62.8
65.6
66.1
65.6
60.8
58.7
64.1
68.8
59.4
56.4
54.3
54.3
55.0
53.9
55.6
58.7
61.2
62.8
62.5
61.1
58.3
58.1
58.2
57.2
58.7
62.4
67.4
72.5
74.3
72.4
64.0
60.6
58.4
57.1
59.4
61.1
64.1
66.1
66.3
64.6
64.9
63.7
61.7
60.9
61.3
62.6
63.9
69.2
69.0
79.6
84.0
79.5
-99
80.0
80.8
84.0
72.4
64.5
74.7
84.6
84.6
87.2
86.4
85.8
86.2
79.4
67.5
65.5
66.8
65.8
68.3
69.5
68.9
68.5
68.0
67.6
68.2
69.1
70.7
72.5
71.3
67.5
67.9
68.8
69.1
75.6
76.1
71.9
70.8
68.8
70.3
70.1
70.8
68.9
71.5
81.7
85.1
82.4
71.1
74.2
76.9
74.7
70.6
72.1
72.7
78.1
82.3
74.8
72.2
70.6
70.0
72.7
69.7
71.7
73.6
74.7
75.8
78.9
77.6
78.6
81.2
77.1
71.3
69.4
66.0
65.0
67.4
69.8
73.3
78.6
77.9
73.5
68.8
66.8
66.8
66.4
70.6
77.2
77.3
78.6
72.1
69.1
67.6
67.8
68.8
66.7
66.9
68.6
68.1
67.2
67.8
65.9
65.5
68.4
71.4
71.2
72.0
72.0
66.4
62.8
64.3
64.2
67.8
67.1
67.2
65.7
65.1
65.1
67.6
66.0
66.3
67.1
63.2
59.9
61.6
58.9
57.9
58.2
57.8
60.6
61.7
62.2
61.7
62.7
62.0
62.8
-99
58.1
60.3
59.2
61.6
61.5
60.9
56.0
51.1
52.0
55.0
55.3
51.2
50.2
50.9
48.9
49.9
50.3
49.6
47.6
47.2
49.5
48.5
49.8
47.8
48.0
51.2
53.1
51.4
48.5
44.5
45.4
50.1
54.1
55.4
54.9
54.9
52.0
50.3
52.6
50.6
55.3
49.2
46.6
44.1
51.6
59.2
54.1
55.5
58.4
51.9
48.0
46.9
56.1
