value
72.7
72.4
73.3
72.0
71.7
70.9
70.8
71.9
72.7
73.1
73.6
73.8
74.3
73.7
74.0
74.7
73.8
73.2
71.7
74.4
73.5
75.0
73.2
73.5
74.9
75.6
75.2
74.0
73.3
72.1
73.7
75.4
75.0
71.3
75.0
76.4
77.4
77.3
77.0
79.7
78.4
77.2
74.6
75.2
74.1
75.2
74.8
73.6
74.6
73.5
72.0
70.8
73.2
73.2
73.8
73.0
74.1
73.7
73.3
74.6
75.7
75.7
75.4
75.7
75.7
76.9
75.7
74.1
75.2
75.0
74.4
73.6
73.2
72.1
73.9
72.1
72.2
72.3
72.4
73.1
72.0
71.3
70.1
69.6
70.4
69.6
69.6
69.5
69.3
69.5
69.1
69.1
70.2
70.1
69.4
70.0
69.8
70.6
68.8
69.2
68.9
69.6
67.6
67.8
65.8
66.0
66.0
68.0
67.0
66.8
66.8
66.8
66.5
66.3
66.0
66.6
65.2
66.1
65.7
66.0
65.3
66.7
66.7
64.4
65.5
66.4
67.1
65.4
67.4
69.8
66.4
65.0
64.1
65.2
65.5
64.6
66.3
66.6
65.5
65.8
65.9
63.8
65.3
64.5
63.1
63.5
65.2
63.2
63.0
61.5
60.6
62.9
61.9
60.0
61.7
61.4
61.1
61.8
62.3
64.1
64.2
65.4
63.9
62.5
65.1
63.6
62.8
63.5
64.3
63.0
61.7
61.1
61.9
60.9
60.0
60.2
60.2
59.8
59.3
60.3
63.3
61.7
60.7
59.7
59.1
59.1
59.8
60.0
60.1
60.1
61.1
60.7
60.6
61.3
60.2
59.3
59.6
59.3
60.3
60.4
60.6
60.8
60.6
60.1
60.0
59.8
59.4
59.3
59.9
60.0
60.4
60.6
60.5
60.0
60.2
59.6
60.1
61.0
60.2
59.5
59.7
59.5
59.4
59.2
59.5
60.3
59.9
59.6
59.2
60.3
59.3
59.7
60.1
61.4
60.8
62.7
60.8
60.2
60.1
60.5
60.0
60.0
59.4
60.1
61.3
60.7
61.9
60.5
60.2
60.5
62.6
62.6
62.2
61.3
62.5
63.5
61.9
62.0
61.1
60.9
61.3
60.4
62.7
61.4
60.7
60.5
60.9
60.4
61.4
61.8
61.1
61.3
60.9
60.5
60.4
60.0
59.7
62.0
61.1
60.4
60.4
61.4
61.0
60.9
60.4
61.5
62.7
61.6
61.8
62.3
62.5
62.0
62.5
62.6
62.5
62.8
63.8
63.2
63.3
63.1
63.4
63.2
63.3
64.3
64.2
62.7
62.8
63.9
64.3
62.9
63.3
63.3
64.5
63.9
62.9
63.3
62.4
63.9
64.3
65.4
64.2
65.2
65.6
67.6
66.1
66.4
67.0
67.5
66.9
66.2
66.1
65.5
67.1
67.2
67.4
68.6
67.3
69.0
69.7
68.5
69.9
70.5
70.6
70.9
68.8
69.5
69.7
70.6
69.5
68.8
71.5
71.2
70.6
69.2
70.1
71.0
70.5
70.5
72.0
71.8
70.7
70.6
70.2
70.4
71.7
