value
77.4
78.0
76.3
78.5
80.3
79.8
78.9
78.5
79.2
78.8
77.7
76.3
76.6
76.1
75.6
75.7
77.0
76.7
77.0
77.2
76.9
77.9
78.5
78.2
77.6
77.9
77.8
78.7
77.4
76.8
76.6
76.0
77.0
77.6
76.0
75.7
76.3
77.5
77.6
77.4
77.0
77.1
77.1
76.2
76.9
77.6
78.7
77.8
77.0
77.0
77.0
78.2
77.4
78.2
77.1
77.5
78.0
79.6
78.0
78.5
77.9
78.7
79.5
76.8
77.2
78.2
77.4
75.5
76.5
76.6
77.3
77.6
76.8
77.5
77.3
77.6
77.6
78.1
79.6
81.3
82.8
80.5
80.5
80.5
81.6
80.7
80.7
77.1
76.9
76.8
79.4
81.2
81.1
80.2
79.0
81.4
81.0
81.9
80.8
80.2
80.3
80.9
79.6
81.4
80.4
78.4
77.9
78.5
80.5
78.4
79.5
78.8
78.4
77.8
78.1
79.4
79.3
78.3
79.7
79.2
79.6
80.2
81.7
83.0
82.5
81.3
80.0
79.4
78.5
79.4
77.9
80.4
81.4
82.1
80.0
80.8
81.4
80.5
81.0
80.5
79.8
77.7
79.0
80.4
81.1
81.1
80.5
79.5
81.4
81.1
78.7
81.0
81.6
82.2
81.9
82.3
81.7
80.2
80.5
81.9
81.4
81.0
79.9
81.8
82.7
83.2
82.7
82.3
82.5
79.1
80.3
81.2
80.3
80.0
79.4
81.0
79.2
77.3
80.4
82.5
81.3
81.3
80.5
79.9
82.8
82.9
82.5
80.5
82.6
82.3
82.6
82.9
82.6
82.4
79.8
79.7
82.6
83.4
78.6
81.6
83.4
82.8
80.9
83.1
83.2
83.7
82.4
82.4
81.6
84.2
83.8
83.6
