value
70.8
70.7
70.9
68.1
67.4
71.1
75.3
72.3
72.4
71.8
61.6
60.1
60.9
62.0
60.1
60.3
63.5
64.0
64.3
65.3
67.9
68.8
66.9
67.5
68.8
69.2
71.0
71.2
72.1
68.1
68.5
69.5
68.8
66.5
65.5
65.4
64.4
66.9
67.8
69.4
71.7
71.9
71.9
70.6
66.7
67.9
69.0
70.3
69.2
69.0
69.7
71.8
70.9
68.2
71.9
70.2
69.8
68.0
69.1
72.6
74.9
75.0
76.0
78.1
79.8
70.7
66.3
67.9
73.0
75.0
72.7
74.3
74.4
75.6
76.3
77.7
79.9
75.7
73.9
72.7
74.2
74.1
75.6
73.0
72.2
72.6
76.6
77.8
81.2
85.2
85.2
83.2
82.8
82.7
84.5
79.0
75.4
76.2
79.4
79.3
80.0
82.3
86.9
88.5
84.7
84.7
90.1
89.5
87.3
88.9
87.2
80.6
81.2
83.7
81.7
79.8
74.3
78.0
80.7
76.9
82.0
84.6
85.7
81.9
82.6
85.1
87.5
86.5
86.0
89.9
90.7
91.1
93.5
92.6
89.7
95.6
92.4
88.5
90.1
89.9
89.6
91.9
92.4
93.2
90.5
86.7
91.0
92.1
94.6
94.8
94.6
93.8
94.8
90.1
88.0
92.1
91.1
96.6
92.7
93.3
97.8
95.0
93.3
93.1
92.4
93.7
97.0
96.9
99.6
99.6
97.4
98.2
99.8
97.0
97.0
101.8
101.5
100.7
100.8
96.6
95.8
95.8
96.1
98.9
99.8
96.2
96.1
97.0
95.3
97.9
97.5
99.3
101.5
97.4
95.5
93.2
95.7
96.3
96.6
97.4
97.2
96.4
98.0
100.3
101.3
102.9
102.2
98.1
96.6
100.2
100.1
98.1
99.5
100.1
99.5
92.8
93.9
92.8
94.1
93.6
94.3
94.4
95.4
95.2
95.5
95.8
96.6
96.1
95.2
96.8
95.4
94.5
94.8
95.0
97.8
97.1
94.7
96.6
99.0
97.2
93.3
93.2
93.8
95.0
95.4
95.2
97.6
95.4
93.6
95.2
94.7
93.7
93.6
93.0
91.9
91.7
92.5
93.5
94.7
97.5
95.1
93.5
93.1
97.7
97.5
95.0
94.0
92.8
90.2
88.2
87.8
88.2
87.6
88.0
89.8
89.5
93.8
93.7
92.7
91.1
86.7
84.0
83.1
82.9
83.8
82.1
83.4
83.3
84.4
84.9
83.4
85.8
88.7
85.7
82.0
81.2
81.1
81.8
81.3
83.3
84.5
82.6
82.4
82.0
82.3
82.9
85.9
83.8
80.5
79.2
79.6
79.9
82.2
82.5
81.2
81.1
81.1
81.1
79.1
78.1
72.1
80.2
80.8
76.8
72.4
69.2
70.2
71.7
72.8
73.3
74.4
73.7
73.0
74.4
74.9
73.9
73.0
72.3
73.9
75.8
73.9
73.6
74.5
69.9
67.6
73.7
75.8
75.9
69.7
62.7
63.5
65.9
68.5
67.4
62.2
62.6
63.1
64.9
66.4
63.5
61.8
61.7
64.1
66.5
67.7
