value
22.6
17.0
18.3
19.3
4.9
6.2
12.6
13.7
12.8
18.3
24.5
30.1
23.7
13.0
28.1
25.5
15.8
8.6
8.4
23.6
19.1
30.3
28.9
25.3
30.2
29.0
35.2
35.6
26.9
19.8
20.5
25.8
33.3
33.7
32.7
30.0
25.9
19.8
20.2
14.8
7.1
4.7
5.9
8.6
14.7
13.2
7.2
3.6
6.9
16.4
21.8
27.3
33.6
31.9
32.9
32.1
31.8
30.3
32.2
35.4
37.5
42.2
37.6
40.6
48.9
37.9
23.6
29.6
33.4
39.2
45.3
47.2
48.9
51.1
43.9
47.1
50.4
50.2
51.5
54.8
44.7
49.5
54.6
55.8
56.9
47.1
51.9
59.2
60.8
58.0
39.6
38.4
42.5
45.7
51.5
49.8
50.1
55.3
58.1
60.2
62.8
70.3
72.8
60.5
57.1
45.1
44.8
45.1
43.3
50.3
54.8
61.9
68.1
58.8
56.0
59.5
56.8
48.8
54.4
57.9
59.7
59.7
62.3
48.4
54.6
57.7
61.0
65.1
65.5
60.9
61.0
64.2
62.0
58.1
61.2
66.7
69.4
69.3
65.9
64.5
51.2
58.4
65.0
57.0
59.4
59.1
60.0
64.9
68.2
69.0
69.2
76.0
72.5
65.4
71.2
69.5
62.2
64.1
70.8
77.9
79.3
71.1
70.7
66.3
67.9
69.5
70.3
52.8
56.3
62.3
66.7
70.6
73.5
74.6
76.4
81.5
75.5
71.3
70.0
68.9
70.4
72.0
75.5
76.1
70.7
71.6
71.1
68.9
68.3
71.8
74.7
74.4
76.5
80.2
74.0
72.9
74.5
74.2
72.1
77.0
75.3
69.2
74.1
70.3
73.1
75.3
77.5
82.2
80.2
80.2
76.9
79.6
89.1
85.6
80.9
79.8
82.9
84.9
76.0
75.9
74.0
73.2
70.3
72.8
69.6
68.0
69.2
67.9
64.3
65.3
70.6
71.5
76.1
78.7
82.8
72.5
73.1
71.8
75.3
79.3
76.6
55.2
58.3
63.9
68.1
73.7
77.5
78.5
77.4
76.3
76.9
79.5
75.7
78.7
70.7
67.3
64.9
56.7
57.4
61.2
59.2
60.7
57.1
51.6
57.0
63.5
70.2
75.8
76.5
70.6
59.0
61.4
68.4
71.2
61.8
61.9
72.5
73.5
70.3
69.1
62.7
59.6
50.9
48.8
47.9
49.6
57.1
57.9
54.4
52.3
58.4
58.3
54.5
60.7
58.7
51.8
53.0
53.3
53.9
38.5
36.8
38.2
45.3
47.2
44.3
48.5
43.2
41.5
40.9
44.5
42.3
36.7
27.5
32.0
36.8
39.2
36.7
36.9
37.8
42.8
47.9
48.7
48.0
31.7
25.8
24.4
27.2
28.6
33.4
36.4
38.6
45.0
44.8
47.1
44.1
34.7
35.2
39.0
30.7
24.2
33.9
33.5
36.5
39.8
40.0
35.8
30.3
34.7
43.4
33.6
22.7
20.0
21.2
27.5
29.2
19.2
17.8
23.8
23.5
23.7
24.7
16.4
18.4
15.1
16.5
