value
32.2
35.3
31.7
30.7
29.6
43.8
45.9
45.8
52.0
54.5
37.0
37.6
36.9
41.9
35.9
33.0
33.7
46.0
41.9
49.8
50.9
45.3
52.8
56.6
52.9
57.8
50.4
44.4
46.9
45.3
46.3
45.9
47.5
45.4
42.4
44.8
48.5
54.9
51.1
49.0
47.9
42.6
46.7
45.7
46.9
46.7
48.6
52.2
46.0
47.3
47.5
43.2
45.3
48.3
48.2
43.2
40.0
42.8
49.8
59.1
57.5
53.6
62.1
65.0
40.9
30.1
31.2
39.4
53.2
56.5
57.9
66.4
69.1
59.4
55.0
58.1
62.1
50.5
42.8
49.8
56.1
57.7
64.3
50.9
54.8
60.1
67.3
67.7
56.8
49.5
52.5
53.7
55.1
59.3
64.9
65.8
66.4
68.6
70.6
75.6
66.7
67.5
68.3
59.4
60.2
63.6
61.2
56.3
59.8
62.7
64.0
59.4
62.1
60.2
53.9
62.4
61.8
59.9
63.6
68.6
72.5
73.6
74.9
77.4
74.0
74.6
78.2
78.5
74.4
69.4
69.3
74.5
82.4
80.6
84.3
85.4
81.8
69.6
74.6
65.2
61.9
71.7
74.8
73.7
79.0
79.5
81.5
83.7
85.0
82.3
80.3
84.1
86.9
85.2
89.4
87.6
90.2
90.5
84.5
82.2
84.2
86.3
83.8
87.0
85.2
85.2
89.1
83.2
85.1
86.9
89.8
84.3
83.5
84.5
86.6
86.3
90.0
85.0
85.6
83.3
88.1
90.5
91.5
88.1
84.3
85.8
86.3
87.4
88.9
86.6
87.1
91.4
96.1
88.7
88.9
91.4
91.2
94.9
95.8
95.1
93.6
89.3
91.2
92.7
95.4
93.5
92.4
90.8
92.9
91.4
89.4
88.7
90.8
90.8
90.4
94.7
89.8
80.6
83.3
86.7
81.7
79.3
81.0
80.2
83.2
84.9
83.1
86.2
85.5
85.7
87.1
88.4
86.2
84.7
82.1
84.2
85.2
85.2
86.8
86.4
80.0
74.1
73.8
76.9
80.9
83.6
86.9
90.3
86.7
89.5
88.2
87.5
86.5
79.8
72.8
74.8
77.3
76.1
76.0
75.7
79.4
83.7
82.4
84.9
85.3
83.5
80.9
81.0
77.1
69.8
76.6
76.0
73.6
71.7
76.3
83.2
83.6
71.0
66.2
66.8
62.8
59.7
61.5
58.9
57.6
60.8
64.7
62.1
60.4
66.8
71.9
74.0
77.0
57.2
55.5
58.7
57.8
47.7
45.3
46.6
51.3
55.3
59.3
57.2
58.4
60.1
59.9
60.2
56.1
53.7
54.2
55.7
58.1
56.1
58.8
51.7
49.1
50.6
55.0
55.1
50.3
52.0
51.4
42.5
39.1
37.6
44.5
49.5
50.6
51.0
56.0
62.3
53.4
58.2
45.1
40.2
50.7
38.8
39.3
39.2
43.6
42.9
46.8
37.3
36.1
39.3
46.4
44.6
46.1
37.9
36.2
34.3
37.0
39.7
33.7
33.2
40.7
39.8
41.2
41.7
35.8
31.1
30.6
32.9
31.1
