value
23.4
22.5
26.1
20.5
18.2
29.2
35.5
37.7
36.1
38.6
41.4
30.2
27.1
28.4
32.4
26.4
22.7
19.1
28.0
34.0
38.6
40.4
35.6
35.4
43.4
44.2
46.4
37.1
30.2
28.0
33.1
42.6
40.9
34.8
33.7
30.2
30.1
32.3
28.1
25.1
23.1
22.7
25.0
26.4
27.0
26.6
22.5
23.5
27.9
37.2
36.7
38.5
35.0
32.8
33.6
34.2
33.3
31.4
36.2
46.8
55.9
49.6
47.0
55.6
63.6
36.6
25.5
29.0
36.7
49.5
48.5
49.5
55.1
56.9
45.3
43.7
44.6
52.0
56.1
49.7
48.7
49.5
53.4
59.0
55.7
52.0
53.9
61.2
62.9
53.9
38.3
40.4
45.8
49.9
52.8
54.8
56.2
57.7
61.7
64.7
69.1
71.2
70.7
66.2
55.7
46.6
41.7
44.2
47.5
51.8
57.8
70.0
66.7
55.3
53.5
57.7
57.1
47.1
53.7
57.0
58.6
61.8
63.3
53.9
58.2
60.7
63.1
69.1
66.3
60.3
59.9
65.1
64.3
64.6
66.4
68.9
71.6
74.6
68.2
65.5
51.5
59.4
65.4
61.6
62.2
60.4
62.3
67.7
71.1
73.2
74.5
78.2
71.3
68.3
72.9
69.8
65.1
68.3
75.9
84.6
79.8
74.7
73.0
70.0
68.2
73.9
71.2
54.7
59.9
67.1
73.1
74.0
76.9
80.2
83.9
83.5
75.2
71.6
69.3
71.8
72.5
76.5
81.0
77.2
69.7
72.1
73.4
71.5
75.6
77.5
74.2
79.5
81.3
84.4
76.8
77.1
77.1
78.7
75.1
79.7
82.2
70.5
78.2
77.9
79.1
79.1
83.5
88.6
84.8
82.9
84.3
85.3
90.1
83.7
79.5
80.3
83.1
87.6
76.3
77.0
77.1
73.6
71.6
72.7
73.7
72.3
74.3
72.0
69.8
70.4
71.4
75.8
80.3
81.9
82.7
74.7
74.5
74.1
77.7
79.0
72.7
58.1
61.8
65.8
71.0
75.8
73.7
76.1
77.8
77.6
77.1
78.5
78.4
81.1
69.2
66.2
62.0
54.7
58.9
59.1
62.1
65.1
62.7
55.6
60.9
67.6
73.6
81.8
76.9
68.4
59.9
64.4
67.9
69.7
61.3
65.7
73.2
75.5
75.9
66.7
61.2
59.1
48.7
48.3
48.7
51.6
57.2
56.2
52.3
53.5
59.2
59.3
60.5
64.2
56.9
51.7
55.0
54.0
48.1
37.1
41.0
43.3
48.1
44.7
45.0
48.2
47.1
44.9
44.5
44.5
42.4
40.8
31.9
41.4
40.0
36.6
35.8
38.6
40.8
51.7
47.1
50.1
46.6
29.5
25.0
28.3
27.0
29.2
38.5
41.2
43.4
47.8
49.8
50.9
48.1
34.7
39.4
46.2
29.4
23.4
34.6
34.9
41.3
45.0
40.3
33.2
32.9
47.0
46.8
30.9
22.5
22.2
25.3
27.5
26.3
17.6
23.7
25.9
27.0
27.2
26.0
23.3
23.0
19.0
17.4
