value
21.2
25.1
28.4
28.5
30.1
32.6
37.4
41.6
43.2
46.1
45.0
25.8
25.0
31.5
32.4
29.7
28.8
29.9
35.6
37.3
42.8
38.2
40.1
44.4
47.1
50.8
46.6
47.4
50.8
52.2
48.9
52.1
43.8
41.5
35.4
37.4
40.3
43.4
48.8
44.7
44.8
43.8
44.7
46.2
46.6
45.1
44.9
47.7
42.8
43.7
47.7
48.9
43.9
45.5
48.4
51.5
35.9
32.9
42.2
50.5
58.4
55.8
55.2
58.5
61.6
43.1
31.1
30.6
43.3
53.8
53.6
50.2
54.2
55.4
47.3
51.8
57.2
62.8
56.6
53.9
59.0
50.2
54.4
61.1
53.0
57.4
62.9
58.9
62.6
51.6
47.8
51.3
53.8
58.7
56.3
58.1
59.7
59.8
61.8
66.7
68.5
66.4
61.2
65.7
54.8
49.5
56.4
60.8
62.4
60.8
66.1
69.3
61.0
61.9
60.9
54.1
60.5
52.7
47.8
52.1
57.0
61.3
61.5
65.2
66.8
68.7
69.8
65.2
68.1
67.8
66.5
63.2
65.7
69.0
71.0
74.1
75.0
80.2
69.8
73.0
64.7
71.8
75.1
69.4
63.4
61.7
63.2
67.7
72.6
76.5
79.0
83.1
76.2
73.3
72.4
74.4
78.2
79.7
82.5
82.8
82.8
82.8
84.0
80.5
74.0
75.1
74.6
76.5
78.4
81.5
84.0
86.1
87.9
86.9
85.9
87.6
87.2
80.4
70.8
70.4
72.2
76.4
79.0
81.8
84.2
82.6
80.7
79.3
79.1
79.3
74.9
79.7
82.0
85.2
78.7
82.7
84.0
82.7
84.7
86.1
86.6
86.7
81.5
82.6
84.2
84.0
85.3
87.7
89.5
89.8
90.0
87.5
86.2
86.6
86.2
85.5
86.2
87.1
83.0
80.8
81.3
82.8
80.8
78.0
71.2
75.6
78.7
79.8
80.9
80.5
79.7
81.7
81.0
81.9
81.1
79.7
79.9
80.6
80.5
80.6
80.4
75.6
73.8
74.7
75.5
75.3
74.9
75.4
77.3
78.1
77.7
77.6
78.2
77.6
75.6
74.4
70.2
68.7
68.4
70.2
71.3
74.1
75.0
75.7
75.6
74.6
75.3
76.8
79.8
74.0
72.7
73.2
71.9
71.3
71.5
72.1
73.4
75.0
73.5
71.3
69.2
65.1
60.9
58.4
58.3
59.0
61.5
60.3
58.3
58.6
61.8
62.2
62.1
64.3
57.2
49.1
55.2
56.0
43.5
45.0
52.2
57.8
45.0
48.7
47.1
49.0
50.5
54.8
56.4
52.1
51.7
51.7
52.5
51.9
51.1
47.9
47.9
50.3
57.6
56.7
51.9
56.0
55.5
45.1
41.2
41.8
42.7
43.8
48.9
51.0
50.0
49.7
50.0
57.8
52.2
44.7
48.4
53.7
36.2
46.5
43.9
45.4
48.1
50.6
44.1
45.8
48.3
52.5
54.3
35.1
34.7
35.2
34.6
37.9
32.5
30.8
32.4
31.9
32.9
34.9
32.9
26.1
23.7
21.0
20.8
