value
26.3
27.8
28.5
28.5
25.4
32.5
38.2
42.6
42.9
47.3
44.0
32.1
32.2
33.5
34.4
30.0
28.9
30.1
37.5
42.0
46.5
38.5
42.0
47.2
50.3
51.9
51.7
47.0
50.8
51.8
47.5
53.3
45.4
44.5
33.5
34.1
39.2
41.4
44.3
41.7
36.0
38.5
40.1
41.6
41.7
40.0
41.4
45.4
46.1
46.5
45.1
42.3
41.8
42.9
47.8
43.9
39.9
33.1
43.2
53.8
63.3
50.1
54.6
64.3
62.3
32.1
26.2
30.8
37.8
54.4
55.3
53.6
59.3
52.1
52.9
53.0
53.9
58.8
63.6
49.4
54.6
52.8
55.1
65.3
50.9
56.5
59.1
62.1
66.3
49.8
42.6
48.7
52.0
56.2
58.0
57.4
59.8
64.5
64.7
69.3
72.2
72.3
68.1
71.0
54.6
54.5
51.6
51.9
56.1
61.1
65.9
73.8
66.6
63.0
61.0
55.8
61.4
55.5
57.7
59.5
63.7
66.8
64.1
66.1
68.3
71.3
73.5
75.2
68.4
68.9
67.2
63.3
69.2
73.8
76.3
79.9
80.7
82.8
71.8
70.6
61.3
69.7
77.0
75.7
69.0
67.6
72.1
76.5
80.0
82.6
85.0
83.7
79.6
79.1
78.4
78.5
77.4
80.7
87.3
89.2
84.7
82.3
82.0
78.4
73.7
76.1
77.0
73.6
72.0
79.6
85.0
87.1
89.2
91.1
91.9
86.6
84.6
79.4
75.3
80.3
78.8
83.1
86.2
78.5
77.8
79.5
78.2
80.2
81.4
81.6
81.0
85.0
86.9
86.9
83.4
85.4
84.3
86.0
84.7
87.8
91.7
83.3
81.2
85.8
85.9
84.6
87.7
92.6
91.5
90.0
91.7
93.7
85.6
84.9
86.3
85.8
85.9
88.7
76.5
80.6
82.9
72.0
77.3
78.3
76.1
79.3
81.0
83.7
81.0
82.4
84.8
85.2
86.1
85.5
82.6
79.9
81.7
79.9
80.5
80.5
73.4
68.0
69.7
74.2
77.0
77.8
77.2
80.9
80.5
78.3
79.8
81.9
82.9
78.9
73.7
69.6
71.9
67.2
66.5
68.4
71.3
76.1
80.2
71.8
73.2
75.3
78.1
84.7
77.8
70.9
67.5
71.1
72.0
72.6
68.8
73.4
76.6
75.7
76.7
67.9
62.3
59.5
52.1
53.1
55.3
58.8
61.1
57.9
60.6
59.6
62.5
65.2
66.4
68.7
58.9
51.0
57.2
54.8
41.9
39.8
44.0
51.1
49.4
50.1
50.4
51.1
53.3
52.0
50.2
49.4
47.8
49.3
48.9
49.6
44.9
41.9
44.2
44.3
50.7
50.7
53.5
51.1
52.2
35.9
35.0
37.4
41.0
43.3
47.0
50.4
51.2
54.9
54.8
57.9
47.2
42.2
45.4
49.6
32.1
36.9
41.2
43.0
50.2
52.5
43.5
39.9
43.6
54.5
48.2
35.1
32.6
29.4
32.0
32.5
31.3
25.5
29.5
31.1
33.5
34.0
31.9
24.9
27.2
22.8
21.2
