value
34.1
23.6
18.6
28.1
34.0
32.3
35.5
33.9
34.1
43.4
34.0
40.8
45.4
50.7
40.4
34.5
36.1
28.4
33.6
45.7
28.5
23.1
13.0
11.6
15.8
18.9
20.3
24.9
31.4
43.8
55.1
31.1
24.3
26.9
26.5
24.1
30.2
26.8
28.8
23.5
16.9
32.1
40.5
34.9
35.0
35.9
34.9
26.2
21.4
31.9
36.5
28.3
30.8
34.0
35.7
35.2
37.7
40.4
40.0
37.8
38.0
37.2
34.7
37.3
37.3
34.3
31.5
39.3
36.7
40.3
46.9
47.4
34.4
30.8
35.0
34.3
28.9
33.5
34.5
33.3
34.3
36.7
39.1
38.6
36.7
42.2
43.6
46.9
49.2
45.6
50.1
36.5
36.8
39.4
45.3
42.4
40.9
52.3
57.5
54.7
48.8
43.0
43.7
48.8
41.2
47.6
58.1
49.2
59.1
57.0
45.8
44.2
42.0
51.3
54.9
52.8
49.6
51.2
52.9
54.3
53.5
56.1
52.1
52.5
49.2
53.1
48.1
61.4
60.3
64.4
62.4
62.4
52.7
50.1
51.5
63.9
62.5
58.8
58.0
65.2
71.5
59.4
66.2
64.2
51.0
49.5
46.6
60.2
62.2
73.9
79.7
77.5
73.4
67.4
64.8
63.3
60.8
59.2
62.8
70.1
66.3
64.8
65.3
60.3
58.9
69.2
67.5
73.4
67.8
64.8
66.1
69.1
71.0
64.9
80.3
79.0
79.0
71.4
71.6
73.2
73.3
73.7
75.3
77.5
81.2
82.4
82.9
84.0
82.0
72.9
76.1
76.1
73.7
70.5
80.3
84.4
84.7
81.5
84.0
85.8
84.7
76.6
75.5
77.8
78.2
66.5
64.3
64.7
73.8
74.8
74.6
72.5
70.8
72.7
72.2
70.5
67.6
67.2
67.6
72.4
73.7
76.1
70.3
71.2
68.7
68.2
66.6
68.1
69.7
68.2
69.7
75.4
76.9
73.7
73.8
68.5
67.3
70.8
72.9
72.7
67.2
67.3
73.9
74.6
72.7
72.5
69.1
66.8
60.0
61.7
69.0
59.0
64.7
77.2
75.8
72.2
63.4
59.4
59.8
54.1
56.4
62.0
63.5
63.2
68.1
56.3
54.7
57.8
59.4
59.1
59.7
56.5
59.1
61.8
68.2
66.1
59.4
62.7
60.5
65.9
62.1
55.2
55.8
60.5
58.1
55.1
49.9
55.2
55.6
60.6
63.7
53.9
55.8
52.2
55.4
48.0
46.0
43.7
42.5
50.0
45.5
43.7
44.0
49.7
65.0
58.4
48.2
37.3
36.7
46.4
52.7
42.1
38.2
46.5
44.7
42.1
31.1
37.3
46.8
47.4
45.6
60.1
45.5
34.8
34.1
44.8
45.7
27.5
24.8
36.8
51.8
34.9
29.7
25.9
35.8
38.9
40.2
38.8
41.3
52.6
38.2
29.7
32.8
33.8
26.9
24.6
23.0
19.4
30.6
27.2
17.4
25.7
32.3
39.7
47.5
58.9
41.7
36.9
23.8
26.7
30.1
34.7
36.5
37.8
22.2
