value
25.5
27.0
27.9
29.8
32.1
34.0
24.1
22.2
13.4
20.1
30.9
28.3
22.4
26.1
31.3
32.5
31.0
34.3
31.6
34.2
40.3
42.7
40.0
33.3
32.6
24.1
23.9
24.3
27.0
29.3
33.4
36.7
33.5
39.5
35.2
36.1
33.9
38.5
36.0
36.1
33.5
32.1
31.4
40.7
38.7
36.4
33.1
32.4
34.5
34.9
36.9
37.1
40.2
37.3
37.9
43.0
38.7
40.0
38.4
40.3
34.8
37.2
39.0
35.6
38.5
47.1
53.4
51.9
54.9
51.5
44.8
43.3
48.4
40.1
35.5
33.2
37.4
45.9
47.7
46.2
43.2
41.5
29.8
30.1
29.6
29.4
32.4
34.9
45.0
53.5
56.8
53.4
49.5
47.5
48.9
54.8
44.4
41.7
44.1
50.3
54.4
54.3
60.5
57.0
54.2
56.1
54.6
53.2
53.8
57.1
58.9
56.2
58.0
64.9
66.3
66.6
70.8
69.7
69.0
71.7
70.4
69.1
69.4
66.7
68.9
67.6
68.6
65.2
65.2
65.8
66.7
65.9
64.0
62.0
60.5
64.0
66.0
70.4
71.8
74.6
70.5
69.3
64.6
61.6
64.3
60.9
58.5
63.4
67.4
65.7
58.2
62.7
59.9
62.1
62.9
63.4
65.8
67.5
64.3
69.1
73.2
71.2
66.9
70.5
69.2
70.7
76.7
79.1
80.2
79.7
76.5
75.5
81.7
80.4
78.6
78.3
68.4
67.9
69.7
72.0
62.6
69.1
68.6
70.8
72.3
72.2
72.3
73.7
74.0
74.8
74.2
73.8
73.8
72.9
72.2
70.6
68.4
71.0
72.5
74.6
77.2
69.9
72.6
75.4
76.7
78.2
73.6
73.9
78.7
82.4
79.9
71.5
75.3
76.2
78.4
75.5
76.3
78.1
78.6
80.7
80.5
80.1
76.1
78.1
79.8
79.9
75.6
74.5
74.3
75.1
76.4
77.8
76.2
76.6
75.4
74.6
73.2
75.4
68.4
67.5
71.6
62.3
66.3
67.8
67.7
64.7
65.6
63.6
63.5
65.2
66.4
68.5
69.4
68.9
71.1
68.0
62.0
61.7
61.2
64.9
58.5
53.4
57.0
57.9
59.0
61.7
63.0
59.0
63.9
59.1
56.1
50.7
47.9
45.1
43.3
43.0
41.7
42.0
45.2
48.4
49.9
52.1
54.9
56.4
55.4
55.9
56.4
54.9
59.0
57.7
57.6
50.5
50.4
55.8
58.6
57.8
54.9
49.8
52.5
56.4
55.0
58.6
58.1
55.8
52.0
53.9
55.4
58.6
56.7
57.0
49.1
50.8
49.9
48.4
51.8
52.2
48.8
45.6
42.7
40.4
44.5
43.5
43.0
45.2
44.2
49.6
50.9
52.0
45.4
36.5
33.1
32.5
32.3
27.7
34.7
37.7
28.9
30.7
31.4
32.2
34.0
31.3
34.0
31.2
27.8
34.5
34.2
31.0
27.1
32.1
29.5
27.9
26.4
25.6
25.8
26.4
28.5
26.7
31.5
31.7
40.5
40.5
31.8
30.9
35.1
