value
28.3
29.2
27.9
31.6
28.9
23.5
22.2
17.7
12.8
9.3
7.7
12.3
10.7
16.4
16.0
16.6
15.5
10.5
8.4
7.1
8.7
6.0
7.2
13.4
10.2
5.1
4.9
9.6
18.0
23.0
26.1
27.8
30.9
32.0
28.6
23.9
31.6
29.4
27.9
29.6
32.4
32.6
31.4
26.4
24.1
20.6
17.7
19.2
16.6
11.4
12.4
14.4
12.4
16.5
22.6
27.7
28.9
31.2
34.1
31.4
14.8
9.9
14.7
8.4
20.5
28.2
15.8
13.8
13.8
14.3
16.5
17.2
24.7
31.0
33.3
20.0
19.7
18.2
20.3
18.0
11.7
13.2
15.6
16.9
19.6
17.7
23.9
27.6
26.3
31.5
34.9
37.4
33.2
34.5
36.1
34.5
31.7
33.4
35.6
36.7
37.2
37.7
39.5
43.5
49.1
50.8
51.9
53.4
58.0
49.5
42.2
39.6
42.1
41.5
39.6
46.2
50.5
43.2
46.2
49.2
49.8
52.2
54.1
49.5
51.0
49.0
53.5
62.4
65.2
69.8
69.6
70.5
69.7
72.0
67.1
72.4
71.1
66.9
66.0
66.4
57.6
54.5
57.6
63.1
63.9
60.1
60.0
62.8
62.0
63.7
67.4
68.7
64.1
68.9
68.4
66.8
63.3
58.2
61.4
64.9
67.5
67.1
62.2
63.6
65.8
70.7
68.3
65.2
61.0
63.2
62.9
63.3
58.3
65.5
72.3
73.2
77.7
79.0
75.7
77.7
71.4
68.7
71.7
74.9
74.9
72.7
73.5
67.5
65.8
65.0
67.2
69.2
69.9
69.9
66.1
64.5
63.7
63.3
63.5
63.7
60.9
56.5
56.3
58.2
58.5
61.1
62.7
59.0
61.5
61.8
63.7
63.2
66.4
64.4
65.1
65.7
65.8
67.9
69.0
69.7
71.4
73.9
73.2
66.7
67.9
67.6
62.6
63.2
63.4
64.8
64.9
66.8
69.0
68.7
67.3
57.6
55.0
58.0
53.8
58.5
60.0
58.2
58.5
56.2
57.2
55.8
51.6
46.9
50.6
55.2
54.7
56.3
53.8
48.9
49.7
51.0
51.9
52.4
55.6
55.0
57.2
55.5
51.7
50.4
50.5
48.1
45.8
40.8
37.0
38.3
40.4
38.8
33.9
35.8
36.0
35.3
37.6
41.8
45.3
46.3
50.4
52.0
50.7
47.8
47.3
45.5
37.9
41.5
46.4
37.5
40.7
36.2
37.4
35.2
31.0
32.3
40.5
47.8
46.1
49.5
51.4
51.0
48.6
42.8
41.5
40.8
43.2
46.1
44.2
55.4
46.4
40.3
41.1
47.8
45.2
37.2
35.6
35.2
35.7
35.1
41.4
32.8
30.9
33.3
35.1
36.9
37.8
38.5
36.6
32.4
22.6
31.6
31.3
23.0
31.2
27.2
20.1
32.4
28.7
28.1
27.2
25.5
18.2
9.3
9.1
25.2
32.7
23.8
15.5
16.1
32.1
33.7
31.6
27.5
29.1
33.3
33.9
34.7
33.8
32.6
28.8
30.9
33.9
33.9
34.3
