value
37.5
37.0
36.1
35.5
32.8
29.2
26.0
24.7
27.7
27.7
18.1
9.9
14.1
10.8
12.7
14.3
16.6
8.7
-1.7
7.0
15.0
6.5
13.3
22.2
16.9
14.1
11.8
15.2
26.7
32.7
35.4
30.8
29.8
27.8
28.0
33.8
33.2
27.1
32.9
32.0
30.7
30.1
29.5
33.9
33.3
30.7
28.9
28.1
27.9
25.9
18.0
15.0
12.5
21.8
27.4
30.0
33.2
35.5
35.1
33.8
25.6
28.0
20.5
33.4
36.1
28.6
20.7
18.0
16.2
14.2
13.8
15.1
16.6
17.8
23.2
21.5
19.3
22.4
22.2
21.7
15.9
15.7
24.0
26.6
22.7
24.9
25.1
29.8
29.6
31.2
30.9
31.2
29.3
33.7
31.6
29.8
29.9
30.1
29.3
36.4
37.2
42.3
42.0
36.0
38.5
45.7
50.3
54.5
50.8
41.5
39.1
45.3
48.9
48.7
43.9
41.7
37.0
39.4
44.8
47.0
46.6
46.2
44.5
49.8
48.6
53.5
56.5
62.7
66.4
63.0
56.2
50.6
51.2
53.6
52.6
64.6
72.1
70.4
66.9
63.9
62.3
59.7
59.3
62.3
56.5
56.4
66.3
62.4
58.8
64.0
63.1
70.8
72.8
69.8
66.1
62.3
66.0
65.2
66.5
61.8
56.9
55.8
60.8
65.2
64.6
60.1
59.2
58.5
61.2
58.8
64.6
76.5
71.1
68.8
70.3
70.0
74.7
65.9
60.7
58.9
61.1
58.0
61.8
64.5
72.2
71.6
65.3
64.0
66.6
63.0
64.2
65.2
68.1
67.6
68.2
64.5
63.7
63.0
66.8
61.4
60.4
59.7
60.3
62.1
65.0
63.6
64.1
63.3
67.6
72.3
71.3
67.0
64.0
63.9
65.4
69.4
65.9
68.0
75.3
79.0
69.7
60.3
61.7
59.4
58.4
57.6
59.6
60.2
64.5
68.1
67.0
64.8
63.8
61.4
60.4
57.3
56.8
59.7
60.5
57.1
59.8
59.2
60.2
58.3
52.5
59.5
58.3
55.8
56.2
53.6
54.4
57.6
62.2
60.1
59.8
60.3
57.7
55.1
55.6
57.6
59.2
61.8
56.2
56.2
53.4
51.6
49.0
43.2
41.9
42.0
42.1
44.5
42.4
41.6
39.7
44.8
43.9
44.0
50.1
53.2
56.1
53.4
52.6
51.4
43.1
41.8
43.7
48.0
41.5
42.7
45.6
41.4
39.2
37.7
36.1
47.2
53.7
50.1
50.5
56.1
54.3
53.2
48.3
47.1
44.7
47.0
45.6
45.7
46.4
40.5
37.6
41.5
41.5
39.2
37.0
42.0
41.6
38.2
40.2
46.0
45.1
34.4
40.2
42.5
46.8
45.3
44.1
37.2
32.5
31.8
37.5
41.7
34.9
28.3
37.0
33.8
39.0
40.8
36.4
32.5
31.2
30.1
24.2
20.1
35.2
37.9
38.5
30.0
32.5
38.9
41.9
38.6
35.3
35.0
38.3
40.4
41.7
38.8
40.1
37.9
40.2
42.2
40.4
39.0
34.5
