value
81.5
80.4
77.6
77.4
79.9
80.8
75.9
79.9
80.0
76.8
79.7
79.4
75.6
77.4
79.2
80.1
78.7
77.6
78.6
78.9
80.3
81.3
78.5
79.1
79.7
81.1
80.9
81.3
80.3
79.4
80.5
80.9
81.4
80.7
79.2
82.5
80.0
81.5
81.0
80.4
82.3
80.0
78.9
78.6
78.6
81.3
81.7
81.6
81.0
79.6
81.6
80.6
81.7
80.9
81.1
79.7
80.7
80.0
81.0
82.2
81.3
82.9
78.9
82.9
81.5
83.7
79.6
82.0
82.8
84.9
83.7
84.1
83.2
79.9
82.8
83.1
82.9
81.1
82.6
83.3
82.6
82.8
83.4
-99
-99
-99
-99
-99
-99
-99
-99
-99
-99
-99
82.6
84.9
84.8
85.4
84.8
81.8
83.2
85.3
83.1
84.1
79.4
84.6
85.0
85.9
85.5
84.7
84.7
84.4
82.6
84.5
84.4
82.3
83.4
83.8
84.2
83.4
81.9
84.6
77.9
83.8
82.1
79.4
82.2
84.3
86.2
86.1
86.0
86.5
84.2
85.3
85.2
84.8
84.8
84.9
84.4
78.2
82.0
83.4
84.2
84.2
82.6
83.9
83.8
83.3
82.7
82.6
78.5
79.8
81.5
82.0
83.2
82.8
82.7
82.7
78.1
82.0
82.7
81.5
80.9
81.9
83.2
82.0
80.3
79.2
81.1
82.3
81.9
82.3
82.1
81.8
82.1
78.4
80.4
81.7
79.9
80.7
81.0
81.2
81.6
82.3
82.9
82.9
83.0
82.5
82.0
81.7
81.3
81.9
81.9
82.5
82.4
82.2
81.5
81.6
79.9
81.1
82.1
82.1
80.2
79.0
78.3
80.4
75.5
82.5
81.9
82.4
82.4
82.9
83.0
82.1
82.7
80.7
80.7
80.8
81.6
80.8
80.4
79.4
80.5
80.8
81.1
80.5
81.5
82.2
81.1
81.8
82.1
82.2
82.5
82.3
82.7
82.3
82.5
82.2
82.2
82.0
80.4
81.3
81.2
81.0
80.8
79.3
81.2
77.8
75.5
80.4
81.7
82.0
81.5
79.7
77.6
80.0
81.6
81.5
80.6
79.6
80.2
81.9
82.0
82.3
82.3
81.2
81.2
81.8
81.0
82.0
82.4
82.9
83.0
82.2
82.9
82.8
82.3
81.3
81.5
82.9
83.2
82.5
81.8
82.9
83.4
82.2
82.0
83.2
83.0
79.4
80.0
79.5
81.2
82.0
82.8
82.5
81.0
80.7
80.8
81.8
81.6
81.4
79.9
78.3
78.3
78.8
80.1
79.2
80.2
79.0
80.1
81.6
81.2
80.4
80.6
80.4
79.4
80.4
80.1
80.8
80.6
78.4
79.1
81.0
81.9
80.8
78.9
78.3
80.1
80.1
79.6
79.5
80.0
80.3
78.1
79.2
79.2
78.6
77.4
79.3
79.5
79.6
79.8
79.1
79.9
81.5
79.5
78.5
76.9
77.9
78.0
80.5
79.4
80.4
79.6
79.4
80.0
79.5
79.1
78.2
78.4
79.2
77.9
79.9
81.4
