value
54.0
59.4
51.0
45.9
43.0
48.6
49.2
52.0
61.4
60.5
62.6
66.0
64.5
59.9
65.7
67.2
65.3
47.6
47.0
53.2
51.6
49.9
42.4
51.8
39.1
46.8
44.2
48.2
59.0
68.3
55.9
47.8
41.9
49.4
46.0
51.1
58.7
53.3
55.3
52.1
41.1
61.7
58.5
57.9
51.1
48.5
45.2
37.9
39.8
48.9
48.5
48.8
52.9
49.4
55.1
49.0
58.1
55.3
52.5
43.5
43.7
40.8
40.8
51.3
51.4
46.3
47.4
49.4
52.7
58.8
66.6
57.2
49.0
50.8
64.4
65.6
63.1
63.9
57.5
50.2
45.2
49.6
53.9
50.1
42.8
46.3
48.9
51.1
59.9
64.2
67.3
60.3
57.8
55.0
51.0
56.9
60.7
66.1
69.8
69.8
70.7
73.7
67.1
63.3
65.2
68.9
69.8
72.1
74.3
60.1
56.5
59.1
59.5
63.5
70.0
67.9
64.3
66.9
70.7
67.1
65.8
68.1
65.0
62.0
65.7
65.7
58.8
65.3
72.3
74.6
75.0
75.8
66.8
62.8
70.2
75.1
75.6
75.0
76.3
75.7
73.2
74.7
77.5
76.4
66.8
69.4
66.9
74.5
74.8
76.0
78.2
77.8
77.6
76.8
77.6
76.9
75.9
77.6
80.6
80.8
80.8
78.1
83.0
86.8
82.2
76.9
75.8
78.6
79.8
80.0
76.6
76.9
78.0
76.0
80.3
80.9
79.5
81.1
83.0
81.2
78.2
79.1
77.7
79.8
80.9
82.0
80.5
81.4
80.5
81.1
81.8
81.5
78.1
78.5
80.5
82.2
82.2
82.2
80.1
81.5
80.8
78.3
81.2
82.0
80.8
81.1
80.3
78.4
81.1
80.8
79.9
80.0
78.4
80.6
82.6
84.2
81.8
80.2
81.3
80.9
83.8
83.1
85.0
86.3
85.8
81.4
70.7
72.1
74.3
78.7
80.2
78.4
79.8
80.8
81.6
78.8
76.0
76.0
76.5
79.0
82.3
81.4
80.5
82.7
83.0
80.7
80.8
82.4
80.8
78.4
77.8
79.8
79.6
79.5
79.6
80.4
76.4
77.7
80.1
75.0
71.2
73.3
74.9
76.4
76.4
72.5
71.5
72.9
69.4
69.1
68.0
68.4
66.8
68.6
71.3
72.2
74.5
75.6
75.3
77.1
69.0
65.6
66.8
70.5
72.8
71.6
71.1
68.3
69.1
70.3
74.6
75.6
69.3
64.6
65.7
66.1
55.5
55.0
51.5
56.4
63.8
63.4
64.4
67.4
74.6
69.4
57.9
55.7
53.5
63.5
67.2
58.1
51.0
60.2
56.6
58.5
44.9
44.2
54.5
65.2
64.9
73.5
60.3
51.6
58.5
65.5
66.3
49.9
39.7
55.3
61.5
39.6
41.9
45.8
53.2
57.0
55.6
65.8
65.8
72.0
68.5
48.2
52.7
65.9
49.5
45.8
43.3
57.2
61.8
47.9
51.5
52.3
47.3
58.6
64.4
72.7
72.9
57.3
43.0
44.3
48.5
47.8
64.5
53.6
53.4
