value
53.2
54.4
49.7
44.4
39.2
47.7
44.1
45.9
55.2
59.5
62.2
67.9
66.5
65.4
68.7
68.6
64.2
44.8
42.0
49.1
47.3
46.0
39.6
50.4
33.0
42.8
42.1
45.4
51.4
69.9
53.4
45.9
36.7
50.4
42.4
49.3
56.1
48.0
51.1
50.7
38.7
60.9
58.4
52.7
47.5
46.3
41.8
37.0
39.4
45.8
44.8
47.7
47.1
42.4
52.1
47.7
45.2
50.4
49.0
35.0
42.9
41.9
41.1
50.6
49.9
45.1
47.3
45.9
51.4
58.6
65.2
54.2
46.8
48.5
68.2
68.8
60.3
57.7
54.3
47.5
43.5
45.6
48.4
46.8
39.4
44.9
46.1
48.6
61.1
64.9
66.0
60.1
58.7
51.3
48.1
55.4
62.2
69.2
72.3
74.6
73.3
75.3
66.6
62.8
62.8
69.8
72.4
72.2
74.4
59.1
57.0
60.0
60.7
66.6
71.6
63.7
63.4
62.8
67.9
68.3
66.4
66.6
63.9
60.8
60.9
64.2
55.6
65.8
72.0
74.1
76.0
73.6
64.4
60.8
73.6
77.6
76.2
75.1
71.9
74.1
75.0
73.9
76.2
74.0
65.3
66.6
62.9
75.5
74.6
75.7
77.8
78.6
79.0
79.2
77.8
75.3
73.9
74.5
77.6
75.3
75.2
78.1
82.8
86.2
81.1
75.3
77.5
78.6
77.6
75.3
77.4
77.6
78.2
77.7
76.4
76.8
77.2
80.7
83.3
81.4
78.8
74.5
74.9
76.2
78.0
76.6
77.2
79.8
79.4
79.9
79.2
79.0
76.9
76.2
77.1
78.6
79.5
80.6
78.6
82.4
80.7
80.3
79.4
82.6
80.8
80.9
80.5
78.3
78.5
79.7
78.4
79.3
77.5
80.0
82.9
82.2
81.1
76.4
77.5
80.8
82.5
83.9
85.2
85.5
84.1
79.3
71.3
67.4
67.4
74.1
74.4
77.0
77.9
80.7
79.2
77.5
75.4
71.5
74.5
79.9
83.0
80.6
78.6
82.2
82.8
82.0
82.5
82.7
79.7
78.2
77.7
80.3
80.2
78.9
80.3
80.9
75.7
77.0
80.7
76.6
71.5
70.2
74.9
76.6
74.3
68.9
68.9
70.6
69.6
70.2
68.4
67.9
65.1
67.7
70.8
73.4
74.5
74.8
75.6
76.1
65.2
65.4
66.8
72.9
71.4
70.7
68.4
68.4
64.8
72.2
71.8
68.4
62.9
59.3
63.6
64.9
53.0
52.2
46.0
54.6
61.5
62.4
63.2
66.6
70.3
65.0
57.3
51.6
52.6
59.6
59.0
54.0
46.2
54.4
51.5
48.7
38.6
38.6
46.2
60.4
57.9
72.9
56.8
50.5
54.4
61.8
62.9
46.4
36.6
47.4
52.0
35.7
37.7
43.6
50.7
52.8
53.3
61.2
62.8
70.0
65.0
44.8
43.2
57.1
42.1
42.0
39.2
51.4
52.1
44.6
49.1
50.3
42.9
50.7
59.0
73.6
66.3
53.5
38.8
44.9
42.3
40.4
53.2
48.5
50.5
