value
66.1
66.8
66.4
61.0
63.1
68.5
68.9
65.8
68.5
65.1
55.5
53.0
54.3
56.5
55.3
53.6
58.9
58.4
60.2
62.3
65.0
62.3
61.4
66.4
68.2
70.1
70.5
70.9
69.5
63.8
63.7
63.8
62.8
62.4
59.1
59.8
60.5
63.4
65.6
66.9
68.1
71.2
71.5
66.4
60.9
62.8
68.1
67.1
64.6
66.1
66.5
65.8
66.5
66.3
70.5
66.2
65.6
65.3
67.6
71.6
74.6
74.9
75.1
76.2
73.1
65.5
60.0
64.8
72.6
70.6
69.1
70.8
75.7
75.7
73.8
77.7
76.7
70.7
68.5
69.0
68.4
70.1
74.3
68.7
67.3
72.6
77.1
78.0
78.7
78.9
80.2
80.2
85.4
87.0
84.2
76.0
72.6
75.5
79.1
78.4
79.4
83.0
84.4
86.4
82.0
85.2
89.1
87.2
85.0
85.2
81.8
76.6
77.3
78.1
79.4
76.8
75.5
78.6
80.9
72.9
76.7
83.3
84.6
83.9
81.7
83.1
87.3
84.8
85.0
86.2
90.6
91.7
93.8
87.2
89.6
95.5
88.7
83.9
85.8
87.3
92.4
92.4
89.3
91.2
89.9
89.2
92.1
93.2
92.4
89.8
91.2
94.8
94.9
90.1
90.1
92.1
95.3
95.6
93.4
93.1
97.3
94.4
91.4
92.0
94.5
96.3
98.5
97.3
98.0
97.6
95.4
96.1
98.1
98.1
99.9
100.9
97.8
97.2
97.2
98.4
95.9
95.6
95.9
95.3
94.7
97.2
95.7
97.3
98.6
96.0
96.3
98.7
99.5
100.2
98.1
95.7
97.9
97.2
96.6
96.4
97.0
98.2
98.1
98.2
97.7
101.1
101.0
97.4
96.6
96.9
94.1
95.5
95.9
96.2
96.3
94.4
92.1
93.0
97.3
96.7
93.7
94.6
94.6
95.8
94.8
97.6
96.7
97.8
99.3
98.5
98.3
95.4
95.5
94.0
96.4
96.2
94.7
93.2
94.3
94.7
95.2
90.9
91.6
93.6
94.4
94.4
97.7
93.7
93.5
92.3
93.7
92.5
90.8
91.6
90.0
89.7
91.1
90.9
90.7
93.7
94.3
93.7
95.0
93.5
93.9
90.8
88.9
88.7
85.8
84.7
85.2
85.3
85.5
86.2
86.9
88.1
89.4
88.6
88.2
87.0
80.5
77.7
76.0
77.0
76.8
78.0
78.8
79.4
83.5
80.0
81.0
84.4
82.2
80.5
75.7
74.8
74.2
76.4
77.5
80.0
80.3
80.2
77.8
80.8
78.7
79.6
81.4
79.9
73.9
72.7
74.6
75.6
80.1
81.2
78.6
77.1
78.8
78.4
73.1
72.1
67.7
74.6
70.4
71.0
66.9
64.0
65.8
67.1
67.2
67.7
67.6
68.3
67.6
69.0
69.6
67.0
66.5
69.2
71.2
69.8
68.5
67.8
70.7
64.7
60.8
70.1
73.0
72.1
63.0
54.6
57.2
59.4
63.3
60.5
54.8
53.9
54.4
58.6
59.3
55.5
54.5
55.2
58.1
59.9
62.8
