value
16.9
28.2
19.9
21.8
30.6
25.1
34.4
34.0
32.6
39.3
25.7
8.8
9.8
5.7
9.6
39.7
34.3
38.1
38.8
21.4
14.1
12.4
19.4
16.4
34.5
34.4
36.4
30.9
26.4
10.3
8.6
19.6
37.3
36.2
35.1
40.3
37.7
35.9
34.5
27.6
29.3
19.2
27.3
37.1
32.0
22.0
37.1
36.4
31.3
16.1
18.7
22.6
21.2
28.3
33.0
27.9
29.9
31.4
25.5
32.3
42.9
46.1
33.0
19.3
22.8
38.3
34.6
32.2
30.0
34.7
31.7
36.6
54.7
53.8
34.7
28.3
26.3
30.9
25.6
30.9
25.6
20.7
14.7
15.5
18.7
32.7
42.8
49.5
49.6
40.6
35.1
38.0
47.1
43.1
43.0
53.8
49.1
39.5
15.3
19.8
21.6
30.8
28.8
32.9
23.4
27.2
26.9
25.9
31.5
36.7
43.3
29.9
23.4
34.1
43.7
54.0
59.3
60.1
55.4
50.1
38.8
39.3
43.7
44.0
46.3
50.0
51.0
57.1
55.4
56.1
49.6
53.3
72.1
70.7
62.9
65.1
63.1
64.3
57.1
50.7
46.6
47.6
54.0
64.4
65.1
62.0
60.6
59.2
60.9
58.2
53.8
52.0
54.2
59.8
55.5
52.7
55.9
61.1
64.9
62.5
67.2
67.7
61.1
60.9
67.6
66.2
64.3
65.3
64.6
71.6
77.4
68.0
66.0
54.9
69.2
73.4
71.1
74.1
72.7
70.8
68.2
70.6
69.9
72.8
73.1
72.9
74.4
73.9
72.6
70.9
69.6
79.7
82.0
77.7
71.1
70.6
77.9
78.5
80.4
75.4
73.6
73.5
75.9
70.8
72.4
72.2
64.2
59.5
65.1
69.5
72.7
69.8
68.1
68.4
67.2
73.1
72.8
69.3
69.5
68.1
68.3
68.4
67.6
64.5
68.5
62.5
65.5
65.9
72.2
72.2
76.3
75.7
74.4
68.2
73.0
81.0
80.9
82.3
81.7
77.1
82.3
76.0
76.1
67.7
70.0
77.8
76.2
78.5
78.6
79.3
74.1
68.8
65.8
66.1
65.8
61.6
66.9
61.3
57.0
66.8
73.2
59.9
52.0
61.1
70.9
61.7
57.2
63.9
58.6
47.9
49.9
56.6
65.8
56.1
56.7
49.6
36.8
-99
-99
48.0
52.1
47.6
44.9
46.6
43.1
43.5
43.1
35.6
38.0
39.0
35.5
45.5
50.9
41.1
47.6
44.7
39.0
44.1
47.2
48.7
32.2
27.3
30.7
38.4
45.5
40.0
46.1
38.2
30.4
24.3
30.6
42.3
42.9
37.7
25.5
24.1
44.2
45.5
37.1
35.3
35.3
34.4
42.2
35.4
15.4
15.5
17.9
31.2
36.8
29.2
28.7
25.9
31.3
38.7
39.8
41.0
25.2
8.4
0.0
-6.5
-10.5
-5.4
1.3
18.6
8.5
21.7
23.3
23.2
40.4
36.2
30.0
40.1
20.8
0.1
9.3
8.0
-1.4
21.9
28.6
31.7
37.4
31.6
9.2
28.6
22.3
