value
64.4
64.2
61.0
56.2
64.0
67.0
65.5
61.2
63.7
56.6
48.0
47.1
51.3
53.4
50.4
47.6
47.7
54.2
59.4
65.5
64.9
61.6
64.8
67.7
70.3
69.2
69.0
70.0
65.4
58.5
64.3
57.9
59.2
55.5
53.6
55.4
60.4
62.7
62.8
65.2
69.5
72.6
71.7
61.7
59.9
64.9
69.4
62.2
64.6
66.1
64.7
64.7
66.0
71.7
68.3
62.7
61.8
65.8
70.6
74.0
76.3
74.8
74.6
81.0
69.7
60.0
59.9
71.4
78.2
68.4
67.9
70.2
72.3
72.5
74.1
79.7
75.3
68.2
64.1
63.5
69.5
70.8
70.4
64.9
67.2
74.0
77.3
80.5
81.2
78.3
81.0
83.5
84.5
86.9
82.8
69.7
75.5
79.0
80.7
81.8
80.3
83.6
88.9
85.2
82.3
83.8
81.5
86.9
88.2
84.4
78.7
74.5
76.7
76.6
73.5
63.2
63.5
70.1
72.3
72.0
72.9
78.4
79.4
82.3
82.1
80.7
76.1
80.2
84.4
88.0
92.1
90.4
91.4
85.5
91.1
91.2
85.3
84.0
86.3
90.9
94.7
91.2
88.9
90.2
92.3
92.4
93.8
92.1
89.0
88.5
90.0
92.3
92.3
92.2
94.3
91.8
93.0
92.6
89.3
89.4
92.5
91.1
88.7
90.5
93.0
94.0
93.3
93.4
94.9
96.5
95.0
94.3
94.7
94.7
95.7
96.4
96.0
95.7
97.0
98.0
97.6
97.2
96.8
96.0
94.6
94.5
94.1
98.1
102.1
100.3
97.7
98.8
100.8
99.4
97.5
97.8
98.7
102.3
103.8
103.1
101.1
98.6
96.6
97.1
97.0
95.9
96.9
96.0
96.5
96.3
95.5
94.5
94.0
94.5
94.4
95.2
94.6
95.6
95.1
95.4
95.0
95.4
96.5
96.8
97.6
95.8
96.4
98.1
95.1
97.9
100.7
99.0
97.8
98.0
96.1
95.4
93.1
91.7
93.0
96.5
97.7
95.3
95.2
95.4
97.0
96.8
97.3
98.1
96.7
92.3
92.1
90.9
89.6
91.3
91.4
91.2
89.9
89.3
90.7
92.2
94.1
93.3
92.4
91.0
90.8
87.3
86.4
85.2
81.7
80.5
80.9
82.3
84.5
84.5
83.4
84.1
85.6
87.3
88.0
86.0
75.0
73.8
75.9
76.8
74.6
74.4
80.7
81.6
79.4
79.9
82.2
82.1
79.2
76.1
73.9
75.1
77.6
77.7
77.0
78.8
80.4
75.1
74.9
75.1
74.7
79.5
81.0
72.2
70.9
74.0
76.2
73.3
73.9
75.5
73.2
72.1
73.0
68.8
66.8
65.6
61.7
65.2
62.7
65.4
63.3
59.2
59.3
61.0
63.2
66.6
67.0
65.6
64.5
64.4
63.5
62.1
65.7
67.4
67.0
66.3
63.2
66.7
67.2
55.6
56.4
67.6
70.9
64.9
52.0
48.4
52.0
54.5
60.4
53.8
53.5
52.6
51.9
48.8
51.0
50.8
53.7
56.0
57.4
58.3
62.2
