value
11.5
20.0
18.2
18.3
11.5
13.9
27.5
18.0
30.6
33.9
34.4
14.7
6.4
8.2
17.2
30.3
21.4
34.5
35.7
7.7
-2.2
4.0
11.1
0.6
16.0
12.9
33.4
33.9
32.1
19.2
-2.1
-0.1
17.9
22.4
17.5
28.5
31.5
28.9
23.5
31.5
35.4
23.8
23.8
28.0
31.2
15.4
16.6
31.4
29.5
5.5
4.1
17.0
17.7
10.8
15.7
22.5
23.2
26.1
23.6
22.2
16.0
26.1
29.5
26.1
20.0
24.7
32.7
35.8
27.5
21.2
26.8
22.9
37.7
36.3
27.1
21.1
24.7
16.3
15.9
18.3
24.1
28.3
25.2
24.7
20.8
33.9
40.0
46.4
53.1
36.2
26.3
30.7
40.3
47.5
38.0
52.2
41.2
44.9
30.2
29.6
30.8
30.4
27.9
35.1
34.3
33.3
33.7
31.3
28.9
28.5
40.6
33.4
28.0
33.4
38.5
59.5
54.3
65.6
60.1
63.1
43.4
40.6
38.0
39.8
41.9
48.5
49.5
58.8
57.6
53.6
50.5
44.9
61.9
74.5
67.6
65.6
67.6
73.4
67.8
62.0
56.3
51.4
54.1
55.8
63.3
54.4
54.5
60.3
65.9
67.1
63.3
56.2
55.3
58.0
62.3
57.3
58.3
56.7
58.1
59.9
59.7
71.9
69.2
64.6
72.9
71.5
70.3
72.1
70.0
74.7
78.8
80.9
70.5
71.9
69.4
76.0
78.5
76.5
73.4
69.1
66.2
67.2
69.3
69.4
73.3
76.8
78.6
79.0
75.2
78.4
70.8
71.2
78.2
81.3
73.7
75.3
80.0
81.5
82.9
80.6
71.3
74.7
77.3
67.6
67.6
73.5
66.2
56.2
59.5
61.2
67.5
68.1
70.8
66.1
63.2
64.2
73.8
71.7
69.1
68.6
67.2
65.2
68.1
67.8
64.8
61.6
62.1
62.1
68.3
70.3
74.0
78.2
77.7
73.9
73.8
78.5
81.8
82.7
83.4
82.2
81.3
80.5
74.7
71.3
63.2
67.1
74.0
76.2
75.3
77.6
74.4
77.2
73.0
72.7
68.9
60.0
61.5
62.8
55.3
59.2
72.7
72.5
54.8
52.9
66.1
67.6
65.0
62.2
71.1
73.4
57.6
59.8
68.0
67.0
59.9
58.0
56.2
45.5
46.7
53.3
62.5
64.8
66.2
66.2
52.5
45.4
47.9
47.9
43.9
40.3
40.5
42.0
42.3
39.0
36.3
34.8
36.3
38.6
43.9
41.0
38.1
36.6
40.9
38.9
43.1
42.1
44.0
45.3
32.8
28.4
26.9
36.6
43.0
31.6
28.0
14.1
35.6
42.6
36.6
44.2
42.2
34.3
39.8
48.4
26.6
15.8
12.0
18.9
32.4
24.1
15.6
23.9
21.2
31.8
30.5
36.2
32.0
20.9
4.6
-7.1
-9.6
5.2
-2.4
10.2
0.8
15.3
12.7
10.2
8.0
12.9
30.5
29.7
15.4
9.1
9.5
7.5
-8.1
-0.4
22.1
26.0
25.9
31.3
0.4
5.4
4.1
