value
73.5
72.5
73.2
73.2
73.1
69.8
69.9
72.1
71.3
71.9
73.3
75.2
74.6
74.6
74.4
75.5
73.4
70.7
69.5
68.7
70.0
70.2
69.6
69.7
68.7
70.0
68.8
68.8
72.7
72.5
74.0
76.7
75.5
70.2
72.0
73.6
78.1
75.4
77.1
71.1
69.4
69.7
72.1
78.2
74.1
70.9
69.0
69.4
70.2
69.2
68.8
70.0
71.1
70.4
71.3
69.6
69.8
68.3
68.0
67.9
68.6
68.4
67.3
69.7
69.3
70.8
72.1
72.1
72.3
73.0
76.1
73.7
74.1
73.0
73.3
71.2
70.7
69.6
69.8
71.0
70.9
71.2
70.6
73.4
70.8
68.9
69.0
70.8
72.8
70.8
70.2
69.8
70.8
69.1
68.5
70.0
69.0
67.4
66.7
67.0
68.6
68.7
70.0
71.1
73.6
74.2
71.4
69.5
69.1
69.0
69.5
70.3
70.2
71.2
72.6
72.9
73.7
74.1
72.7
71.2
71.4
71.5
71.8
71.6
71.9
73.1
74.6
73.8
76.1
75.5
74.1
74.6
75.3
75.5
76.1
73.3
72.8
73.9
75.6
76.1
78.0
78.7
78.9
78.2
78.2
79.0
78.2
77.2
79.4
79.7
82.9
81.2
79.4
77.1
76.1
76.1
76.5
77.5
79.8
79.4
78.7
79.7
81.1
78.7
79.5
79.3
78.1
77.9
78.3
78.3
78.4
78.5
77.9
78.3
78.6
78.3
78.4
78.5
76.5
78.6
80.9
80.1
80.9
80.1
79.8
81.7
81.6
81.0
80.3
80.5
80.6
80.6
79.9
81.7
83.0
81.3
82.2
81.9
82.3
81.3
83.3
80.4
81.6
81.5
82.7
82.2
82.5
83.3
83.8
82.5
82.8
83.7
81.7
81.0
78.7
80.9
81.3
81.7
79.6
80.6
82.0
81.3
82.1
80.9
80.3
80.8
81.7
81.1
81.9
81.5
78.2
79.1
80.6
81.8
81.7
82.6
81.5
82.5
82.5
83.5
82.6
78.4
77.3
81.0
81.6
82.6
82.0
78.4
77.9
78.5
80.5
81.3
81.3
81.8
82.6
82.7
81.9
77.8
80.4
81.2
82.1
80.8
79.6
83.3
83.6
84.2
83.3
84.7
83.3
80.1
80.6
82.4
83.9
84.1
83.2
83.0
82.5
82.6
83.6
80.4
81.6
82.1
80.8
81.3
81.4
82.9
82.1
82.6
82.9
83.3
83.1
83.9
84.9
83.6
83.3
82.8
83.3
83.5
81.2
81.0
80.1
83.0
83.4
82.4
83.1
79.9
79.5
80.2
80.9
81.6
83.7
79.8
81.7
81.9
82.8
81.8
78.1
79.3
79.1
79.6
80.1
78.5
78.4
78.0
73.0
74.6
76.4
76.1
75.5
73.9
72.4
75.7
77.2
78.0
79.9
79.0
78.3
77.5
77.3
77.8
79.7
77.2
79.1
78.4
77.5
76.2
74.3
74.2
73.3
72.1
74.2
70.7
71.8
71.1
71.0
70.5
70.1
69.5
68.6
70.9
71.9
71.4
70.8
68.5
68.1
