value
78.9
79.3
76.7
78.9
80.2
77.5
76.6
78.3
77.2
78.3
77.3
78.0
76.9
77.0
79.6
77.7
79.0
78.1
78.1
78.7
79.5
76.8
77.3
81.0
80.0
79.3
78.9
79.6
80.0
77.7
77.8
78.2
77.5
77.1
76.4
78.7
78.9
78.4
79.2
79.2
78.9
77.2
76.8
76.8
78.8
76.3
76.1
76.0
75.5
77.2
76.4
76.5
76.0
78.0
79.6
78.8
77.5
79.3
78.4
77.9
76.7
79.3
81.1
80.2
80.1
79.9
78.7
76.5
79.1
80.0
78.1
79.6
79.9
77.4
80.5
79.7
79.2
80.4
76.6
78.0
79.1
79.7
79.3
78.8
79.3
80.6
81.5
79.7
79.4
78.8
80.4
80.8
78.7
78.2
78.3
79.2
80.1
80.1
78.7
76.4
77.5
78.7
78.0
78.5
79.3
79.5
78.0
79.4
78.4
77.9
79.3
78.1
79.2
77.9
78.0
78.1
77.7
78.7
79.3
79.6
80.6
80.5
79.0
79.6
81.7
79.8
77.9
80.6
80.7
78.2
79.2
77.6
78.3
77.3
77.2
78.2
77.3
78.9
79.1
78.4
78.9
80.5
79.6
78.1
79.8
78.3
77.2
76.3
79.5
78.6
79.3
78.8
80.1
77.9
77.9
78.0
79.4
81.3
79.2
80.9
79.0
78.8
78.7
79.0
77.6
76.8
77.7
80.8
78.7
78.0
78.7
78.4
77.3
80.1
80.3
79.1
79.6
78.8
80.3
79.7
80.8
79.7
79.6
80.0
79.8
77.2
77.5
79.8
80.6
78.7
79.9
78.9
77.8
77.3
78.4
79.6
80.3
81.6
77.2
77.6
79.2
78.5
79.3
79.0
78.8
79.7
79.7
77.4
78.4
79.4
78.6
80.0
77.5
78.4
80.9
77.6
78.5
79.3
79.5
81.0
80.5
80.3
80.4
80.8
81.4
80.2
78.0
80.8
78.1
80.8
81.5
81.3
79.9
80.2
80.7
79.4
78.6
80.1
81.6
79.0
78.4
76.9
79.7
82.3
80.3
79.4
80.7
82.4
81.3
80.7
80.5
81.3
82.5
82.4
81.2
80.3
80.6
78.1
80.9
81.0
82.2
82.0
81.9
79.4
78.4
81.2
80.4
80.1
82.3
82.9
79.9
77.5
78.3
79.1
79.4
82.1
82.2
80.3
79.6
79.5
79.4
79.0
80.9
81.8
81.3
80.8
81.4
79.6
80.1
81.4
80.7
81.3
80.9
79.2
80.5
79.7
79.7
80.4
78.8
78.6
79.5
78.2
77.7
79.4
77.4
78.0
80.4
80.6
78.9
81.5
81.5
79.4
77.4
78.8
77.8
78.6
81.0
80.5
80.6
80.0
81.3
81.6
81.4
81.2
78.8
77.8
79.7
79.8
81.0
78.3
78.6
78.0
78.1
79.1
80.9
79.8
80.0
77.9
79.4
80.6
79.6
78.5
77.8
79.2
80.4
78.3
78.0
77.6
76.6
78.0
76.9
78.5
76.8
76.9
76.3
76.0
77.6
79.6
77.9
76.5
77.6
77.7
78.5
78.1
78.4
