value
39.5
35.4
32.6
36.5
27.8
27.0
29.3
32.7
30.2
28.2
25.6
22.5
15.6
22.5
26.9
25.9
22.9
11.5
2.4
21.6
19.6
9.0
8.3
4.9
7.3
22.2
26.9
35.1
35.0
37.0
35.4
26.0
22.2
22.7
30.6
34.1
30.8
31.7
29.7
28.8
23.0
23.2
28.8
30.1
33.1
33.2
33.3
32.2
31.1
30.2
27.2
23.1
24.9
28.6
28.4
24.9
26.7
36.7
33.3
33.5
30.6
30.3
33.2
36.2
35.1
27.0
25.4
24.7
19.0
17.0
25.6
21.9
16.1
17.8
22.2
27.4
22.8
21.5
23.5
23.6
20.0
24.4
27.1
28.2
28.7
30.1
30.6
28.9
31.4
29.9
31.1
32.6
34.9
34.3
33.6
33.6
33.2
29.7
30.8
32.6
35.5
36.4
36.9
41.5
43.4
43.0
49.3
48.4
45.9
42.6
44.4
43.2
47.6
46.5
48.5
44.6
43.4
43.0
45.8
45.1
45.4
46.2
46.8
52.4
53.3
54.2
58.7
57.9
59.5
59.6
55.1
55.6
54.6
47.7
49.4
56.2
59.8
58.4
60.1
57.6
55.8
53.0
52.8
56.1
58.7
56.1
56.4
60.2
56.9
60.4
61.5
60.4
66.4
60.6
51.1
56.3
61.6
64.2
62.7
55.5
54.0
58.5
61.3
59.6
58.5
59.7
56.8
60.0
61.0
60.0
66.1
64.4
65.0
65.6
65.9
67.6
64.4
63.0
63.3
61.6
61.3
61.0
61.5
61.4
63.7
64.6
65.6
70.5
63.8
66.9
58.3
60.6
62.5
67.0
59.1
63.4
65.2
67.2
70.3
61.4
61.5
64.1
60.3
59.7
67.3
67.7
69.9
71.2
69.6
68.9
64.6
61.6
61.7
67.9
70.6
69.6
67.7
68.7
68.0
64.9
62.5
63.4
63.5
60.1
59.6
58.4
60.7
63.9
63.8
64.6
62.2
61.9
62.9
60.9
57.2
56.9
58.7
61.3
62.7
63.9
60.0
59.7
60.1
57.2
54.8
57.2
60.0
61.4
61.1
59.6
59.6
59.0
63.8
59.7
58.5
59.2
60.5
61.4
58.2
51.7
52.1
49.7
52.5
53.0
53.2
50.0
45.8
41.6
40.7
43.6
44.9
43.2
45.3
38.5
38.9
43.1
48.1
52.2
51.5
56.2
58.1
54.2
50.1
44.1
43.4
45.3
49.3
46.1
42.3
43.6
36.7
36.9
33.5
34.5
47.1
55.3
53.4
46.9
52.5
54.3
52.2
49.9
46.5
45.4
46.3
41.9
42.6
43.6
40.5
39.7
40.2
44.0
42.7
40.0
35.7
42.8
41.3
36.0
42.2
49.4
42.3
40.7
43.0
34.7
38.0
33.8
33.9
32.2
30.6
30.1
43.3
42.0
31.0
27.6
39.2
34.8
42.3
35.4
37.2
33.1
24.1
21.5
24.4
37.1
42.6
45.6
35.4
34.3
39.9
42.7
41.7
35.7
40.3
38.5
40.5
43.1
40.1
42.6
43.4
37.0
38.6
41.6
39.4
37.8
38.3
