value
50.0
48.7
46.0
44.5
43.5
48.0
45.3
43.0
45.5
49.7
44.1
46.7
41.0
45.6
47.3
49.7
42.3
53.8
53.0
46.4
42.8
44.4
45.2
46.7
45.2
50.6
53.4
52.2
55.5
61.1
57.5
55.7
47.5
47.6
49.5
49.7
44.3
44.4
43.7
44.8
44.1
41.2
44.5
48.2
52.2
49.7
46.4
52.6
53.6
55.3
53.9
52.2
40.1
36.2
34.7
38.7
37.4
38.8
41.7
44.2
41.6
52.1
55.6
61.1
61.4
63.2
58.4
59.5
57.4
53.7
42.5
38.6
42.5
45.6
50.2
46.8
46.9
48.6
49.8
60.5
56.9
55.4
54.5
50.3
52.1
51.8
47.7
59.5
53.5
56.5
54.4
51.8
51.8
46.1
40.9
43.0
49.7
51.8
52.7
60.3
57.7
54.0
66.3
71.9
58.8
58.1
63.8
53.4
51.7
48.9
49.8
51.2
52.8
64.9
64.0
52.2
44.6
45.5
51.6
49.3
51.9
49.4
51.8
54.8
59.9
58.5
65.8
62.6
54.3
54.0
55.8
55.3
55.2
55.0
52.8
51.0
50.8
51.3
54.2
54.5
51.4
54.6
55.6
54.6
54.5
55.0
57.8
53.9
51.8
54.8
54.2
57.1
57.0
58.5
61.3
63.0
63.7
60.4
58.0
57.6
63.2
71.1
71.9
62.2
65.8
62.6
68.9
60.6
59.8
56.3
58.6
61.4
64.0
59.8
60.8
60.3
63.3
63.8
63.8
63.5
67.4
66.9
65.9
66.7
70.1
73.1
73.6
73.0
75.5
75.5
74.5
76.0
76.6
74.4
74.1
74.9
72.4
72.6
74.6
78.4
77.8
77.6
79.1
71.8
77.0
74.6
72.1
71.9
74.5
72.1
74.2
85.0
76.2
74.9
72.5
75.5
71.0
70.0
66.2
67.6
68.3
71.1
73.5
70.8
70.7
70.1
71.8
70.7
73.0
72.7
69.6
70.7
77.1
71.8
70.1
69.3
67.5
65.8
68.1
66.7
67.2
68.9
67.3
68.2
68.3
72.3
77.0
70.4
65.6
62.3
60.4
64.5
63.3
63.1
63.5
67.3
65.5
63.2
59.7
60.6
66.0
64.5
66.5
68.1
70.0
76.7
70.3
74.7
77.8
77.4
72.8
69.3
73.7
78.6
75.5
81.1
65.5
62.2
62.1
60.0
57.9
61.9
55.9
52.8
54.3
58.0
60.8
65.6
68.9
67.7
73.0
71.9
70.0
71.2
71.3
69.7
72.5
70.0
65.0
70.0
61.6
51.7
51.6
52.1
63.1
64.8
57.6
57.3
65.7
64.4
62.2
57.4
54.2
58.3
56.4
55.7
56.7
54.4
46.0
45.2
49.6
50.9
49.3
45.1
49.2
44.4
46.5
46.0
45.8
44.0
37.7
38.2
41.4
48.0
46.2
45.5
46.4
44.6
47.7
45.9
45.0
41.4
45.3
46.2
50.9
48.5
49.2
47.8
54.8
55.3
53.9
52.6
49.4
45.3
44.2
51.4
56.7
59.7
49.4
47.7
63.6
49.6
45.2
50.7
54.9
