value
47.8
48.0
47.8
51.0
53.5
54.1
53.3
50.9
48.3
48.5
50.7
47.6
47.9
47.9
48.3
50.5
51.8
50.0
54.6
51.9
50.7
48.2
48.1
49.0
49.6
48.6
49.8
54.6
51.9
53.1
56.5
58.2
56.5
51.0
49.9
53.9
51.7
48.4
46.9
45.9
49.2
50.8
51.8
49.4
51.4
52.5
54.6
53.8
54.1
53.9
50.3
52.3
48.8
41.5
43.9
42.5
43.5
45.9
49.5
51.0
51.1
50.4
51.8
55.7
56.5
58.2
60.8
58.7
58.5
58.2
57.0
46.9
49.2
49.1
50.5
55.2
56.8
53.4
54.7
53.7
55.9
56.3
56.1
57.9
57.8
57.1
59.2
61.5
62.9
57.5
57.4
58.7
55.7
57.3
51.8
50.7
53.2
57.8
58.3
60.6
62.0
63.0
59.9
60.4
61.1
62.6
63.9
61.1
60.3
58.0
57.5
57.7
58.9
60.5
62.5
61.6
53.7
50.8
55.3
57.4
57.6
58.1
58.3
59.0
58.3
61.1
65.5
67.0
66.7
64.8
64.3
63.4
63.1
62.4
61.5
57.1
60.2
61.6
59.0
58.4
58.8
65.4
64.6
60.1
58.8
61.3
62.4
60.8
61.7
61.6
62.8
71.0
66.4
65.2
65.5
66.4
66.9
67.7
66.5
66.0
66.7
69.1
71.7
72.9
72.3
73.8
75.7
74.9
72.5
71.2
70.6
70.5
70.4
70.9
68.4
70.0
70.1
70.4
72.1
72.2
71.9
73.3
72.5
73.4
74.1
75.0
77.5
78.9
79.4
78.0
77.3
77.2
77.5
79.3
79.6
79.7
80.2
80.3
78.4
78.3
79.0
78.4
79.4
79.6
80.4
80.2
80.8
82.7
82.7
78.8
78.7
78.7
78.8
79.3
78.8
79.4
79.1
80.7
80.5
75.2
75.3
78.0
77.6
78.2
81.2
79.3
79.0
79.6
78.1
78.4
79.7
79.2
78.3
78.6
78.6
77.5
73.8
70.8
73.0
72.9
73.7
76.2
76.2
75.6
75.2
74.6
74.5
74.5
74.9
73.8
71.8
71.5
72.7
66.3
67.8
69.4
72.6
71.7
71.1
70.0
71.1
71.0
71.1
71.2
71.0
70.2
71.4
73.4
74.8
73.2
73.6
75.0
72.6
74.7
73.8
75.7
72.0
70.1
68.9
67.5
68.2
66.7
65.6
57.9
59.6
63.6
66.3
69.4
70.0
68.3
69.7
70.5
69.9
69.4
70.1
71.1
67.6
70.6
71.6
71.6
68.0
62.1
57.8
59.9
59.7
65.1
63.4
62.6
64.8
66.1
63.4
65.0
60.5
63.5
60.0
59.4
62.0
59.1
54.3
52.9
56.3
56.8
56.8
49.6
49.8
48.7
46.7
46.5
46.4
45.3
43.2
44.4
42.7
43.1
48.1
44.8
51.8
50.1
48.4
47.2
47.0
47.2
48.2
46.7
51.5
47.6
43.6
46.9
47.7
50.3
52.8
51.0
51.6
51.1
45.9
47.0
47.5
50.2
55.5
51.4
49.8
52.4
47.4
44.3
45.3
