value
41.6
42.3
41.8
38.1
37.2
36.6
34.4
34.6
36.9
42.7
44.7
46.5
42.3
42.5
44.8
46.1
49.5
52.8
47.7
43.3
44.3
37.9
40.2
47.2
41.4
48.8
42.6
43.1
38.2
41.9
44.3
44.7
45.2
43.4
43.0
45.5
45.3
41.9
40.7
42.4
39.0
41.5
41.0
46.7
45.4
45.0
43.6
43.4
48.1
47.7
50.5
48.0
48.1
38.6
36.8
38.1
38.9
38.9
39.3
45.1
42.0
47.4
47.7
50.0
52.1
53.9
49.6
50.4
47.7
47.9
47.3
40.5
42.4
44.3
46.7
46.9
47.3
43.0
48.5
47.0
46.6
48.0
49.3
49.0
53.7
54.7
55.6
54.3
56.5
52.1
51.5
49.9
46.5
49.6
44.8
42.5
44.0
52.6
52.4
56.5
57.4
53.6
54.8
61.9
64.2
64.2
66.8
66.5
56.9
52.7
55.6
57.2
56.5
58.2
58.4
59.8
49.4
43.0
44.8
48.1
50.0
51.7
54.9
58.5
60.9
62.5
67.0
68.7
66.2
67.0
65.0
64.4
66.6
62.2
53.0
50.5
47.8
49.3
49.9
49.8
54.1
60.9
60.1
61.0
62.2
60.0
58.8
61.0
55.7
55.9
57.4
61.5
62.9
66.1
70.2
71.1
70.4
63.1
59.4
60.9
66.2
71.5
77.7
80.7
80.0
79.9
79.9
70.6
61.6
60.1
67.3
70.9
73.5
75.9
71.8
76.6
76.5
76.5
75.5
77.2
80.0
79.6
80.8
82.1
84.4
85.9
86.2
85.9
86.0
83.9
80.4
82.4
85.5
81.9
80.8
80.5
82.2
81.4
79.9
83.4
83.9
78.1
79.3
83.1
83.4
84.3
83.3
72.9
72.6
72.0
78.3
83.5
86.1
85.0
80.4
79.4
81.2
80.4
77.7
73.3
76.9
83.9
85.3
83.3
82.9
83.9
84.2
84.4
81.6
83.2
84.9
84.6
85.6
82.8
79.4
79.9
76.4
75.9
75.5
71.1
69.4
72.5
74.0
75.7
77.6
77.0
76.8
74.8
73.4
70.2
69.5
70.1
72.8
66.4
66.4
71.3
71.4
72.7
72.8
72.0
72.4
72.8
72.0
74.4
73.2
74.0
73.8
74.0
73.0
73.6
66.8
65.2
66.7
69.9
69.1
69.9
68.0
63.9
64.6
62.8
62.5
63.6
62.8
61.2
58.5
55.3
58.9
62.4
62.7
64.7
64.3
63.5
62.8
59.1
58.4
60.7
60.9
60.6
61.8
58.3
58.1
52.7
50.1
48.5
50.6
53.6
53.6
55.5
65.0
59.4
56.6
54.3
52.4
53.2
55.4
56.9
58.4
53.1
47.9
39.2
42.0
44.4
47.3
43.1
41.4
45.1
42.7
43.2
43.8
39.3
40.5
39.0
35.8
37.0
41.4
35.3
39.9
41.2
40.7
40.3
38.1
36.4
34.7
36.5
37.1
37.4
38.9
42.3
40.7
42.5
39.1
43.3
46.7
42.3
35.1
36.1
39.2
46.7
46.4
44.1
50.4
47.7
38.4
36.1
40.9
