value
81.3
80.6
80.4
81.3
81.2
82.1
85.0
80.1
79.4
81.1
82.1
81.6
79.7
81.9
81.7
81.5
81.1
79.5
75.0
75.9
81.2
78.8
80.8
81.3
81.4
80.8
81.8
81.4
81.6
82.0
82.2
82.7
82.9
79.0
80.2
79.4
78.4
81.6
78.6
80.6
75.7
77.3
78.8
81.1
75.8
79.7
79.6
77.1
79.9
78.9
81.2
80.0
81.3
83.0
81.6
79.5
80.2
81.4
81.8
83.1
82.7
82.6
82.3
81.9
82.2
83.3
83.2
82.3
81.5
82.1
82.5
82.9
83.1
84.1
83.6
81.3
83.5
83.4
84.2
84.0
82.7
83.8
83.6
82.4
83.5
84.1
83.2
83.5
85.0
84.0
83.2
84.0
82.7
81.4
86.1
82.0
83.8
83.5
83.5
82.7
81.1
84.7
83.6
78.9
84.7
84.3
83.3
86.2
81.2
85.1
79.2
84.1
82.5
83.7
83.5
81.1
82.1
78.8
83.7
84.7
83.0
84.2
83.3
84.3
81.2
82.6
81.0
81.4
82.8
82.5
82.8
85.8
85.7
83.4
83.4
81.5
85.3
82.2
85.2
83.4
82.7
82.7
84.9
81.0
84.7
80.1
84.0
83.8
80.4
79.2
81.7
81.5
84.2
82.4
81.1
80.7
83.5
83.1
82.0
82.2
84.1
85.5
85.6
86.1
85.7
86.3
85.0
85.2
86.7
86.7
85.9
86.7
86.1
86.3
86.5
84.6
81.8
83.7
83.7
84.2
81.4
83.9
81.0
82.9
80.5
82.2
84.5
85.0
83.4
79.3
83.5
81.0
80.8
81.9
80.1
82.3
81.5
80.5
79.3
82.9
83.7
83.9
84.7
85.2
83.8
81.9
79.7
77.5
84.4
80.8
82.4
82.1
80.6
81.7
84.5
82.8
79.5
82.9
83.2
79.9
81.4
81.8
79.4
82.5
79.5
82.4
82.9
82.9
82.5
82.7
82.5
80.3
83.3
84.0
84.0
84.1
84.2
82.4
83.8
81.3
81.5
83.2
84.0
81.4
81.6
81.5
79.3
78.2
77.9
78.8
79.9
79.7
77.9
82.8
84.2
82.7
82.9
77.9
82.5
80.8
83.5
83.7
84.4
84.7
84.5
84.8
85.4
81.2
80.0
83.0
82.8
81.1
82.0
84.4
79.5
81.6
83.4
81.3
82.4
84.2
83.9
83.6
81.8
81.6
82.7
83.3
80.0
81.0
84.4
84.3
82.5
82.6
79.5
80.4
80.5
81.4
81.4
82.6
82.2
80.4
80.0
81.9
80.7
82.2
80.5
79.7
82.1
79.8
80.2
81.9
83.4
80.3
80.4
79.8
81.4
77.4
81.6
80.6
79.4
82.8
78.7
81.5
82.5
82.7
83.7
82.4
80.4
81.5
81.1
80.2
82.1
79.8
81.2
80.4
78.7
77.1
78.1
78.6
80.7
77.1
80.2
76.8
80.7
80.6
81.9
81.2
82.0
80.8
79.0
83.3
81.5
79.0
80.0
77.5
79.6
80.3
78.3
80.7
81.0
80.3
81.3
80.0
79.9
80.2
78.0
