value
33.3
34.9
32.8
37.8
42.3
40.5
36.9
32.6
29.4
33.0
37.0
35.5
34.1
33.4
30.0
26.8
23.1
20.1
26.9
31.8
30.2
30.9
26.1
25.8
28.0
21.0
27.4
33.9
34.2
43.3
42.3
44.4
36.3
32.0
33.8
39.6
32.8
30.6
28.5
24.7
19.5
28.9
29.2
27.4
23.8
32.2
31.6
28.7
27.8
28.8
33.3
28.2
24.4
22.9
24.8
23.7
23.7
28.2
30.3
30.1
32.9
33.0
31.9
35.8
38.8
42.1
41.5
45.1
43.9
42.6
41.3
34.2
27.3
26.3
31.1
37.7
35.2
39.8
39.6
40.6
44.5
40.8
36.3
33.4
31.2
34.0
35.7
34.0
37.4
35.0
36.4
39.0
38.6
41.2
40.3
42.6
39.3
37.4
43.3
48.7
51.1
49.3
50.6
56.6
57.5
59.5
61.3
61.4
45.2
39.9
46.0
48.4
48.9
53.7
58.7
59.4
48.5
46.8
50.1
51.2
55.8
56.4
50.8
51.7
53.8
55.6
56.5
59.3
59.2
52.9
52.2
49.0
52.2
57.1
54.4
53.8
50.8
55.7
50.8
52.4
50.8
48.9
46.7
42.8
42.6
45.6
52.7
53.5
44.7
47.8
46.6
50.3
53.5
51.4
54.2
59.6
62.2
63.2
63.2
61.2
56.2
60.5
63.0
67.5
60.0
66.3
70.8
75.3
77.7
75.3
67.1
63.4
64.8
58.8
54.3
54.7
55.4
52.9
56.3
53.8
60.7
62.4
66.0
61.8
63.9
66.7
66.9
67.7
67.9
67.0
67.8
66.6
64.3
64.6
66.3
66.7
69.0
69.7
66.0
67.2
68.7
72.4
73.9
71.9
71.3
73.5
75.9
79.1
73.6
61.6
65.2
67.9
72.3
75.4
75.4
71.8
74.9
73.2
64.8
63.8
62.7
64.3
65.7
67.2
65.8
62.8
62.3
67.3
69.7
70.8
65.9
61.5
59.3
62.8
66.9
61.4
58.2
59.7
57.1
59.6
58.8
60.8
63.7
62.1
58.6
60.3
63.9
67.3
68.0
65.7
61.2
58.0
56.2
52.6
54.5
55.9
60.4
59.9
54.2
51.0
59.3
55.3
56.6
55.4
54.2
53.4
55.4
59.0
62.2
62.4
60.9
58.8
57.2
57.7
57.2
56.8
60.9
60.3
56.9
56.0
55.9
55.9
46.5
43.5
43.4
47.1
50.5
52.9
53.1
52.6
47.2
52.0
52.0
54.0
52.6
54.1
51.5
52.2
53.3
58.5
60.6
50.1
46.7
41.5
44.9
52.8
46.8
43.5
45.7
53.8
52.8
49.6
46.4
42.3
39.3
35.8
38.3
40.0
38.5
39.3
39.3
39.4
38.6
37.3
33.7
34.5
35.9
39.1
32.4
28.7
26.4
26.8
31.0
31.4
22.7
23.7
22.8
24.5
27.4
37.0
29.3
26.8
27.2
26.8
25.7
23.8
24.6
27.3
29.5
27.4
27.6
31.2
32.1
35.5
32.6
35.7
38.1
34.1
37.9
33.9
29.6
32.6
36.9
33.0
30.4
