value
40.8
35.8
33.9
36.5
40.6
39.9
39.5
35.5
32.2
32.9
38.4
34.9
36.9
35.6
30.6
27.3
26.4
25.6
28.8
33.1
32.7
35.4
29.2
30.2
31.2
28.2
30.7
36.4
36.1
45.8
43.7
46.2
40.7
35.5
36.8
41.7
34.4
32.6
30.6
30.1
28.0
30.9
33.4
31.9
26.7
35.4
33.4
35.7
33.3
31.1
34.3
31.3
28.1
26.8
28.3
28.0
27.4
32.4
33.1
32.5
35.1
35.0
34.5
35.4
41.2
44.7
43.7
41.6
43.5
47.0
45.8
36.5
32.2
30.9
33.9
40.9
36.8
42.8
43.1
43.9
43.7
44.2
39.6
37.3
37.4
39.4
41.4
38.8
41.8
41.5
39.1
43.2
42.3
43.1
46.2
47.0
43.6
41.9
45.6
52.3
52.6
50.0
53.1
55.8
60.3
62.3
62.1
65.9
47.5
43.6
48.9
50.4
51.5
56.2
60.1
59.4
46.0
44.0
49.6
54.0
57.7
57.3
52.3
54.0
56.4
56.1
56.8
60.1
61.2
54.7
53.4
50.8
53.5
61.1
55.2
51.2
50.3
51.8
49.3
53.3
51.7
51.9
49.0
46.5
44.5
47.4
52.3
53.9
48.3
51.0
48.1
53.0
56.6
56.8
55.3
62.0
65.5
65.4
63.2
57.9
57.3
62.2
64.5
68.1
63.1
71.1
73.2
75.0
77.2
76.3
66.3
65.8
67.8
64.2
56.2
57.0
58.5
55.9
56.3
56.5
61.2
65.6
71.6
64.0
65.6
66.8
69.5
71.2
71.1
71.6
71.9
71.4
70.7
70.2
71.1
71.7
72.6
69.5
69.1
68.8
70.3
74.4
77.0
75.9
74.1
77.0
78.8
80.2
75.0
63.5
68.3
70.0
75.6
77.6
78.3
75.6
78.2
75.5
66.9
65.9
66.0
67.2
67.9
70.3
71.7
64.5
65.2
69.9
70.6
72.8
72.1
67.1
65.6
65.6
70.2
64.1
62.2
61.2
60.2
62.9
63.1
64.3
66.3
64.6
64.5
63.2
67.2
70.2
72.5
67.4
62.6
60.9
59.6
55.1
54.2
58.1
62.3
60.3
55.3
53.0
58.4
57.5
57.1
57.0
57.3
57.2
58.1
62.9
64.5
63.2
62.5
60.9
61.3
61.7
60.9
59.6
61.0
60.1
58.7
58.7
58.8
57.3
48.9
45.8
43.9
50.2
53.0
54.8
57.0
55.3
49.4
55.8
57.5
55.0
52.2
55.5
53.1
54.6
59.1
63.3
63.8
51.6
47.5
46.1
51.3
58.4
51.0
47.6
44.4
53.7
55.9
53.5
48.9
45.5
42.9
38.6
42.7
41.9
40.7
40.6
41.8
42.4
41.7
35.5
34.8
34.4
41.1
43.8
37.9
34.6
30.5
30.7
34.1
36.2
36.2
34.5
29.3
29.3
32.9
35.1
32.4
29.2
28.1
27.3
28.5
27.3
29.3
31.3
31.1
29.2
28.9
32.9
41.4
39.9
38.5
45.6
47.7
54.1
45.5
36.0
33.7
36.9
36.3
33.9
31.5
