value
39.2
35.7
35.0
41.0
42.4
39.2
36.8
35.9
30.7
34.1
34.0
34.2
31.6
30.1
29.2
25.7
23.0
21.0
24.3
28.1
30.1
33.0
29.1
28.0
27.0
25.4
32.1
35.1
40.0
49.0
45.9
44.4
37.1
31.3
36.4
39.2
31.8
29.8
29.0
25.7
22.3
25.2
25.1
24.9
23.5
33.1
33.7
33.0
31.8
32.9
31.3
25.8
22.3
22.4
23.5
23.9
27.6
32.2
33.1
31.8
30.8
31.9
31.2
38.1
46.3
47.1
46.9
48.6
46.2
42.7
40.5
31.3
25.6
26.5
32.2
39.1
37.5
39.9
40.2
39.8
42.9
37.9
33.0
30.5
27.7
29.6
34.7
33.3
35.1
32.8
34.9
34.2
36.5
39.0
35.8
38.7
37.2
37.2
42.3
48.8
50.8
48.0
50.0
57.7
62.0
62.4
63.6
62.9
43.8
36.9
44.0
47.4
50.8
56.6
60.8
60.2
48.0
45.7
48.8
50.4
55.3
57.4
51.5
51.7
56.0
56.4
57.6
61.0
58.9
51.5
49.4
48.7
51.5
57.7
57.3
53.4
49.8
57.6
51.9
51.8
48.5
47.3
44.7
39.9
42.1
45.3
51.6
54.0
44.7
48.0
46.0
51.3
52.8
48.7
52.9
60.7
63.2
64.3
66.3
61.8
55.3
57.7
62.4
67.6
57.2
65.1
69.0
77.5
79.3
77.2
67.9
63.7
62.5
57.1
53.7
53.9
55.1
52.7
55.5
53.6
60.1
63.5
66.7
60.2
62.7
64.7
68.0
68.5
69.6
69.3
69.9
66.8
64.7
66.8
68.4
69.4
69.7
69.7
71.0
69.5
71.6
73.1
75.2
72.7
69.4
73.6
77.7
81.6
75.8
60.9
64.9
70.4
73.8
77.6
75.4
70.4
74.7
72.3
67.6
62.9
60.5
64.1
66.1
67.8
64.9
61.6
62.6
68.4
71.9
71.6
64.2
61.0
61.1
63.4
66.6
62.5
59.8
59.7
57.4
57.8
60.0
62.4
64.6
61.6
59.7
64.1
67.2
69.2
70.4
68.9
60.1
57.8
55.3
52.4
52.0
56.0
60.3
58.9
51.9
48.8
56.3
52.3
55.4
55.0
54.9
55.7
56.8
61.0
62.5
62.3
59.5
54.8
51.9
53.5
50.7
49.7
56.6
59.4
54.1
52.4
53.6
53.6
45.0
42.5
43.2
48.0
51.5
53.6
50.7
53.3
51.0
55.0
55.8
55.9
57.2
55.8
53.5
54.0
57.3
58.8
61.4
49.1
46.8
42.7
46.3
55.2
46.4
45.8
44.0
50.8
55.2
53.4
46.4
41.3
38.0
35.0
36.3
38.4
36.8
38.1
38.3
38.1
36.9
35.3
33.2
32.9
35.0
37.4
31.9
29.1
26.4
26.8
32.5
32.2
30.8
33.0
29.1
31.8
35.0
36.6
34.5
32.9
33.1
32.8
30.0
26.9
27.3
31.0
33.3
34.3
34.5
35.6
38.3
38.8
32.5
42.4
45.9
46.7
45.4
35.6
35.2
38.4
38.8
34.1
32.9
