value
45.0
48.0
46.4
44.6
46.5
47.2
45.4
43.2
36.2
34.2
34.7
38.1
38.1
40.0
39.8
41.5
47.3
43.5
46.1
50.5
46.9
47.4
51.1
47.8
52.3
50.4
53.4
49.1
50.3
45.5
43.4
46.1
47.2
47.2
48.9
50.5
50.3
50.9
52.7
52.3
53.6
51.0
50.1
47.4
52.0
49.9
49.3
48.1
45.6
48.3
48.0
50.2
52.0
54.6
56.0
53.1
55.8
57.7
53.3
50.5
47.6
56.7
55.7
51.2
43.4
43.7
55.4
54.6
53.4
57.1
64.7
64.4
62.4
68.1
60.2
51.5
51.2
51.6
58.3
59.4
62.6
55.0
53.5
54.7
63.9
59.3
59.6
60.4
64.8
69.7
67.7
62.4
61.1
57.8
57.8
62.4
67.9
64.4
57.4
57.1
54.5
62.0
66.5
63.5
62.8
58.1
56.9
57.3
54.5
50.7
53.5
54.6
58.1
62.2
63.7
64.2
67.2
70.2
72.7
77.2
78.6
76.2
74.3
73.7
74.2
73.8
76.2
75.8
74.4
75.0
67.8
66.2
67.9
65.3
64.2
66.3
69.5
76.1
77.2
76.7
75.0
76.1
79.7
85.2
80.7
71.7
72.9
73.5
74.4
78.5
81.4
79.4
80.3
80.8
74.5
72.7
74.1
74.2
76.7
75.8
74.8
76.9
77.7
74.8
74.0
72.9
72.8
76.9
78.0
80.9
82.1
80.3
80.0
81.6
81.8
82.0
84.0
81.1
83.1
82.7
80.4
77.8
76.8
78.0
80.2
80.3
80.1
82.5
81.0
79.8
79.5
79.8
81.0
84.3
83.6
83.7
81.8
80.4
76.4
77.6
80.3
81.1
80.3
80.8
81.9
81.5
81.6
81.2
81.6
78.6
80.8
80.6
82.9
84.7
83.0
80.5
82.2
82.7
81.4
81.4
81.5
81.8
82.0
81.1
83.4
85.9
86.7
87.3
84.4
83.4
79.6
82.0
82.1
81.6
80.2
78.7
78.8
80.7
79.8
79.8
81.1
83.4
80.9
79.2
81.4
82.3
77.4
78.2
76.3
74.0
74.3
75.3
75.3
79.3
81.7
82.1
82.1
76.4
74.5
74.6
75.2
76.8
77.2
74.5
73.4
71.1
69.8
69.2
68.8
72.2
68.8
69.8
70.6
73.9
73.1
70.2
68.1
62.5
58.6
55.9
56.2
58.0
61.8
65.3
67.4
67.2
65.9
65.9
64.7
67.3
63.6
63.5
58.5
56.1
59.1
61.8
62.2
62.7
59.4
59.5
57.5
60.4
65.9
61.7
57.5
58.2
58.8
57.9
60.2
62.5
62.8
61.1
57.8
60.0
59.4
57.8
56.3
57.4
59.3
57.8
57.4
54.4
52.6
55.5
56.0
52.3
55.2
57.4
56.1
58.4
60.2
64.1
56.3
50.4
54.9
52.2
50.9
51.2
47.6
48.2
50.5
52.3
40.9
39.1
41.0
33.6
34.4
34.1
34.4
34.8
36.6
38.5
38.7
39.6
40.0
39.5
38.2
37.3
40.1
42.1
44.5
48.6
46.0
44.4
45.1
