value
81.9
80.6
81.0
81.7
81.4
78.7
79.6
81.0
81.8
82.9
82.6
82.5
82.3
82.5
83.9
84.2
84.2
84.4
85.1
84.4
84.5
84.8
83.9
81.5
82.9
84.2
84.6
82.2
81.1
82.0
82.8
82.1
81.0
79.3
82.2
83.2
84.5
84.0
83.7
83.6
84.2
84.9
84.6
85.2
84.8
84.9
85.5
85.0
82.7
83.5
84.0
84.9
84.3
84.8
85.5
85.3
85.5
85.6
86.1
86.4
85.7
83.1
85.5
81.1
84.8
85.4
85.6
85.5
84.0
84.1
84.9
85.6
85.6
85.6
84.3
83.8
85.2
85.2
85.8
85.8
85.2
85.2
84.4
84.9
85.2
85.3
82.9
84.6
84.8
85.0
83.9
81.0
83.9
85.4
85.4
86.6
85.9
82.9
80.6
81.7
83.8
85.2
85.9
85.4
83.9
85.1
85.5
85.1
85.1
85.1
84.9
83.5
83.2
83.9
84.3
80.5
82.5
82.7
83.2
85.2
79.0
82.1
84.6
85.0
83.7
83.0
83.0
81.5
83.0
84.4
76.3
80.2
80.0
79.9
78.8
81.7
83.4
82.2
80.0
82.6
83.0
82.6
80.3
83.9
84.4
80.7
80.1
81.8
81.3
81.1
79.9
81.4
77.9
78.1
80.5
82.9
76.7
80.9
80.8
77.3
78.4
78.9
79.9
81.5
81.6
80.0
80.9
81.4
81.5
81.3
81.0
81.1
80.5
80.3
80.4
80.2
79.9
79.9
79.6
80.4
79.5
79.3
79.2
79.2
78.6
76.1
78.1
77.8
78.5
78.4
78.2
77.6
78.4
79.2
78.9
78.9
79.4
79.2
79.3
78.9
78.5
77.9
78.5
78.6
75.7
76.6
77.8
77.8
76.5
76.9
76.8
77.3
76.6
76.7
76.0
76.2
76.3
76.9
77.2
77.2
77.4
75.4
75.7
76.8
76.4
76.4
76.5
76.6
77.4
76.8
77.4
77.8
77.6
77.4
77.3
78.2
78.1
79.0
78.5
79.2
79.1
78.5
78.0
78.0
78.8
78.5
78.9
79.4
77.2
78.5
78.4
79.6
80.2
79.7
78.5
78.4
79.6
80.1
80.3
80.6
80.8
81.3
80.7
80.5
80.1
78.0
77.8
78.8
78.8
77.5
78.2
79.1
79.4
80.0
79.9
80.0
79.2
79.1
79.7
79.1
80.2
80.8
80.9
79.4
80.5
80.9
81.1
80.2
81.2
81.3
81.9
82.2
82.2
81.1
81.0
81.5
82.4
82.6
82.5
82.4
82.3
81.4
82.9
83.0
80.6
80.3
81.6
82.8
82.4
82.3
82.8
83.3
82.6
82.0
82.9
82.7
83.6
82.9
83.0
83.3
83.0
83.6
83.1
82.9
82.3
82.6
82.0
81.7
81.9
82.8
82.6
83.5
83.3
84.0
84.3
83.7
83.1
83.0
83.0
83.8
83.7
84.0
83.1
82.9
83.4
83.0
82.6
81.4
81.3
82.1
80.4
80.2
79.8
80.0
81.5
82.2
82.7
83.0
83.0
82.8
83.2
83.6
83.6
83.8
82.8
