value
45.2
42.4
39.7
36.1
36.1
42.8
39.9
39.0
50.5
53.2
63.2
65.8
65.5
55.7
41.5
45.9
42.3
38.9
38.2
44.3
40.1
32.3
37.8
42.8
33.7
39.3
39.7
49.7
51.1
59.9
41.9
36.3
29.3
39.4
37.0
49.1
47.6
47.5
48.7
43.0
44.3
54.5
47.2
45.2
45.0
44.7
38.4
32.0
40.2
48.8
37.6
39.6
45.8
47.8
46.7
46.0
48.0
45.4
41.7
37.5
36.5
34.3
37.1
50.8
37.5
39.3
41.4
47.6
56.4
59.6
46.8
43.3
38.5
49.9
67.2
65.2
58.9
52.3
49.2
38.1
39.5
45.3
51.5
39.5
34.5
40.0
44.2
46.7
50.7
58.3
57.2
51.3
51.2
46.9
51.6
55.7
61.7
65.3
66.7
70.1
71.9
61.3
59.3
57.1
56.5
69.7
71.1
69.0
64.0
50.5
55.8
58.8
61.6
64.0
53.9
57.9
56.2
58.6
62.9
64.3
67.0
66.8
64.6
57.8
53.4
52.1
52.6
64.2
68.9
68.8
68.8
61.5
57.0
61.8
73.8
72.0
71.5
70.2
69.7
67.8
75.3
74.1
73.1
67.7
64.6
67.8
65.9
75.9
75.7
75.7
77.1
78.3
75.6
74.0
73.7
73.1
73.5
74.5
72.6
73.6
75.5
79.7
82.0
83.5
76.3
75.2
77.3
74.7
75.1
75.3
76.9
76.9
77.8
74.2
78.8
79.3
81.9
82.6
81.7
76.9
78.2
73.1
74.5
73.6
71.9
72.2
71.9
72.5
77.4
79.5
81.2
76.0
78.6
75.1
77.7
79.3
80.3
81.7
80.2
83.3
82.1
78.7
77.5
77.8
78.3
76.7
76.7
75.5
77.9
72.3
75.3
73.8
78.7
77.3
77.2
80.1
77.1
78.8
75.7
77.0
78.5
79.8
79.6
77.7
78.9
76.2
71.8
69.9
70.1
70.2
73.3
76.7
76.3
75.6
77.9
76.1
76.4
75.5
76.2
79.2
81.4
81.1
80.0
77.5
77.6
80.5
76.9
75.1
75.3
75.8
78.2
80.1
79.8
79.6
79.7
76.7
67.9
69.3
72.4
74.8
72.8
72.5
75.3
72.3
66.0
67.9
67.4
67.8
70.7
69.5
68.2
66.4
66.9
68.5
71.8
75.1
71.4
73.6
71.7
64.1
63.6
66.6
67.7
65.5
66.1
67.0
68.6
68.3
65.9
67.0
58.7
58.4
49.3
52.3
60.9
54.1
47.9
45.3
42.7
54.5
56.9
60.4
64.7
66.4
67.8
55.0
51.8
49.1
53.7
59.0
63.8
47.9
44.2
54.1
51.1
47.5
36.7
37.3
40.3
48.5
60.6
63.5
49.4
46.0
55.0
56.8
52.1
34.7
34.9
37.7
36.8
30.4
35.4
38.1
40.1
48.2
52.6
59.6
67.5
61.5
41.3
41.0
48.4
41.9
34.9
35.8
32.7
41.6
40.7
38.1
47.8
42.1
41.1
48.0
60.0
62.8
49.3
33.3
32.4
36.6
36.9
35.5
42.5
40.2
37.7
