value
84.1
83.8
79.9
83.1
84.6
79.5
80.3
82.2
83.9
83.6
84.6
84.2
83.4
83.9
83.4
81.2
81.7
83.2
83.1
84.2
83.4
83.8
84.1
84.7
85.0
83.7
82.9
83.5
83.0
83.9
83.7
83.3
83.9
84.2
84.4
83.9
84.1
82.3
82.3
83.3
84.3
84.7
84.6
83.4
85.0
85.1
85.0
84.8
83.9
85.4
84.7
85.3
83.2
85.4
83.1
84.4
85.0
85.3
83.0
83.9
85.5
79.8
80.4
79.7
82.6
80.8
78.3
79.8
80.7
79.4
80.8
84.3
84.1
82.9
82.0
81.8
78.2
80.9
80.5
82.5
81.0
82.4
78.6
78.0
81.9
77.2
81.0
81.6
79.3
80.3
79.1
81.0
82.4
82.5
82.1
79.2
83.6
84.2
80.7
81.3
81.2
79.8
79.4
78.8
79.9
82.2
80.7
80.1
80.0
81.1
80.3
79.0
82.3
-99
79.4
80.2
80.9
77.4
78.3
75.9
80.7
79.5
77.1
77.7
78.4
79.6
79.1
79.8
79.0
78.5
79.9
78.7
78.7
77.2
77.2
78.0
77.3
78.8
77.1
78.9
78.3
77.9
77.7
77.7
79.4
80.1
78.6
79.0
79.2
76.3
77.9
79.4
76.7
77.0
76.3
75.6
75.6
77.7
75.6
77.2
76.3
75.9
76.5
77.9
79.7
77.1
76.9
76.0
76.2
76.7
75.4
75.4
76.1
75.3
74.5
75.3
77.1
78.6
-99
77.6
77.5
79.0
75.7
74.4
74.2
75.1
75.7
74.1
73.5
74.0
75.2
76.0
75.6
77.4
79.3
76.0
74.4
75.8
74.6
75.4
75.5
76.3
74.9
74.0
74.5
75.6
76.9
76.3
72.0
75.4
79.3
77.2
76.9
76.8
73.7
75.5
74.8
76.7
74.7
74.1
76.3
74.0
75.4
76.1
74.4
75.1
75.1
75.3
75.0
76.3
76.1
76.5
75.8
74.8
74.9
76.6
77.7
77.9
76.2
75.5
76.3
77.1
78.1
76.6
77.9
75.5
78.3
77.6
77.3
75.4
76.9
76.6
76.9
77.4
75.9
78.2
76.4
75.8
76.1
78.4
77.8
77.3
78.2
77.9
78.7
77.6
77.5
78.1
77.9
78.1
79.5
77.6
78.1
78.8
76.5
77.7
76.7
78.4
79.0
79.1
79.5
79.4
78.1
77.5
81.0
78.2
78.7
78.5
78.6
80.2
78.9
79.4
80.7
80.2
79.2
79.7
85.2
78.5
78.6
78.2
77.1
78.4
80.0
79.3
79.7
84.3
82.3
82.3
79.5
81.4
82.0
81.0
80.3
80.3
79.4
81.1
80.8
81.4
82.1
79.6
81.5
81.7
82.8
83.3
82.6
82.8
81.2
81.1
82.1
80.4
79.5
80.7
80.5
80.6
80.6
81.7
80.0
81.8
82.9
84.0
81.5
77.8
80.8
80.4
83.3
83.5
83.7
82.8
83.6
83.7
84.6
83.8
83.0
83.4
83.5
83.5
81.7
82.7
83.4
84.3
83.7
83.8
83.3
82.2
83.2
