value
39.8
39.9
37.6
32.8
33.4
40.3
38.2
36.9
42.7
51.7
63.3
66.3
64.0
57.3
40.2
43.7
39.3
33.3
33.8
43.5
37.9
28.7
32.5
36.7
28.4
37.6
34.8
46.2
55.3
60.1
39.6
31.1
26.9
37.8
33.3
47.0
46.1
45.8
47.2
40.5
41.0
50.7
45.9
44.3
41.5
44.4
34.6
28.9
37.8
47.5
35.5
36.3
45.1
48.5
44.3
42.5
49.7
42.8
38.4
35.3
35.2
31.1
33.7
41.5
33.7
34.6
37.9
43.8
54.6
60.7
45.1
40.3
35.0
47.3
64.8
64.8
58.3
50.3
46.0
33.6
34.7
44.1
48.9
37.9
33.0
38.9
41.0
41.4
47.5
55.6
52.9
47.8
47.7
45.9
47.2
54.0
62.3
64.1
67.6
70.9
72.1
60.7
56.0
56.9
56.5
68.2
68.5
68.4
65.0
48.3
52.5
57.3
59.2
63.1
51.5
54.3
55.2
55.2
60.5
63.7
69.1
65.3
65.5
60.1
54.4
53.5
51.3
62.4
65.3
67.3
67.3
58.5
54.0
59.1
73.2
71.2
71.7
68.8
69.1
68.4
75.0
70.6
71.9
64.9
60.4
64.3
62.6
75.2
75.5
75.9
76.9
79.2
72.0
71.8
72.2
73.1
70.9
75.1
70.6
72.8
72.9
75.1
80.2
79.5
72.7
72.0
75.8
74.6
72.8
72.0
75.6
75.0
74.8
73.6
77.2
77.0
75.8
77.3
76.5
75.5
76.4
72.7
72.7
71.8
70.4
74.2
73.0
69.1
74.6
78.3
77.9
75.7
76.3
74.8
75.7
78.0
80.6
81.6
77.5
80.0
81.2
76.8
75.8
75.8
76.3
75.1
72.8
71.6
74.7
71.6
69.9
71.5
76.4
75.9
76.0
77.2
74.5
76.7
77.0
76.7
76.8
77.1
75.5
75.5
77.3
73.9
69.9
72.5
70.2
70.1
72.0
74.2
74.7
76.1
76.2
73.3
74.0
72.5
74.1
77.4
78.9
78.8
79.5
76.6
75.0
75.6
73.4
72.7
72.9
72.9
75.8
76.2
77.3
77.6
75.7
70.8
63.5
66.4
70.9
69.7
69.1
69.9
73.1
69.0
64.7
64.6
67.5
67.3
68.7
66.0
65.9
65.4
65.4
66.9
69.1
71.1
71.7
72.2
73.0
62.5
59.1
62.5
61.7
63.0
65.7
65.9
68.6
66.9
64.3
64.2
57.5
55.8
49.0
52.2
59.9
52.2
45.3
43.6
42.2
56.8
60.0
61.1
67.5
67.9
69.1
56.2
50.6
49.8
54.7
59.5
63.7
45.0
43.8
52.1
49.9
47.2
33.6
37.2
39.9
51.0
57.1
62.9
47.9
46.8
47.9
54.5
50.5
33.2
31.1
37.9
36.0
31.9
35.2
38.3
41.3
48.8
50.2
57.5
67.6
54.4
39.8
39.5
47.5
40.3
34.0
34.5
32.9
41.7
40.3
35.6
45.8
39.1
38.2
43.7
58.3
64.1
49.0
34.1
29.0
36.0
35.9
34.0
42.2
39.9
34.9
