value
42.5
31.3
33.7
36.5
37.9
41.8
38.3
43.6
54.1
59.8
62.1
66.3
52.9
32.6
28.8
31.2
37.3
39.3
44.1
48.7
39.4
32.5
39.6
41.9
41.8
41.7
53.2
62.9
67.0
57.8
39.1
33.6
37.5
45.5
45.8
50.1
50.2
56.8
51.1
40.1
51.3
53.6
48.5
43.8
45.4
48.8
37.5
39.5
51.2
45.5
36.5
36.3
41.9
40.2
42.8
50.8
49.1
42.2
40.9
36.9
33.7
33.8
49.0
56.1
39.9
41.2
47.3
59.5
61.6
45.5
42.9
45.2
45.5
60.1
67.5
60.7
58.9
48.7
48.9
40.7
41.8
48.8
48.8
37.5
35.9
42.0
52.0
55.9
54.5
58.2
56.0
50.9
44.3
46.2
51.8
59.1
63.4
67.7
72.8
76.9
59.3
52.0
58.7
64.3
60.6
76.0
77.0
76.2
48.8
52.7
59.4
61.9
66.6
56.1
53.0
59.8
61.1
62.7
62.7
70.4
72.6
67.2
53.6
44.8
50.9
57.2
57.0
68.3
71.2
70.0
67.6
62.2
60.5
71.8
75.8
72.7
71.4
75.2
79.8
80.1
74.9
69.5
73.8
68.9
68.2
72.6
72.4
79.1
78.8
79.6
77.2
77.1
72.7
71.3
74.7
79.7
76.1
76.0
73.8
78.0
78.3
85.4
86.2
86.4
80.1
79.8
81.0
77.7
75.1
78.7
80.6
83.3
83.5
81.3
83.5
84.3
84.7
87.3
78.4
81.4
75.8
73.1
74.0
74.0
77.6
78.2
76.6
80.2
82.0
84.8
86.4
85.9
81.0
79.3
80.0
80.3
83.3
86.6
84.8
78.3
82.0
84.0
80.4
78.9
81.1
77.2
75.0
75.0
76.7
77.7
80.9
81.1
81.2
80.1
80.2
80.3
78.7
80.6
83.4
86.4
86.6
82.9
80.9
82.7
77.2
76.4
71.0
72.1
74.8
73.9
77.2
80.9
82.0
82.8
83.0
84.8
81.7
81.8
80.1
81.9
83.7
86.0
86.3
85.0
83.0
82.2
78.5
79.5
80.4
82.9
84.6
85.6
84.7
83.0
83.6
78.2
69.6
71.2
76.5
79.1
80.1
78.4
77.2
69.3
67.4
70.5
73.8
75.7
76.7
76.9
75.5
69.9
69.8
74.2
77.1
77.1
76.9
79.5
66.5
60.1
62.4
66.9
69.9
70.3
70.3
70.0
69.4
72.0
63.8
60.8
58.6
56.9
45.5
57.4
59.1
54.3
54.1
47.1
49.7
59.2
60.7
64.2
69.5
69.1
62.9
55.9
49.8
54.9
61.5
61.9
49.0
48.0
52.2
54.9
55.0
47.0
36.7
40.8
49.5
58.1
69.8
61.1
49.4
47.8
58.0
58.4
43.9
31.7
34.2
37.4
32.6
30.9
40.0
43.2
51.1
55.3
54.0
65.5
58.0
33.9
25.8
30.7
33.1
32.4
32.9
33.1
36.8
41.4
36.3
40.8
49.2
44.5
52.6
63.6
68.6
53.5
36.9
30.6
34.2
39.7
39.4
41.7
45.7
34.5
33.1
