value
40.5
32.3
32.1
33.5
33.5
43.8
33.8
39.2
50.6
55.8
65.0
66.1
63.6
35.8
31.7
34.1
37.4
37.3
41.2
47.8
34.7
25.6
33.4
36.5
32.2
36.0
37.5
52.4
59.5
60.9
38.6
28.3
30.0
39.6
37.6
52.2
47.0
49.9
46.8
39.8
46.7
54.4
44.5
41.7
42.4
45.9
33.3
31.4
44.8
47.4
32.5
33.0
50.1
45.7
41.1
46.3
51.8
40.0
37.4
36.5
33.3
32.8
41.4
52.0
35.8
34.2
38.2
49.5
61.4
55.0
43.7
42.4
35.5
49.2
69.2
55.5
58.2
46.9
44.3
33.1
38.2
46.2
50.1
36.7
33.9
39.7
44.6
48.1
50.6
54.9
50.6
45.3
45.3
46.3
52.6
57.1
63.6
64.4
68.5
73.4
70.2
54.7
54.5
59.1
58.4
71.4
76.0
73.6
56.3
47.2
53.5
58.8
62.3
59.4
50.5
52.8
53.6
61.2
61.5
64.4
68.0
68.1
68.2
50.8
49.7
56.4
49.5
64.4
67.4
67.4
64.0
57.5
54.8
64.1
75.7
74.9
67.9
71.0
76.3
73.7
74.1
70.6
69.7
64.2
63.3
67.6
68.0
75.9
77.8
79.0
78.1
77.9
71.1
70.0
70.3
71.6
72.8
72.7
71.2
71.5
74.2
78.6
84.6
83.6
74.1
75.5
77.8
77.9
73.6
77.3
77.1
76.4
78.8
74.8
78.7
78.7
83.0
84.3
81.9
79.6
73.6
74.7
72.1
74.7
70.5
70.8
70.8
75.8
79.5
82.1
84.9
76.9
76.3
74.6
77.7
81.0
82.8
85.6
82.8
81.1
83.3
78.9
74.6
78.3
79.2
75.1
75.6
74.7
72.3
70.6
73.6
73.3
76.2
75.7
75.7
77.7
74.3
76.7
77.0
75.2
78.0
79.5
80.3
77.7
77.2
71.7
68.7
72.7
72.8
72.3
75.1
77.5
77.1
79.4
78.8
77.8
78.2
76.6
77.3
80.0
83.2
85.7
82.3
76.2
76.8
77.5
74.6
72.6
75.0
77.3
79.1
80.6
77.4
76.9
75.6
71.7
63.6
67.0
70.0
71.2
73.9
75.6
76.2
70.2
64.3
64.9
69.3
68.2
69.7
68.6
69.7
65.6
67.6
72.2
73.4
75.8
73.6
77.2
69.5
57.7
59.0
64.5
68.3
66.2
66.0
68.9
68.1
68.0
66.3
59.0
53.7
52.6
42.0
52.5
55.1
49.3
46.8
40.3
42.3
57.3
59.6
58.3
67.9
66.2
64.5
54.0
48.4
49.7
57.7
61.4
56.4
43.3
45.0
51.3
48.7
46.9
34.3
37.6
46.0
55.0
64.6
58.8
45.1
45.5
53.2
57.8
44.8
28.1
32.3
36.2
31.6
26.9
35.2
39.8
46.1
50.7
53.5
63.3
62.5
36.0
30.8
34.7
37.2
32.2
32.1
28.5
30.5
44.1
34.6
37.4
47.5
37.9
47.5
57.8
65.2
62.3
41.2
29.0
29.0
37.5
35.6
36.0
43.9
34.1
31.6
