value
52.3
53.0
54.4
54.1
56.7
58.4
57.1
58.8
56.0
54.8
58.3
55.6
56.4
53.4
50.4
53.0
54.2
52.4
61.1
59.4
54.4
53.7
51.7
48.9
49.3
52.3
52.6
52.6
55.1
55.0
58.8
59.1
56.6
49.1
51.9
54.9
52.9
46.6
46.7
45.6
45.2
52.0
47.3
47.6
50.3
51.2
53.3
51.1
53.6
54.7
56.6
54.8
56.8
57.4
48.0
47.4
46.5
49.0
54.8
54.6
51.3
55.5
58.0
60.2
64.2
64.6
65.5
63.5
65.0
60.5
60.0
57.3
49.3
48.2
52.8
61.6
65.7
59.4
62.2
58.7
60.3
68.9
60.7
57.1
61.2
63.5
63.0
64.5
64.8
63.7
65.5
60.1
61.8
65.6
63.2
58.1
55.7
60.6
63.7
65.5
65.4
68.7
63.8
62.1
65.2
62.4
62.1
63.4
66.4
64.1
57.4
60.4
58.7
63.0
65.1
68.5
65.6
69.8
69.9
66.8
64.5
66.0
67.5
67.0
64.4
67.2
68.7
73.5
69.4
72.3
72.0
67.5
66.5
67.3
69.8
68.6
67.8
70.3
67.6
68.7
72.4
68.1
68.3
67.8
66.7
65.7
70.5
67.5
69.5
67.2
67.4
68.1
70.9
71.1
70.5
69.5
71.2
70.3
74.0
70.6
71.8
73.8
76.6
74.5
74.1
76.9
80.5
81.9
83.1
78.3
74.9
74.9
76.5
77.0
74.8
72.7
73.8
71.1
73.8
73.5
74.5
76.1
80.5
81.7
79.3
75.6
79.0
79.5
77.8
77.5
79.6
80.5
84.2
82.2
81.4
81.3
80.5
81.2
83.2
85.8
85.1
83.6
81.2
80.8
81.7
84.3
85.1
87.0
88.5
87.8
84.0
81.4
81.1
81.6
81.8
83.1
84.0
85.2
92.0
95.6
83.2
80.6
81.8
79.2
83.1
82.7
82.0
80.0
81.8
81.3
81.3
81.2
79.7
79.6
81.4
84.2
82.3
83.2
83.5
79.2
82.0
80.2
76.4
75.3
77.9
79.2
76.8
78.9
78.8
80.3
83.8
82.9
80.2
80.3
74.3
74.7
76.1
80.5
77.1
77.9
74.7
74.0
73.7
74.0
74.3
73.1
74.1
78.4
75.3
74.4
79.5
77.3
78.6
79.6
78.3
79.4
83.2
82.4
74.4
71.1
72.2
72.4
74.1
74.8
76.8
76.2
75.7
75.9
77.1
76.2
73.8
76.1
79.1
77.9
77.0
77.5
74.7
76.8
76.2
75.2
72.9
72.6
70.5
67.1
67.1
66.7
68.4
68.2
66.9
72.3
71.3
69.7
69.6
66.9
60.1
57.9
59.4
64.2
60.3
59.4
64.1
68.5
61.3
61.6
56.7
56.0
54.2
52.7
54.6
54.4
52.4
51.8
51.5
53.3
53.5
53.4
54.0
57.5
57.2
57.2
57.9
54.8
53.7
55.1
57.4
53.9
51.9
52.9
55.5
54.6
52.5
52.6
54.1
56.6
58.7
59.1
58.0
57.1
58.7
54.1
54.1
56.7
56.1
55.1
52.0
