value
31.6
31.9
32.2
34.0
33.1
29.4
28.8
24.5
24.0
23.9
24.6
33.4
37.0
31.8
29.5
29.9
37.0
40.5
37.2
40.0
44.8
43.7
41.9
41.5
39.6
38.8
39.1
37.6
34.0
32.3
32.0
32.8
35.9
43.3
42.7
43.0
43.0
44.2
49.6
40.5
42.7
40.1
38.6
37.8
44.8
41.5
34.4
30.8
31.5
34.8
36.3
32.3
35.9
41.0
43.2
43.2
44.3
41.3
36.4
35.2
37.0
41.6
39.5
29.4
29.2
36.9
43.0
45.4
46.2
49.9
49.6
48.3
51.4
61.5
43.2
32.5
32.4
41.1
46.4
48.3
48.6
33.4
37.9
45.5
50.9
48.1
45.4
45.2
51.1
54.0
56.5
52.1
52.8
48.9
51.8
57.6
63.0
52.3
49.1
47.0
48.2
48.2
51.6
52.6
47.6
46.9
44.6
42.5
47.0
48.9
45.7
47.4
49.7
51.2
53.0
56.0
59.0
61.2
63.6
66.4
64.3
65.8
65.5
66.5
63.8
63.8
64.7
63.4
62.5
59.0
55.9
58.9
58.7
54.3
54.4
57.8
61.1
65.3
63.8
63.3
64.8
65.7
66.6
69.8
62.5
63.4
63.3
61.3
60.9
66.1
68.8
64.8
67.1
59.4
61.3
62.8
59.0
62.0
63.1
57.9
62.5
67.1
67.7
66.5
65.3
63.7
64.1
64.5
68.0
68.7
66.7
65.8
68.2
72.7
74.6
75.5
76.6
76.8
78.2
79.0
77.5
68.1
61.7
64.6
69.4
74.4
75.3
76.1
78.6
76.9
75.2
73.6
76.1
74.2
75.2
71.4
70.1
67.3
64.4
69.1
71.0
70.8
67.5
69.0
71.4
70.7
68.4
66.4
67.2
69.7
72.3
73.7
70.0
70.4
70.7
67.9
68.0
70.7
72.1
73.7
73.6
73.5
75.0
74.7
73.3
75.3
74.9
74.4
72.1
71.1
71.3
70.0
70.8
71.9
73.2
69.5
70.8
74.1
75.8
76.7
76.2
75.2
67.3
66.4
66.9
66.8
55.7
56.6
57.1
60.2
60.8
59.2
61.8
65.4
67.8
70.6
67.9
58.8
60.0
61.0
63.7
65.4
65.7
60.3
53.5
53.4
54.2
56.6
59.6
61.5
60.5
58.7
60.6
62.2
57.0
47.5
42.6
40.1
38.8
40.0
45.5
49.5
51.6
56.6
57.4
56.1
51.7
50.6
57.6
55.7
50.6
47.1
43.1
43.0
46.6
51.4
49.5
46.9
47.5
47.5
47.6
49.6
51.3
53.6
54.1
49.5
49.5
48.6
49.5
48.4
49.1
43.8
39.1
37.1
40.4
42.3
42.8
40.7
42.2
38.8
35.2
33.8
36.7
39.1
40.9
44.2
46.9
44.6
47.1
48.3
43.2
38.8
36.7
33.8
33.2
42.7
32.2
26.2
26.2
27.3
26.8
24.1
24.9
28.2
20.2
19.4
16.9
19.0
28.5
28.9
30.6
26.2
24.0
24.0
20.2
19.5
17.7
17.4
24.0
27.5
27.3
34.5
37.7
44.1
37.4
