value
46.0
46.0
46.5
44.2
44.6
41.0
34.5
28.4
29.0
35.3
46.1
46.4
40.7
43.7
48.1
52.0
51.2
54.0
48.6
52.2
56.9
54.3
52.7
53.5
50.6
44.9
37.8
39.3
38.1
37.6
40.4
44.8
50.3
58.0
55.0
48.0
46.8
55.5
50.0
49.8
48.9
44.3
45.7
51.1
47.8
43.9
40.3
41.7
42.0
43.0
42.5
46.0
49.8
47.7
49.5
49.0
46.9
46.1
41.3
41.2
47.4
45.4
42.7
41.9
43.5
52.4
52.9
53.7
56.0
56.6
57.0
55.8
61.0
55.3
38.6
39.3
43.1
53.3
56.3
60.7
49.3
44.8
49.7
49.0
51.8
46.0
46.1
49.1
56.3
66.5
60.8
60.7
61.8
55.4
59.8
66.4
58.2
48.0
47.6
51.8
55.1
59.0
61.2
57.2
51.9
49.1
49.9
50.1
51.7
52.1
52.1
53.1
52.7
57.0
61.6
65.9
66.5
66.9
67.0
66.4
64.0
64.9
62.2
61.3
67.7
66.9
63.5
63.3
61.4
60.8
60.9
63.5
65.5
63.3
63.4
68.3
71.7
72.2
74.1
73.1
73.9
73.9
76.7
70.9
71.4
72.1
68.1
68.7
76.2
72.1
74.8
71.5
66.8
66.4
70.0
69.4
69.2
71.4
71.9
72.3
73.7
76.6
71.6
72.9
69.9
71.8
73.6
78.1
79.3
77.4
77.1
75.7
76.2
77.3
80.7
81.6
78.6
79.0
75.6
78.2
73.9
71.1
72.5
72.9
73.0
75.1
77.3
79.4
80.1
79.6
77.8
79.1
80.4
78.2
78.9
77.7
77.6
76.9
76.8
77.0
78.3
77.9
75.7
77.9
80.0
81.0
81.8
78.9
78.3
79.7
82.9
80.3
75.7
78.5
80.4
79.9
78.5
79.9
79.8
80.6
80.5
81.8
79.8
80.6
81.4
82.0
81.7
82.1
79.9
79.3
81.2
81.5
80.4
80.2
79.6
79.3
79.5
80.4
79.1
80.0
78.7
77.0
74.4
74.2
75.3
74.2
72.2
70.6
72.8
74.5
72.0
71.9
71.9
75.8
76.6
77.5
69.7
71.8
74.3
72.6
72.1
72.2
67.4
66.2
63.5
66.6
67.7
70.9
72.6
71.0
69.6
72.1
73.4
67.6
54.0
50.2
48.0
49.6
52.4
56.1
58.8
61.4
62.2
66.4
65.9
63.6
63.9
62.6
65.1
59.7
59.1
59.8
58.7
56.8
59.4
62.9
60.4
59.5
60.1
57.6
59.0
60.2
59.6
59.9
61.0
60.4
59.5
61.9
64.5
66.1
55.9
55.8
57.3
56.8
61.5
60.8
57.9
56.7
56.9
54.1
52.4
53.7
54.2
60.4
62.8
60.3
60.5
62.2
58.0
56.0
56.4
46.0
44.9
46.1
54.2
51.2
44.7
46.4
46.5
48.1
41.6
41.0
45.1
40.6
34.0
34.9
37.1
43.1
44.2
42.8
46.3
47.4
45.8
43.6
44.8
43.7
41.3
44.0
47.9
49.1
53.8
51.6
49.1
47.9
42.8
