value
57.1
64.0
56.8
60.7
62.5
65.5
66.4
60.6
57.5
57.3
65.5
64.9
59.5
57.5
62.3
63.5
55.4
55.1
63.9
67.0
69.9
65.8
62.8
65.9
59.7
61.0
57.4
60.2
60.3
62.5
66.4
69.3
71.8
67.0
73.9
67.2
66.6
65.6
56.6
59.3
62.7
65.5
60.6
63.7
64.1
60.8
65.1
69.2
71.8
60.0
60.4
65.1
60.7
62.7
67.3
69.0
72.3
65.1
69.8
66.7
54.9
53.3
59.4
65.5
67.1
65.8
69.1
71.2
69.3
65.2
69.7
68.2
59.9
62.7
69.5
73.2
75.1
75.5
71.6
68.0
75.9
74.9
69.6
64.4
69.1
65.0
66.2
63.9
66.7
66.9
69.6
65.0
68.2
70.3
71.7
62.3
62.0
69.7
65.2
65.5
60.9
59.6
66.2
62.8
74.5
75.6
79.5
78.0
70.4
68.3
61.5
69.1
76.9
75.4
69.0
70.8
70.0
72.2
78.4
76.9
62.5
67.9
71.2
74.1
76.9
76.9
79.2
78.8
80.3
79.6
71.2
72.9
75.8
79.4
78.2
79.6
79.9
80.2
81.7
79.8
78.2
78.1
79.7
78.2
80.2
81.1
85.0
85.0
84.1
85.9
85.7
86.5
85.6
80.9
78.5
78.5
82.0
83.4
87.4
82.4
77.1
78.7
80.2
82.9
83.5
85.2
84.7
84.3
85.5
85.4
84.8
87.3
86.1
84.1
83.4
87.7
88.3
88.6
87.7
86.6
85.0
87.2
85.5
86.4
86.5
84.1
82.5
82.3
85.8
85.3
84.4
84.0
84.2
80.5
85.1
83.5
85.4
86.1
83.2
84.4
85.8
86.1
87.2
87.1
87.3
84.9
84.2
85.9
86.5
88.4
88.2
85.8
87.0
85.3
87.6
88.7
88.6
87.4
88.2
89.0
87.9
87.0
88.2
89.8
89.0
82.9
80.5
83.4
83.3
85.2
86.6
81.0
80.5
82.1
82.0
83.0
84.7
86.4
86.8
85.2
79.7
83.1
78.5
73.5
77.5
79.7
78.1
81.6
84.3
82.3
82.6
83.5
85.6
85.6
87.0
86.1
85.9
82.2
81.5
81.6
80.8
81.9
83.2
82.5
81.5
82.5
83.0
81.4
76.9
78.4
80.0
81.5
79.4
78.9
77.9
74.4
76.7
77.7
76.8
80.6
81.3
77.0
80.7
79.3
77.0
78.3
78.7
76.1
70.4
72.7
73.8
75.9
75.5
72.1
72.4
71.9
70.1
68.7
68.1
69.9
72.1
75.4
74.7
73.6
78.0
78.3
75.6
70.0
71.9
74.7
74.7
79.2
80.8
78.5
67.9
68.9
67.9
74.3
69.4
66.2
63.9
62.1
63.6
68.8
69.6
68.9
74.8
72.3
62.4
68.1
65.7
56.0
55.5
61.8
62.1
62.0
62.9
64.0
67.0
66.3
69.2
72.3
65.7
60.9
60.8
63.7
65.1
67.8
67.2
67.7
61.1
57.7
56.2
54.5
54.8
57.9
59.0
57.9
60.8
56.1
51.6
55.3
53.7
59.1
60.9
