value
40.5
32.9
32.4
37.2
41.6
39.1
39.2
42.9
46.4
49.2
55.4
52.9
31.2
26.1
29.8
31.7
42.5
44.8
51.8
48.8
42.5
44.5
58.4
63.8
48.4
48.7
61.5
67.5
66.7
45.6
45.6
47.5
53.8
48.8
62.9
54.5
60.5
61.9
49.8
53.3
59.0
48.6
48.2
41.7
49.6
46.1
40.3
54.7
60.5
49.4
46.0
49.0
39.3
41.3
53.5
48.1
40.5
44.5
41.5
43.4
44.3
58.5
68.8
53.6
43.0
56.7
61.7
67.0
55.1
45.2
56.6
52.4
62.5
68.6
72.9
59.8
61.3
57.1
56.4
62.8
58.4
51.6
44.3
40.9
38.9
55.9
63.0
67.7
68.4
71.7
66.8
56.9
41.4
43.4
51.7
67.0
73.0
73.4
75.5
42.0
47.1
60.8
68.3
71.7
72.4
78.0
79.5
57.7
49.0
58.1
62.1
68.7
57.6
44.7
58.9
68.1
69.9
70.3
74.3
74.8
77.1
50.7
49.1
58.4
59.8
61.5
56.0
71.9
69.6
63.7
64.5
67.4
72.1
74.3
73.0
75.8
86.2
85.5
84.9
84.7
76.6
73.1
81.9
75.5
73.5
78.8
78.0
77.0
78.9
81.7
85.7
84.3
75.6
79.0
86.2
85.7
75.8
73.1
75.5
78.8
81.5
83.4
83.9
84.3
80.1
76.5
80.8
83.7
75.2
79.6
81.2
83.2
84.2
83.8
83.3
86.3
87.9
89.1
87.6
89.3
84.7
80.6
75.4
76.8
80.8
83.8
84.8
85.3
86.2
85.4
87.3
88.1
88.0
88.8
86.2
66.1
70.6
73.3
75.2
79.5
81.3
82.3
83.3
85.0
85.2
84.0
85.1
78.5
78.5
85.3
85.2
87.3
87.4
88.5
87.7
86.7
87.9
88.0
90.1
86.0
81.6
83.1
84.7
85.5
86.1
82.7
80.5
76.7
77.8
80.5
82.1
83.7
81.1
82.8
84.4
83.8
85.0
83.0
78.3
79.9
83.1
84.8
86.6
87.8
85.8
83.4
83.5
84.7
84.7
84.0
81.2
80.2
79.1
79.1
80.3
81.7
83.5
84.0
81.1
76.1
81.2
77.5
70.1
68.6
68.8
70.2
75.2
77.1
79.7
77.6
71.0
65.7
69.0
76.4
78.1
79.8
80.2
65.6
58.1
63.9
67.1
69.4
72.4
75.8
74.2
69.4
69.9
63.0
53.6
54.4
61.1
48.2
48.1
61.5
55.5
63.7
62.9
60.5
65.6
63.4
66.7
73.7
72.6
69.1
58.9
55.2
55.5
61.0
64.6
57.8
44.4
50.8
55.9
58.0
60.1
49.5
36.9
45.2
57.7
67.8
71.7
61.4
61.4
63.4
69.7
34.0
30.0
32.3
33.0
38.5
36.8
41.7
43.3
53.3
57.0
56.2
62.8
62.8
35.3
21.7
17.5
25.2
29.2
25.9
34.8
32.1
46.5
45.4
41.2
49.4
53.1
52.3
59.8
50.5
42.5
40.6
35.9
40.2
43.2
37.5
39.9
45.0
40.9
30.7
37.6
