value
23.9
25.1
27.8
27.9
33.6
34.9
36.4
39.5
38.8
39.5
48.6
32.2
20.3
18.3
24.1
31.2
40.1
42.7
45.3
44.0
33.7
40.9
47.0
42.0
40.3
45.4
56.0
55.9
52.4
29.8
39.5
37.0
40.8
43.7
49.8
45.1
50.4
50.0
41.3
45.9
48.5
34.7
34.0
28.2
37.1
36.2
39.5
47.0
47.0
39.5
40.1
32.1
27.3
35.3
41.4
29.9
27.6
34.2
34.5
38.1
43.7
51.7
61.5
38.6
41.1
54.2
58.8
56.3
40.1
42.7
46.4
48.4
57.3
62.7
58.9
48.9
52.1
48.2
47.1
59.9
48.1
46.6
30.1
32.3
33.6
57.0
54.6
59.4
62.0
59.7
56.9
35.0
34.3
45.4
57.6
65.1
63.6
67.9
56.2
30.1
40.9
54.5
56.9
67.4
62.1
54.8
50.6
37.4
42.7
57.5
59.1
66.2
38.4
37.8
51.8
63.3
61.2
69.4
74.8
78.0
61.2
38.8
45.9
55.0
53.2
58.5
53.5
72.1
64.8
57.7
62.2
64.3
72.1
74.3
72.5
72.7
77.5
83.9
75.6
75.6
62.5
67.9
75.4
73.1
74.6
77.3
82.4
80.3
80.1
73.5
76.0
71.7
67.0
76.1
83.2
76.5
63.8
70.4
69.9
72.0
79.6
83.3
82.9
81.4
79.1
72.8
78.1
74.1
74.2
71.5
77.7
78.9
79.9
82.5
82.9
85.9
85.8
88.5
85.1
82.3
77.2
72.2
70.0
69.2
73.3
79.6
83.8
83.5
83.9
85.1
85.0
83.3
83.9
86.3
81.7
63.4
64.5
68.1
70.6
74.5
77.9
80.7
81.3
83.3
81.1
71.7
73.9
71.5
77.3
80.9
80.4
78.7
79.1
83.2
87.4
83.8
85.3
87.8
80.6
74.4
68.5
69.8
74.6
74.7
71.7
74.0
71.9
76.1
75.7
75.5
77.5
78.4
80.6
77.9
79.5
80.2
80.0
79.4
78.7
79.8
81.0
84.5
85.5
80.4
78.4
78.4
80.6
80.5
80.8
81.9
79.4
78.1
76.9
75.3
77.3
74.0
71.8
74.5
69.3
67.4
73.3
73.5
65.3
63.2
67.6
70.0
67.1
70.5
76.7
76.3
63.1
59.5
65.5
66.3
72.1
71.8
71.5
53.7
55.4
62.8
65.1
67.0
69.2
64.7
56.7
54.6
65.0
52.8
46.6
50.1
47.5
42.9
48.5
52.3
55.3
60.1
54.7
47.3
55.8
51.2
58.9
60.9
67.9
56.4
49.5
48.1
54.6
50.6
55.9
42.5
40.5
51.4
49.8
45.1
51.1
36.3
39.5
48.8
47.7
61.3
61.5
46.6
51.7
56.8
47.2
22.2
25.3
25.8
27.9
30.0
33.2
39.3
41.7
47.4
46.5
46.6
54.9
41.0
19.1
14.8
9.6
25.7
20.3
24.2
33.0
29.9
44.5
37.7
36.0
43.6
45.7
47.1
53.6
36.5
29.4
22.9
24.1
31.6
38.0
35.4
38.5
39.2
29.5
27.8
38.0
