value
51.9
39.8
38.5
42.2
44.9
40.5
38.7
49.6
55.2
54.2
52.8
69.7
49.8
39.5
38.7
39.9
44.0
44.1
46.4
50.7
52.9
53.4
57.9
62.0
67.7
56.9
62.8
71.9
74.3
55.8
46.5
52.2
55.7
57.1
62.9
60.0
62.6
66.2
61.3
56.2
68.0
55.4
56.1
53.7
48.9
50.4
48.1
51.6
66.9
57.5
56.9
67.6
50.7
52.0
50.9
61.9
51.1
51.6
49.9
46.5
49.6
48.7
64.9
62.0
46.8
51.5
61.4
66.3
64.4
51.2
52.8
58.2
60.1
63.8
67.0
71.4
75.1
64.7
63.5
59.9
71.1
60.0
56.5
45.5
42.4
50.6
62.5
66.0
71.1
71.4
68.2
69.0
56.6
51.9
51.8
63.1
70.1
71.1
74.7
64.4
53.0
58.4
63.5
67.5
72.6
76.7
77.3
68.2
56.6
53.4
61.5
66.6
71.2
53.6
60.5
68.4
74.5
72.6
73.1
68.4
74.2
64.6
54.5
59.0
62.1
60.8
54.9
72.7
73.8
71.6
70.9
67.5
66.5
71.5
76.0
78.7
81.4
81.3
81.1
80.9
81.5
74.9
81.3
77.9
72.7
77.1
74.1
80.4
79.7
81.1
82.5
83.9
79.8
76.4
79.2
80.0
81.3
78.3
75.2
80.5
80.5
82.2
81.4
82.2
81.4
83.2
84.3
86.5
84.2
85.0
85.6
85.9
86.0
83.8
85.8
87.1
87.3
87.6
88.7
90.7
85.6
82.9
78.1
79.5
79.6
82.9
84.3
85.6
82.0
84.8
86.4
86.9
87.7
88.7
87.9
76.7
78.6
78.8
79.6
80.7
81.9
80.8
84.4
86.5
85.9
85.5
86.7
83.8
83.2
87.4
86.9
86.7
88.1
88.3
87.6
87.8
87.9
88.5
89.3
89.7
87.1
89.3
84.9
84.6
88.1
88.0
83.9
81.3
81.4
80.1
80.8
82.0
81.7
82.9
84.4
86.4
82.7
82.7
77.6
79.9
84.9
87.5
87.6
86.9
87.1
87.0
88.2
81.4
83.0
82.2
77.9
78.0
76.9
79.5
80.8
81.8
81.5
81.7
81.4
79.8
81.2
81.5
77.9
74.5
69.5
70.2
75.7
78.2
77.0
81.7
81.5
72.6
73.3
75.5
80.5
81.4
79.7
78.8
66.5
63.4
64.7
64.9
70.5
77.5
81.3
73.2
74.3
75.7
60.2
61.7
62.0
61.3
48.0
64.5
65.1
61.4
61.9
62.3
68.5
68.0
69.7
75.4
77.1
75.2
62.6
65.7
53.3
61.8
69.4
66.9
52.7
55.9
58.8
64.0
63.1
56.0
44.9
41.5
59.1
68.5
77.0
66.6
64.0
61.5
71.9
54.3
38.3
40.8
36.4
41.9
43.6
38.4
41.0
54.9
61.7
65.3
63.7
63.0
53.6
34.7
29.3
32.9
37.2
35.8
36.9
41.7
44.2
48.2
42.7
43.1
46.9
48.3
62.8
68.5
59.9
46.1
40.3
39.1
43.8
47.4
49.0
46.3
49.1
38.3
40.2
