value
68.4
51.1
44.1
46.5
46.9
54.2
57.4
66.3
66.0
61.3
63.5
74.7
65.8
56.1
47.5
47.9
49.3
55.3
59.0
62.1
64.2
64.1
66.1
68.5
68.7
70.0
72.4
75.0
75.8
70.1
57.1
61.2
68.8
67.5
70.7
70.7
74.8
73.1
69.3
69.5
73.2
74.2
71.5
64.2
60.3
60.5
59.9
57.5
71.9
67.1
71.8
75.8
73.7
66.7
67.6
73.9
60.1
63.1
60.8
59.5
58.1
57.9
68.8
68.3
60.0
63.8
71.6
73.6
72.8
65.7
60.5
63.0
66.4
66.8
69.1
73.5
77.3
72.6
72.7
68.6
73.7
76.7
70.7
62.3
59.2
64.5
69.0
71.7
74.3
74.0
74.9
75.3
74.7
66.7
63.3
67.6
72.5
75.5
78.3
79.9
64.3
65.8
70.6
75.6
73.1
78.7
80.3
81.8
64.6
61.6
69.3
74.9
75.2
68.1
59.5
70.9
78.4
74.2
72.7
74.9
79.2
78.3
65.2
65.0
70.1
70.6
67.3
75.2
78.4
80.2
78.4
73.7
74.1
74.7
76.7
78.8
80.8
82.2
81.9
82.3
82.7
82.1
82.6
83.2
81.8
81.2
78.9
82.2
82.7
83.6
84.2
84.5
83.6
82.8
81.7
82.3
82.8
83.1
81.1
85.0
83.7
79.0
82.8
83.4
84.3
84.2
85.5
86.2
85.5
85.3
85.1
85.4
85.4
79.0
85.7
85.4
86.3
84.8
85.3
86.0
85.3
85.5
84.1
82.4
81.5
84.0
84.5
81.2
82.0
84.8
82.8
84.3
84.9
84.7
85.0
85.5
83.3
78.2
80.6
82.6
81.3
84.7
86.0
85.2
85.3
85.0
85.2
82.1
85.8
85.7
86.3
85.2
85.5
85.8
85.9
87.4
86.8
87.4
87.2
86.8
85.2
84.8
82.9
83.7
86.4
86.2
85.2
85.2
85.6
84.4
83.8
83.7
83.1
82.7
82.9
83.1
82.3
80.2
83.6
83.6
83.2
82.4
83.5
85.0
85.4
82.9
83.2
80.8
80.0
80.0
79.7
79.7
80.5
81.6
82.4
80.5
79.6
81.0
80.1
81.1
81.2
82.6
83.2
78.9
78.1
78.0
79.5
81.6
81.5
84.3
85.2
81.3
80.3
82.0
82.5
81.7
82.1
81.8
74.6
71.6
70.8
74.3
77.7
83.7
84.7
-99
82.1
84.4
81.5
72.7
75.9
76.1
68.7
77.2
74.3
70.6
69.8
73.3
77.9
75.8
77.5
80.3
81.0
81.5
80.2
72.9
65.6
69.2
75.7
77.7
72.2
63.1
67.4
71.2
74.8
73.1
60.2
57.8
66.5
74.5
78.1
77.6
77.4
77.4
78.8
79.0
48.0
47.6
45.6
49.1
49.3
49.5
60.0
64.6
69.4
68.0
71.5
74.0
74.5
53.6
42.0
40.8
51.9
47.9
50.5
54.1
59.2
66.4
54.4
51.2
57.0
62.0
69.4
73.3
76.1
73.4
56.1
53.5
61.8
64.1
58.2
55.4
57.1
54.3
44.7
