value
67.1
48.4
45.8
49.5
48.6
52.5
51.7
61.6
66.8
59.5
60.8
73.7
62.0
52.4
45.9
46.2
49.6
51.9
58.6
59.8
61.8
61.0
64.8
68.0
69.0
70.8
71.1
73.8
76.6
68.0
54.8
62.0
64.9
63.4
69.2
70.5
70.6
67.8
66.1
67.3
73.0
66.3
61.8
60.5
56.9
60.1
58.1
55.2
71.5
66.4
68.9
75.5
69.8
62.9
59.2
70.0
58.5
60.5
57.1
56.8
57.2
57.6
70.1
67.4
56.7
61.1
71.0
72.6
72.7
64.0
61.8
61.4
64.2
66.5
69.9
74.4
76.9
73.4
73.5
68.7
75.2
77.1
68.5
58.0
54.7
59.0
70.1
71.6
74.0
76.0
74.0
74.6
72.4
63.6
61.8
68.3
73.2
75.5
78.9
75.4
61.9
64.2
70.5
75.9
74.5
78.1
78.8
75.7
63.4
62.1
70.1
74.6
75.7
62.7
63.5
72.2
77.2
73.5
74.6
74.0
78.3
74.7
62.1
66.5
70.5
71.1
68.2
77.0
78.9
78.8
78.1
73.7
73.8
77.3
77.7
80.4
82.6
83.6
83.6
83.3
83.6
83.4
83.9
84.2
81.1
82.0
79.3
84.1
83.1
85.1
86.1
86.9
83.9
82.4
81.7
82.8
84.6
84.1
78.6
84.6
85.0
85.3
86.6
85.9
85.7
87.2
86.6
87.4
86.7
86.8
86.5
87.3
86.9
83.7
87.6
87.3
87.6
86.4
86.7
89.5
83.7
83.6
86.5
83.0
82.6
83.9
85.1
85.9
85.7
86.8
86.8
86.7
86.6
86.3
86.5
87.0
83.6
78.6
80.8
83.7
84.0
85.1
86.9
86.8
86.3
85.6
86.3
83.4
86.7
86.5
86.5
85.1
86.8
86.5
86.6
88.0
87.7
88.1
87.6
87.2
85.6
86.2
86.9
86.0
87.9
87.9
86.4
87.6
85.4
84.6
83.6
81.3
84.6
84.9
85.0
86.4
86.9
82.7
83.6
83.7
85.7
85.5
85.6
86.9
86.6
85.8
85.9
86.1
84.9
84.2
81.0
82.2
80.6
81.0
83.6
83.9
84.7
85.7
83.2
84.5
82.9
84.0
83.1
77.0
77.1
76.8
82.0
83.7
82.0
85.6
86.9
83.2
81.3
83.7
83.9
82.9
82.6
81.6
72.3
70.1
70.5
74.0
78.3
83.1
83.5
82.7
80.8
79.7
77.3
70.0
73.7
71.5
59.7
75.3
71.1
66.1
67.7
73.4
75.7
74.3
76.9
79.9
81.4
82.1
78.4
71.7
66.2
69.6
74.8
77.1
61.9
61.3
66.4
67.9
69.8
67.0
53.7
52.7
63.6
71.1
77.0
74.8
71.0
72.8
77.7
67.4
43.6
45.5
42.9
45.0
45.1
46.7
55.4
61.5
64.6
64.7
67.5
71.7
71.7
44.7
38.2
39.2
50.0
44.3
49.4
53.5
55.9
62.3
49.7
49.2
52.6
59.2
68.6
71.6
73.7
64.5
51.0
49.8
56.1
56.1
52.9
53.9
52.5
50.0
44.7
