value
43.4
35.6
37.2
43.2
45.1
43.1
42.1
47.4
50.8
56.0
55.1
61.6
36.9
32.0
34.9
36.1
45.6
47.0
50.8
52.3
48.9
47.0
58.0
62.6
52.3
48.1
57.0
70.9
72.0
50.8
47.5
44.9
54.2
52.5
61.5
60.7
62.2
66.1
54.5
51.5
56.8
53.2
47.8
45.3
49.8
50.7
42.0
51.1
63.7
51.7
48.7
48.9
43.3
40.7
49.8
56.5
45.4
46.8
46.0
45.1
42.2
50.0
66.9
56.8
45.9
54.0
58.5
63.8
57.0
44.8
52.4
54.5
60.2
66.8
69.5
68.6
62.3
57.7
57.9
58.8
58.3
49.0
46.7
43.4
41.5
52.9
61.8
66.5
66.7
67.4
65.1
66.6
51.2
45.4
51.7
62.6
66.6
70.1
73.1
54.4
46.5
57.6
65.3
67.7
72.7
77.1
77.9
61.9
49.7
56.0
60.1
64.3
60.7
46.3
59.2
66.3
69.5
65.0
73.4
71.2
71.9
59.0
50.6
58.9
57.3
62.8
67.5
74.1
72.1
70.5
71.3
68.1
70.2
75.0
74.1
70.0
78.4
82.0
80.8
81.5
76.9
67.1
76.4
78.8
73.0
75.7
78.6
79.1
78.4
78.2
82.3
81.3
75.6
73.9
80.1
82.2
76.8
73.6
76.1
78.4
82.4
84.4
84.4
86.1
86.5
83.5
83.8
83.4
78.6
79.5
83.8
85.9
85.7
86.0
85.9
87.1
87.6
89.0
89.6
88.2
84.8
78.8
78.0
80.0
81.9
84.2
86.4
86.0
86.9
87.8
91.2
91.4
85.9
90.3
78.3
70.6
76.8
78.2
81.1
83.8
82.0
83.3
87.0
89.0
86.7
84.7
85.6
81.9
81.4
86.3
87.8
89.9
91.7
92.1
91.1
90.1
91.4
91.9
92.3
92.0
91.5
86.0
88.0
88.9
89.6
80.6
78.9
78.2
78.1
79.6
82.6
84.2
84.5
86.5
89.0
88.5
88.2
86.7
83.4
83.8
88.7
90.5
91.3
91.8
83.9
86.8
87.2
88.3
88.7
88.3
84.8
85.3
84.4
83.3
84.7
86.8
84.8
84.7
86.2
86.6
86.6
85.3
74.1
71.8
71.3
71.8
78.6
78.7
80.8
80.8
79.7
71.3
73.6
76.6
80.4
81.5
81.6
70.9
60.8
66.7
68.5
69.3
71.8
76.7
80.7
72.6
72.0
70.4
57.8
59.2
61.1
54.7
52.0
61.9
59.2
65.3
67.2
60.0
63.3
62.8
64.5
72.7
71.6
70.0
61.6
60.2
56.1
58.8
63.7
61.4
47.2
54.8
60.3
59.9
60.0
56.5
40.2
44.0
59.6
68.0
76.5
64.4
62.4
57.1
65.2
43.1
37.7
36.0
34.9
40.6
39.3
39.3
43.6
50.4
58.4
56.5
56.7
60.8
42.0
28.5
24.0
27.9
32.1
28.7
32.3
35.5
43.4
43.6
39.7
46.7
51.1
53.2
61.3
63.0
41.1
40.4
33.7
36.0
44.0
40.2
43.5
47.1
44.4
33.6
37.8
