value
38.8
36.5
33.8
29.6
30.1
31.2
41.1
45.8
46.1
43.5
50.0
38.8
31.2
31.7
31.7
30.7
36.9
42.8
43.8
45.4
49.1
49.9
48.6
52.1
58.5
54.3
58.1
53.5
46.5
40.5
39.4
44.0
49.8
50.9
57.3
52.0
54.3
57.3
53.7
56.0
43.0
44.0
44.7
40.0
43.4
46.2
44.5
46.8
59.0
51.7
49.2
41.8
43.1
46.8
51.1
40.1
48.1
46.2
44.1
49.3
52.0
58.3
67.9
56.6
56.8
64.6
65.1
54.6
45.5
49.2
56.8
58.7
62.1
64.6
71.6
72.2
68.7
65.3
60.7
66.1
68.4
67.7
50.4
49.9
50.1
61.8
67.3
70.8
69.6
71.1
69.5
71.6
60.6
62.7
70.3
74.2
73.3
74.8
64.8
55.9
57.4
64.5
70.2
72.3
73.0
75.0
73.9
57.1
53.9
59.7
69.6
73.4
76.5
60.2
66.0
74.2
70.6
73.0
73.6
80.6
81.2
63.2
52.1
62.7
71.6
73.3
75.6
73.5
73.4
70.7
60.9
66.2
69.6
72.3
77.6
84.3
82.6
82.1
79.5
80.6
77.0
78.1
83.2
77.8
82.3
84.1
86.8
83.4
82.0
82.2
86.2
87.1
83.4
77.7
86.1
89.5
82.7
81.6
78.8
90.2
88.4
89.5
91.2
88.1
81.2
81.2
88.3
89.1
83.5
89.5
90.7
85.5
88.4
92.8
90.7
90.6
91.7
92.8
91.3
90.1
88.6
78.0
74.6
78.5
81.9
86.7
89.6
91.2
88.7
87.6
86.5
88.5
87.3
87.1
88.3
81.4
74.0
74.5
69.6
72.1
76.4
80.0
82.7
80.6
81.0
76.1
83.3
74.9
78.3
81.7
86.7
83.4
85.3
85.9
87.9
87.8
87.5
84.9
83.2
83.3
85.8
82.2
77.6
83.9
85.6
85.0
81.0
81.3
85.9
86.5
85.0
84.6
85.0
82.8
82.0
78.5
82.2
83.4
80.4
75.6
72.6
76.5
82.0
86.7
85.7
82.8
82.4
83.3
83.3
83.9
83.1
79.9
72.6
70.6
68.3
68.1
71.0
74.7
74.2
74.6
76.2
76.7
72.8
70.3
71.8
77.6
72.0
73.6
79.1
79.9
70.0
65.2
70.8
79.6
75.9
74.4
74.8
67.7
61.9
62.8
66.4
73.9
74.3
65.6
65.4
69.6
73.0
69.0
61.9
61.6
60.8
56.6
56.9
61.8
59.1
60.5
65.4
69.1
64.2
62.1
65.2
70.2
66.0
60.7
59.7
55.7
61.8
61.9
63.4
55.7
49.5
56.1
58.1
58.0
60.7
58.3
49.1
55.4
58.1
63.7
64.1
59.1
58.6
61.4
64.0
50.7
36.2
32.1
36.7
39.4
40.0
42.3
47.3
50.5
52.0
49.3
60.5
62.8
54.9
46.1
36.6
38.8
43.2
37.1
41.1
41.5
43.4
47.5
40.4
42.5
46.8
46.2
54.0
55.4
44.0
45.2
40.2
40.3
42.3
40.1
39.8
39.6
47.1
38.3
41.0
