value
58.4
44.6
44.0
47.3
45.6
48.3
46.4
53.4
63.9
63.4
57.6
69.6
55.0
45.0
39.7
41.1
43.0
47.9
48.4
53.1
55.3
56.6
57.7
66.5
68.4
69.6
66.0
72.6
73.1
61.8
49.2
56.7
58.6
60.3
60.7
67.0
65.1
63.7
63.0
57.6
67.9
57.9
56.0
54.4
49.9
52.6
50.3
51.7
65.5
59.7
54.8
65.4
60.0
56.2
56.7
65.2
52.8
55.0
50.5
49.9
49.6
47.7
64.6
66.5
53.4
54.7
58.1
66.2
65.9
54.6
51.6
58.1
58.9
62.5
68.8
70.5
74.8
71.4
65.7
62.2
72.8
69.8
61.4
50.0
48.9
52.1
61.7
64.0
69.7
71.6
66.9
67.0
63.1
52.7
55.6
62.3
68.5
72.2
73.9
72.2
52.5
61.2
64.1
66.8
71.3
75.9
74.4
70.9
54.7
55.7
60.0
64.7
69.1
62.2
64.0
71.5
72.5
71.0
71.1
73.7
73.5
71.6
55.8
60.6
64.4
63.5
65.1
72.9
72.9
71.6
73.5
72.9
69.1
70.1
72.2
75.6
78.8
80.9
80.4
81.3
81.5
78.6
79.6
80.5
78.3
80.5
76.8
80.2
80.0
81.7
84.0
84.5
78.8
78.4
80.2
81.7
84.2
76.9
77.5
77.5
78.6
82.2
83.8
84.4
85.6
85.8
85.5
85.8
85.4
82.2
82.3
83.9
84.4
81.8
84.7
86.4
86.7
86.4
86.7
90.8
90.1
84.1
82.0
82.9
83.2
83.2
84.3
82.4
80.6
83.7
85.2
86.7
86.9
87.4
85.3
77.7
78.5
77.1
81.7
79.4
77.5
79.1
84.8
85.9
84.8
86.1
86.3
84.4
82.4
85.5
85.1
84.8
86.6
86.5
85.8
86.4
87.0
87.2
87.6
86.9
85.8
85.0
82.6
84.8
87.3
87.4
77.5
81.7
79.2
80.1
81.7
80.1
81.8
83.8
84.5
86.5
82.3
77.6
80.0
82.4
85.8
86.2
84.9
84.4
85.8
86.5
87.0
83.0
81.8
80.1
79.3
81.3
80.8
80.9
82.3
82.8
83.5
81.1
80.7
82.7
82.1
81.3
79.1
74.7
74.7
77.7
82.6
79.8
79.2
78.8
79.1
78.8
78.6
79.3
76.5
78.6
79.1
81.3
69.0
67.9
65.6
68.1
71.7
75.8
78.9
73.4
76.3
77.5
71.3
66.6
63.2
63.9
54.5
67.2
67.7
63.8
66.5
64.6
64.0
66.5
69.3
73.5
74.7
74.5
64.6
65.3
57.4
61.7
71.7
72.7
55.6
56.8
58.5
61.5
62.3
60.1
47.3
46.2
60.4
68.7
78.0
73.7
63.3
58.5
71.2
63.8
45.7
45.9
42.1
40.7
42.6
40.9
45.2
50.7
58.5
67.3
68.6
73.0
67.1
40.2
35.5
39.7
45.0
40.8
42.1
45.3
47.0
52.2
43.8
43.9
49.9
51.8
61.2
71.3
70.9
56.5
41.7
42.1
45.2
53.6
52.1
50.4
49.3
46.8
42.4
