value
31.1
30.6
29.7
31.4
36.5
35.9
38.1
37.8
39.5
41.6
49.4
40.0
27.0
23.5
25.7
29.1
39.1
42.6
47.5
42.4
37.9
40.0
47.4
51.0
53.9
46.8
60.5
59.5
51.0
35.8
41.4
40.3
46.9
45.6
53.7
47.6
50.0
54.4
41.5
49.2
47.8
41.5
37.7
35.7
42.0
37.3
37.6
50.5
50.7
41.5
41.3
39.5
33.1
38.8
51.2
35.0
32.4
38.4
36.3
40.0
44.7
54.9
64.4
45.8
43.4
53.0
61.5
61.1
44.1
42.4
51.8
47.7
58.6
64.6
65.0
54.7
56.4
51.6
48.1
61.5
53.8
51.9
35.3
34.7
35.9
56.4
62.4
65.4
65.2
62.6
63.6
45.5
38.4
43.6
56.9
66.8
65.9
72.0
70.0
35.4
44.8
60.4
60.3
68.4
73.0
67.5
69.2
47.9
43.3
59.3
65.0
68.6
49.5
39.4
53.3
67.0
64.3
69.2
73.7
75.1
72.8
42.7
45.4
56.9
56.3
58.5
57.4
69.6
68.7
58.2
58.6
62.5
71.0
73.6
72.0
73.9
77.4
86.5
80.5
75.2
70.7
71.6
81.1
70.9
73.0
79.9
80.0
77.8
78.4
81.9
84.8
79.1
71.2
79.5
88.0
82.9
68.8
70.1
72.5
75.8
81.0
83.8
83.3
82.7
77.1
74.6
80.7
83.1
72.0
74.7
79.1
81.2
83.2
82.7
83.6
85.3
89.3
91.2
89.9
84.1
78.3
75.6
73.5
75.0
75.8
80.9
83.7
82.8
82.5
84.8
85.1
86.7
86.3
86.6
85.3
65.4
67.1
68.4
70.5
74.1
77.4
79.5
80.4
82.5
85.5
78.2
77.2
71.6
76.7
80.9
82.8
82.8
80.0
81.9
87.3
84.1
85.0
87.4
86.3
82.0
77.9
75.5
78.2
77.4
79.5
74.1
74.3
76.2
75.9
76.6
78.6
80.5
79.8
77.5
80.0
80.1
79.8
77.9
76.8
78.6
81.4
83.3
83.7
83.3
81.3
78.5
81.0
78.2
80.5
81.7
78.3
77.3
76.3
75.1
75.1
77.4
74.3
78.3
76.8
72.5
76.0
74.1
67.9
62.8
69.0
71.1
69.4
74.8
79.5
76.3
68.2
60.5
71.5
75.3
75.7
77.3
79.3
59.7
56.3
61.3
65.8
66.2
68.9
68.5
62.3
58.8
66.8
57.0
51.1
52.8
56.5
44.7
50.1
56.9
53.9
58.6
59.5
51.9
61.0
52.8
61.4
69.3
68.5
59.3
56.0
48.7
54.0
54.5
61.4
49.4
43.9
49.9
52.5
49.3
54.2
43.9
39.7
48.8
50.7
65.0
64.6
52.0
51.6
61.2
58.2
27.5
27.7
27.5
30.8
34.0
34.1
42.5
42.2
48.5
51.2
51.5
57.5
56.5
26.8
19.9
14.6
26.6
26.5
24.9
34.6
30.7
43.9
41.3
37.0
41.0
46.6
45.0
55.2
41.7
39.1
34.7
35.6
36.4
41.2
33.0
36.8
36.4
33.3
29.7
35.4
