value
40.3
35.2
34.2
31.9
36.5
33.1
43.1
41.9
42.9
44.9
52.3
46.3
32.0
27.9
28.8
32.3
41.4
43.9
48.8
45.0
40.8
44.2
54.3
57.9
57.7
53.2
63.3
60.3
56.7
40.0
43.4
46.1
50.2
46.1
56.4
50.0
53.9
56.5
47.5
55.9
54.2
47.0
49.4
39.4
46.4
43.6
41.1
52.9
57.5
48.9
51.1
50.8
42.2
46.8
56.2
45.7
40.0
47.4
39.7
44.0
45.8
57.8
69.1
53.3
47.1
55.2
64.0
64.0
51.1
46.6
55.1
51.5
62.3
68.2
71.4
62.9
64.5
63.9
55.3
65.1
60.7
59.4
43.4
41.3
43.2
57.5
62.2
67.0
68.6
72.2
68.0
59.6
44.1
48.7
61.5
70.0
71.8
76.0
77.7
47.2
51.8
62.1
65.9
68.8
71.5
77.4
80.5
58.5
50.0
61.9
66.2
72.7
61.6
45.4
60.7
68.0
69.6
71.2
72.3
77.3
80.3
53.0
47.9
61.3
62.9
65.0
62.0
75.4
78.0
68.0
65.1
66.7
70.4
73.3
73.3
80.7
85.0
87.6
83.8
82.5
78.4
75.4
84.0
76.4
74.7
77.4
80.4
78.8
81.7
84.3
86.7
85.4
77.4
82.4
89.8
89.2
75.5
72.4
75.7
81.7
82.7
83.7
82.3
82.5
74.8
76.0
81.5
83.3
78.0
84.4
85.2
84.5
84.6
84.0
84.8
86.8
90.5
91.4
89.0
90.2
83.4
76.4
74.8
77.3
78.6
81.8
85.1
84.0
84.2
83.4
84.5
87.0
87.1
87.5
88.0
70.7
65.9
71.1
72.3
74.4
79.4
79.8
81.7
85.3
87.4
85.6
87.4
82.9
81.1
86.0
85.4
86.9
87.9
88.9
90.1
87.9
87.4
90.6
84.0
85.7
85.7
80.9
83.5
83.8
84.9
81.0
81.2
81.6
82.6
85.0
84.3
85.5
82.1
81.7
83.2
81.4
83.3
82.5
80.3
79.8
80.7
84.6
86.6
87.5
85.9
82.2
83.5
81.9
82.7
81.9
82.7
82.2
78.7
76.7
78.4
78.3
79.1
79.2
79.4
73.3
75.4
74.4
69.1
67.2
70.4
74.0
74.0
75.8
80.9
78.6
72.4
66.0
74.6
78.9
79.2
80.1
80.4
68.6
61.3
66.4
68.8
71.7
73.3
73.9
70.7
67.9
69.1
63.1
51.6
59.3
65.2
48.6
52.0
60.7
56.8
62.7
62.1
61.0
60.8
59.2
64.8
71.5
70.6
65.1
60.7
55.7
51.7
59.0
63.2
56.9
47.6
49.3
53.3
56.4
59.0
47.9
38.8
49.1
55.0
66.1
68.5
57.5
55.2
64.2
67.3
37.3
29.9
29.8
30.4
41.9
37.3
41.6
43.0
49.8
52.7
55.0
59.4
63.5
40.2
24.7
20.0
28.9
31.6
30.0
37.4
34.0
45.2
44.6
43.1
50.3
46.6
48.7
56.4
50.1
45.2
42.5
40.8
42.7
42.3
37.0
38.3
46.4
39.7
35.6
39.6
