value
55.8
42.5
41.8
41.5
45.0
45.1
43.8
51.0
57.4
55.3
53.4
68.4
53.1
41.8
40.4
40.6
46.8
49.1
49.7
52.8
55.8
58.4
60.1
65.2
67.3
64.9
66.7
71.3
73.6
56.8
47.6
55.0
58.3
60.8
64.2
63.4
66.2
65.0
62.5
57.8
68.2
59.3
57.4
55.1
51.7
54.3
49.2
54.7
66.0
59.9
59.3
70.0
57.2
55.5
56.5
61.3
51.4
55.6
51.5
50.8
54.3
53.7
64.3
62.8
50.2
55.2
63.8
67.1
65.3
53.0
57.1
62.2
62.3
66.1
68.0
71.3
75.4
69.7
67.4
64.1
71.1
68.0
60.9
49.8
47.7
55.1
63.3
67.3
71.2
71.5
69.6
72.4
59.1
54.8
55.6
64.3
69.9
71.0
75.3
66.7
56.7
61.3
66.0
69.2
74.8
76.5
75.7
70.3
59.1
58.7
64.1
70.3
73.2
55.6
61.4
66.5
74.0
71.0
74.5
71.3
75.6
65.5
55.3
60.1
65.2
65.8
61.7
72.8
74.8
73.0
71.8
72.1
70.6
73.7
77.4
79.7
82.4
82.5
82.1
82.2
81.8
79.2
82.6
77.3
72.6
76.7
76.3
80.3
79.2
80.6
82.5
84.2
80.5
77.9
80.9
81.0
81.5
77.7
75.7
81.8
81.3
82.2
80.2
79.3
78.8
80.6
83.1
84.7
84.6
84.5
84.7
85.0
84.8
83.0
85.1
86.1
86.1
87.0
87.9
92.3
84.7
81.2
78.8
82.7
82.5
84.3
84.8
85.8
81.7
83.9
86.5
86.8
87.4
88.3
88.6
79.3
77.7
79.0
80.5
83.3
84.7
85.9
87.4
87.7
87.5
87.1
87.5
87.1
85.7
89.0
88.0
87.6
89.7
89.5
88.7
89.1
89.1
89.6
89.8
89.4
88.5
90.3
86.5
83.7
88.2
89.4
88.4
85.1
86.4
85.2
85.8
84.7
83.7
84.2
87.5
89.1
86.8
83.6
80.9
84.7
86.8
89.7
89.4
88.0
89.2
87.6
89.1
86.1
85.4
85.7
82.8
81.3
79.5
81.2
83.3
86.2
84.3
83.0
81.2
80.0
82.2
81.4
80.2
76.9
73.5
73.8
79.1
82.7
82.4
83.9
83.7
76.5
75.7
80.6
83.1
82.8
82.1
81.5
69.7
68.4
69.9
71.1
75.4
79.8
83.3
76.2
77.1
78.6
63.4
64.6
66.5
64.6
54.5
69.7
68.9
64.2
65.5
67.6
72.3
73.6
75.0
77.9
78.9
78.8
66.5
67.9
58.9
65.7
71.4
72.7
58.4
58.7
61.6
66.1
66.7
62.7
48.8
46.7
63.5
71.7
78.7
72.9
67.5
66.2
74.3
59.6
40.4
41.6
39.1
43.8
44.0
42.9
46.7
59.3
64.5
67.6
67.3
64.4
58.2
37.7
32.8
37.2
45.1
40.0
44.8
46.5
49.0
52.4
48.3
48.3
52.2
54.6
65.2
69.0
69.6
53.8
46.3
45.0
49.6
51.4
50.7
51.9
53.1
42.6
44.2
