value
45.6
36.8
33.0
35.2
40.6
39.8
38.1
42.5
48.0
48.2
55.9
56.3
36.1
30.7
35.0
32.8
44.2
43.3
51.6
48.8
45.6
46.7
61.1
64.5
65.5
52.6
66.2
69.6
67.6
47.7
45.1
50.4
55.8
49.5
64.3
54.7
60.0
64.4
52.5
58.4
62.6
53.2
54.1
43.2
48.7
48.8
41.5
55.7
63.4
51.3
54.2
55.8
43.6
45.3
56.1
51.4
43.9
50.7
44.1
44.0
48.8
57.1
69.7
56.4
45.0
56.2
64.9
70.6
58.8
48.8
60.5
56.4
65.0
68.3
73.8
69.6
66.3
63.3
61.5
66.8
66.2
60.6
52.8
42.2
43.0
58.6
64.7
69.4
71.1
73.8
68.9
70.6
45.4
49.9
57.6
69.8
74.0
76.3
78.9
54.0
54.4
63.9
70.4
74.5
79.5
81.4
84.1
64.6
52.2
61.1
65.4
72.5
64.7
48.7
61.8
70.4
72.9
71.1
73.5
76.6
81.8
57.3
51.2
60.7
63.2
61.3
56.3
73.5
74.3
67.7
65.2
67.1
69.8
75.0
73.7
82.4
87.9
89.1
86.6
86.6
83.9
76.4
85.0
74.5
74.6
77.5
78.3
77.9
79.4
83.5
84.7
85.5
80.0
80.7
87.3
87.5
79.7
73.5
74.0
80.0
80.8
84.5
83.0
84.3
77.1
75.4
80.5
84.7
78.7
83.6
84.6
85.2
85.3
84.5
84.1
87.2
88.8
89.9
87.8
90.0
84.7
77.8
75.6
76.9
79.8
85.4
86.5
85.6
86.7
84.9
86.7
89.2
88.7
88.5
88.1
71.6
70.7
74.6
73.9
75.8
80.4
81.0
83.0
85.4
85.2
86.2
86.7
83.1
80.2
86.8
86.7
89.0
87.4
89.2
89.5
89.6
89.6
89.4
89.5
86.7
84.3
85.9
84.4
84.9
87.5
85.2
82.2
78.3
80.6
83.1
83.4
85.1
81.0
83.7
79.9
78.0
82.7
81.0
77.8
79.3
81.3
83.7
85.8
86.3
83.6
80.8
84.2
82.5
82.2
82.4
81.3
77.1
78.4
78.4
78.9
79.3
79.2
81.5
82.5
79.5
79.7
76.1
70.2
70.3
67.4
68.9
74.8
75.0
77.4
77.6
73.8
68.4
68.7
76.2
78.3
78.1
79.7
66.9
57.9
62.0
63.6
67.1
72.5
76.5
73.6
72.0
71.1
66.6
54.0
56.7
64.1
51.0
48.9
62.6
56.8
57.9
58.3
59.7
66.2
63.2
66.9
74.4
72.8
69.5
57.1
54.6
52.9
59.7
65.5
58.8
42.9
50.2
54.2
55.1
60.3
51.7
39.2
44.6
56.3
66.8
69.9
57.5
62.1
64.9
69.9
41.1
32.0
33.1
34.9
40.4
37.5
41.8
42.4
52.8
55.5
58.4
58.5
64.8
43.1
27.1
22.6
30.7
32.1
32.4
38.5
35.1
48.3
48.3
40.1
46.3
48.5
49.8
60.5
58.5
47.3
44.5
37.8
43.0
45.4
38.3
40.2
47.9
46.0
35.2
39.3
