value
46.4
35.4
34.8
46.9
44.2
42.2
37.1
47.6
53.2
55.5
54.3
65.8
41.3
34.2
35.8
36.7
41.0
41.6
50.2
51.3
50.4
47.7
57.4
63.3
60.4
51.0
60.3
70.1
72.1
51.4
46.1
47.3
56.9
51.8
61.9
58.3
59.5
66.0
57.5
51.7
63.5
52.0
51.1
47.7
49.1
51.0
42.7
52.7
65.6
52.8
52.5
57.8
45.8
43.8
49.7
58.9
47.1
47.8
46.2
43.9
44.1
50.1
65.1
58.5
44.0
52.3
59.1
63.5
59.6
45.9
51.2
54.7
60.2
65.2
67.4
70.9
68.8
58.0
58.2
59.5
64.6
52.4
50.1
43.7
38.3
53.0
61.5
65.6
69.7
71.6
66.1
68.5
55.7
46.9
49.8
62.1
66.7
69.7
73.3
57.4
48.7
55.9
64.0
67.7
72.4
76.5
77.1
63.8
50.0
55.0
60.2
65.8
64.2
48.6
59.6
67.9
72.0
67.0
72.7
70.3
72.6
60.7
51.6
57.0
57.7
59.3
60.6
73.7
71.1
70.7
69.4
66.7
65.5
73.5
73.7
72.1
79.3
81.2
80.3
81.0
78.8
65.3
76.5
78.1
72.6
78.3
76.5
80.2
78.0
79.8
81.9
83.5
77.8
73.1
81.0
81.4
78.8
74.0
74.5
79.0
80.2
84.1
83.6
84.3
83.4
83.6
84.9
84.1
81.9
82.6
83.2
86.4
86.6
86.1
86.3
87.5
87.5
88.3
89.2
90.0
84.9
80.0
79.0
76.3
82.2
83.6
86.3
86.7
85.9
86.1
89.6
90.0
87.8
90.6
78.6
69.8
76.8
76.8
80.7
83.1
82.8
83.1
85.3
87.1
85.7
86.5
85.9
80.4
80.4
85.8
86.5
86.7
87.9
88.9
86.9
87.1
87.7
88.2
88.6
88.1
86.5
86.9
86.1
86.4
88.8
85.5
79.6
79.1
79.2
78.9
80.0
83.2
83.7
85.5
87.3
87.8
86.2
84.9
79.7
80.7
86.6
87.7
89.6
90.2
88.1
86.2
88.3
87.0
86.6
86.6
80.7
82.9
78.5
81.9
83.5
84.2
86.0
84.6
84.5
83.9
85.3
84.5
74.8
73.1
68.6
71.0
77.4
76.2
80.1
80.1
79.9
70.0
70.2
74.0
79.3
80.4
80.1
72.9
62.3
61.6
63.1
67.8
71.4
75.6
77.4
71.4
71.9
71.2
56.5
58.8
59.6
55.9
44.8
64.4
60.4
60.7
62.8
60.5
64.0
64.5
65.6
71.2
73.3
71.8
60.0
60.2
51.0
58.1
65.4
63.4
46.9
52.1
59.5
59.6
55.7
53.9
40.6
41.4
59.8
67.0
76.7
64.5
61.5
57.1
68.0
46.7
36.8
37.7
34.8
39.9
39.8
36.7
39.4
52.2
57.5
58.0
56.6
57.9
46.7
30.3
25.6
28.7
35.6
31.4
34.4
37.1
42.7
44.5
39.2
45.1
48.4
48.5
59.4
66.3
45.0
44.7
35.5
36.7
44.2
42.2
41.3
42.1
46.1
33.7
37.1
