value
33.8
31.1
33.9
36.5
41.6
39.2
38.5
43.6
48.2
52.3
54.8
49.4
30.1
21.9
28.0
30.8
43.2
44.5
47.6
48.0
41.0
40.5
52.2
48.6
38.2
41.6
57.5
67.2
67.3
45.3
42.5
37.7
45.0
49.4
61.4
48.7
58.1
61.2
46.2
46.5
52.5
44.7
43.5
39.7
46.8
45.0
38.6
49.2
58.1
44.9
43.8
41.2
33.4
34.1
47.2
48.4
39.3
40.9
40.5
40.4
38.1
51.4
67.9
48.8
41.8
52.0
59.2
63.1
51.4
40.9
49.4
50.5
57.6
66.2
72.3
55.0
53.4
50.5
51.5
59.5
51.1
46.4
41.2
37.6
36.4
54.3
62.1
65.0
66.0
66.3
62.7
51.4
42.5
41.3
47.9
63.4
66.8
71.7
73.6
40.4
42.9
52.7
61.0
68.8
71.4
67.7
69.9
54.6
46.6
56.8
60.3
64.1
55.0
43.0
53.2
65.5
66.4
65.3
74.7
75.2
75.2
49.6
48.8
56.3
55.0
61.7
66.5
76.1
72.0
67.4
67.5
65.9
75.3
79.8
78.5
68.8
77.0
82.8
86.7
84.3
67.6
69.1
75.1
77.4
72.5
77.2
79.4
78.5
78.4
80.9
86.2
83.2
72.0
73.8
81.4
80.9
72.6
71.4
74.7
76.3
82.2
83.8
85.0
85.1
83.7
80.5
82.3
80.1
78.2
76.2
81.5
85.5
86.2
84.8
85.9
87.4
90.1
90.0
91.4
86.9
83.1
76.6
75.5
77.2
79.8
84.6
86.6
87.3
86.8
89.8
91.8
91.5
88.8
90.4
78.7
66.4
72.9
75.1
78.7
83.0
84.6
84.4
85.7
88.1
85.2
80.6
81.9
75.8
78.9
81.7
86.5
84.7
84.7
88.9
90.1
88.6
90.6
91.4
93.8
88.2
81.1
80.5
82.6
84.4
81.8
80.3
79.9
74.9
75.7
77.3
79.4
82.0
82.0
83.4
85.1
85.0
84.4
83.9
79.3
83.1
86.9
88.2
90.5
90.6
87.4
82.3
81.7
86.5
86.5
85.5
84.3
83.3
82.7
82.1
83.7
82.0
79.9
83.5
82.9
81.8
84.2
82.0
71.8
66.5
70.3
70.4
75.2
75.3
81.2
78.7
73.0
64.7
68.7
74.0
75.7
80.1
80.5
66.8
61.0
65.6
65.6
68.9
71.0
75.7
71.7
68.5
70.5
62.2
54.8
54.1
55.0
47.3
47.0
57.3
56.0
63.7
61.2
53.9
61.3
60.0
61.1
72.6
73.0
66.5
56.7
54.8
52.6
60.4
62.9
54.0
44.0
50.5
56.2
56.0
56.4
45.3
33.6
41.1
52.3
68.3
71.1
55.4
58.6
59.7
63.8
32.6
32.2
31.7
32.0
38.6
33.0
37.8
42.8
50.3
52.2
48.5
51.5
52.3
30.9
21.5
16.1
24.0
25.9
24.6
30.4
29.9
43.0
40.5
39.5
46.0
47.4
50.3
59.6
48.0
32.4
32.9
29.1
31.5
37.7
36.0
39.9
42.9
36.1
27.6
36.0
