value
75.5
75.4
76.3
74.3
74.2
69.1
71.8
71.8
68.6
72.2
71.4
74.2
75.4
74.3
73.7
76.8
75.5
75.8
73.6
73.8
76.0
75.9
75.8
76.3
74.7
74.9
76.1
71.7
74.6
67.9
75.6
68.5
73.7
73.9
74.2
77.0
76.8
75.2
71.5
75.2
77.1
76.1
73.8
72.4
71.1
72.5
74.7
74.3
76.5
76.1
73.5
71.1
74.9
77.3
72.4
73.0
76.3
76.1
76.1
75.8
-99
-99
76.4
76.3
74.4
74.5
73.4
-99
73.8
75.9
-99
74.5
70.3
75.0
76.8
77.9
74.5
72.1
73.1
72.9
73.0
71.9
74.2
71.0
72.4
73.8
71.5
74.2
75.2
68.2
71.6
75.2
77.2
74.0
73.4
73.0
68.8
72.7
73.3
74.8
71.7
69.6
73.8
74.2
75.3
73.7
72.2
-99
-99
-99
-99
-99
-99
-99
-99
71.9
74.7
71.7
72.3
-99
71.4
73.7
-99
74.6
73.3
70.4
69.8
-99
-99
72.7
73.3
77.4
75.0
72.7
73.3
73.8
75.9
73.6
73.7
72.8
74.6
74.6
76.1
73.2
73.2
73.2
74.9
73.5
74.0
74.7
73.4
75.0
71.9
73.3
75.3
74.7
71.7
72.7
70.5
73.4
73.7
72.7
75.0
73.8
72.3
72.7
73.2
70.0
70.1
75.0
72.7
74.4
75.1
72.9
73.1
72.1
72.4
-99
-99
-99
-99
-99
-99
-99
-99
-99
-99
-99
-99
-99
-99
-99
-99
-99
-99
-99
-99
-99
-99
-99
-99
-99
-99
-99
-99
74.5
74.6
-99
-99
74.5
71.4
68.5
69.5
70.7
68.3
-99
71.0
70.4
71.0
72.3
71.3
72.5
72.7
72.1
72.2
72.9
70.2
-99
-99
-99
-99
-99
-99
70.0
72.4
69.6
67.7
-99
-99
-99
73.3
73.5
71.5
-99
78.4
66.2
69.9
79.4
74.7
71.7
71.8
70.2
71.2
72.1
71.0
71.9
74.1
71.9
74.0
71.8
69.0
73.0
70.9
73.1
71.3
72.4
71.5
73.9
70.9
75.1
73.7
70.1
72.0
71.3
68.8
71.4
71.4
72.3
71.8
69.9
71.1
71.9
71.4
70.6
71.8
-99
74.1
73.5
75.0
72.9
73.0
73.1
72.8
70.8
69.7
-99
-99
-99
-99
-99
-99
-99
-99
-99
-99
-99
-99
78.3
75.5
72.5
71.1
69.2
70.2
73.5
68.6
69.2
72.0
74.9
73.0
70.1
67.7
71.5
70.5
70.7
72.6
71.8
71.2
67.2
72.7
72.1
71.9
70.4
72.0
74.2
74.7
75.2
73.8
73.5
72.0
70.0
74.1
73.8
72.6
74.6
68.0
68.0
67.1
65.1
75.8
72.8
70.2
71.4
66.7
72.5
74.0
71.8
75.4
75.1
73.8
79.3
73.9
75.7
75.1
70.7
70.4
