value
40.9
51.0
52.1
49.9
49.7
47.8
50.3
48.4
38.7
38.2
38.5
40.2
36.8
39.0
38.6
39.4
41.0
35.0
35.8
34.7
34.6
36.2
36.2
38.6
43.9
42.0
40.3
44.3
48.0
42.8
44.1
40.5
38.6
48.6
40.5
38.8
40.4
37.7
42.8
44.9
40.7
38.6
38.3
46.8
44.6
44.2
46.6
45.5
41.8
39.3
40.4
36.4
36.1
34.6
37.7
38.3
40.6
40.8
45.3
45.2
44.7
44.1
41.1
39.3
42.8
44.9
42.9
39.0
37.3
33.4
36.5
39.9
40.9
42.5
36.2
38.4
38.8
37.6
39.9
38.4
34.3
35.3
36.6
36.1
36.6
37.3
37.1
38.0
37.9
38.8
38.8
40.7
40.7
42.1
42.1
42.2
42.1
42.9
42.7
42.9
42.1
43.9
45.5
52.2
53.0
53.2
49.8
48.3
48.3
50.4
49.7
52.4
52.1
50.2
47.9
43.2
47.2
48.0
46.7
49.1
50.2
51.1
52.9
50.5
58.3
55.6
57.0
53.1
49.7
50.9
48.5
49.7
46.0
48.0
49.1
48.8
53.9
50.0
53.6
53.7
52.6
50.6
45.5
51.8
56.0
56.8
51.2
53.4
59.2
59.6
54.1
55.0
55.5
59.6
62.9
62.5
63.5
64.9
62.2
64.1
59.6
54.9
56.1
55.6
55.6
51.7
56.8
56.8
62.2
60.6
60.8
59.3
57.2
54.7
55.3
59.6
59.1
57.3
59.3
59.3
59.3
57.0
56.4
60.2
61.8
60.3
65.8
64.4
67.8
72.0
64.8
70.5
71.4
63.6
61.9
64.4
68.3
70.1
70.3
72.2
68.7
63.2
66.3
66.8
66.4
64.5
66.1
66.4
65.7
63.0
61.2
57.5
63.9
65.9
62.5
63.4
61.6
60.8
61.8
63.7
61.0
60.5
59.6
58.7
59.6
62.4
64.5
61.6
63.9
59.2
62.4
62.5
65.0
61.9
61.2
59.1
60.9
60.5
60.6
56.8
63.8
62.4
57.5
59.3
67.1
65.6
62.2
57.7
54.2
51.5
54.7
56.1
56.8
59.0
60.9
53.8
54.8
54.1
50.2
50.1
51.6
54.8
56.7
61.8
63.6
59.8
58.5
58.1
54.7
59.0
57.7
57.7
56.8
56.1
58.0
60.4
59.0
59.0
61.9
63.2
57.0
49.4
49.5
51.0
51.8
52.4
53.3
52.8
51.4
53.9
55.5
57.8
55.3
53.1
57.4
51.1
49.9
57.3
51.5
52.1
49.0
47.1
49.9
49.8
47.1
46.9
43.0
43.3
44.0
44.9
44.7
42.6
40.6
43.3
53.5
46.0
46.9
46.1
49.4
52.2
46.0
42.5
38.3
43.3
39.9
37.6
43.6
44.5
43.5
45.7
50.3
48.9
46.4
45.7
48.5
46.5
47.6
40.7
42.6
41.3
45.6
52.5
50.9
53.4
50.6
55.0
50.0
50.6
46.4
41.3
42.4
49.5
37.2
46.8
43.8
37.3
47.7
38.3
-99
37.9
43.2
39.4
41.3
42.1
43.5
