value
43.0
44.4
51.1
49.3
48.6
45.2
46.5
50.0
45.5
36.0
37.9
38.2
35.6
34.3
34.7
29.4
31.3
30.7
32.4
30.6
31.6
31.9
35.4
34.9
34.4
41.7
46.4
44.1
53.2
50.1
47.7
43.1
38.8
41.1
48.0
40.0
40.4
37.4
37.8
36.9
38.1
34.2
34.6
34.9
46.5
42.5
43.8
39.9
39.0
39.4
37.6
34.6
34.0
33.7
34.5
37.5
39.1
38.5
39.9
40.5
37.4
37.2
40.4
45.4
50.2
47.7
48.9
43.3
36.8
31.7
34.0
37.9
36.9
42.7
44.1
40.4
37.8
40.3
39.3
38.9
38.6
34.9
32.9
33.8
34.1
35.1
35.4
36.3
36.9
35.5
37.0
38.8
36.7
35.9
39.6
40.2
40.7
43.8
43.3
43.9
47.1
48.1
48.6
58.2
54.2
54.6
56.2
51.3
49.0
46.2
46.8
50.6
57.8
58.1
59.5
49.0
43.9
45.5
50.9
48.8
49.4
52.4
54.4
53.8
56.6
60.7
60.6
56.6
51.0
54.4
50.2
50.3
53.0
48.3
48.2
50.4
49.5
53.3
57.0
58.2
56.8
52.7
46.7
44.6
50.3
55.6
54.6
51.0
51.0
55.2
60.9
56.9
56.8
57.0
58.0
57.6
59.7
59.0
56.0
54.8
54.6
57.3
60.3
58.3
58.1
57.5
58.1
62.0
63.8
69.1
65.5
63.4
58.5
58.9
57.3
60.6
61.7
59.2
61.6
63.6
67.2
62.3
58.2
62.6
65.0
66.5
70.5
73.1
70.7
68.3
66.0
61.9
65.2
74.4
75.0
75.4
75.7
76.4
74.3
72.6
68.2
69.8
76.8
74.6
69.4
69.1
68.4
68.3
67.1
66.4
64.0
67.3
78.0
68.9
66.6
66.2
65.6
64.0
65.7
66.3
66.9
64.5
66.6
63.1
60.1
62.5
67.4
66.4
62.8
66.5
63.8
65.4
67.8
66.0
70.6
64.1
64.8
67.3
64.2
65.0
66.5
67.2
63.1
60.3
66.1
67.1
69.8
71.3
59.8
58.0
53.5
53.2
56.5
57.9
59.4
62.5
53.5
53.8
52.9
53.2
55.2
54.8
57.6
59.2
62.8
60.5
59.8
63.1
60.3
56.6
59.5
59.9
60.2
58.4
62.1
61.5
64.3
60.0
56.5
58.2
61.6
55.9
48.8
52.9
53.1
50.5
49.3
49.7
50.9
57.3
57.5
58.9
56.9
60.2
61.7
57.9
53.3
60.6
59.7
56.9
54.6
48.8
49.4
54.9
54.9
53.4
48.8
45.9
48.1
54.1
50.7
45.3
42.3
43.4
48.6
50.5
42.5
45.9
42.7
40.9
47.8
46.8
38.5
37.5
41.9
41.4
41.4
43.8
42.0
40.6
46.7
48.0
47.3
42.9
42.5
46.1
42.7
42.3
41.7
42.5
45.4
46.5
45.1
40.8
36.1
41.5
50.4
46.4
51.7
52.4
42.4
46.6
44.0
43.8
51.2
46.7
48.3
47.1
40.3
39.1
49.1
42.4
39.3
47.6
46.5
