value
31.3
25.2
32.8
34.3
32.7
27.4
21.9
20.7
12.4
11.1
23.8
23.2
19.0
20.8
26.2
35.0
34.8
28.3
29.4
29.2
29.8
21.1
20.2
18.3
13.3
11.1
11.5
19.5
22.9
27.2
31.7
34.9
36.1
35.3
29.1
32.8
35.7
33.0
37.2
33.7
32.2
32.4
33.4
33.2
31.2
26.7
27.4
26.1
21.7
22.9
28.9
31.9
29.7
29.2
26.2
29.0
27.7
28.6
32.7
35.0
33.6
32.5
25.4
23.5
33.1
35.6
31.0
26.7
27.8
26.7
25.3
31.0
36.1
38.7
21.5
22.1
23.7
30.5
32.4
33.9
28.7
18.1
18.4
20.7
22.1
24.7
24.6
24.9
32.5
36.5
43.2
36.3
36.6
37.8
39.9
38.1
34.8
35.7
39.5
43.8
42.9
47.7
46.0
49.7
45.6
52.0
52.6
55.4
59.3
61.6
52.3
48.1
53.6
59.4
58.0
59.4
71.4
68.2
60.2
68.2
60.9
57.4
65.6
70.4
62.0
61.2
60.1
64.6
69.0
70.1
69.6
68.9
66.3
65.7
67.8
67.1
68.3
69.5
67.8
71.4
67.0
59.4
61.8
63.1
59.5
63.7
62.3
57.2
62.7
69.1
71.2
65.5
58.3
61.2
64.6
68.5
68.7
68.1
66.7
69.4
72.5
69.9
69.8
70.6
72.8
76.9
76.6
74.8
69.0
67.6
69.5
74.2
73.9
75.4
72.6
74.2
74.3
74.1
72.0
69.6
69.3
67.8
68.3
66.7
74.6
76.8
77.7
71.7
72.0
71.6
70.0
71.3
70.5
68.2
64.4
63.2
67.7
67.7
69.1
70.5
64.1
60.9
63.0
58.4
65.8
67.6
66.9
69.4
70.6
72.2
70.0
71.0
70.3
65.8
63.1
70.2
70.8
72.2
73.7
75.0
75.4
75.5
75.4
69.8
70.9
68.3
63.0
65.6
65.6
67.6
69.2
70.4
69.3
70.3
62.7
59.2
55.0
57.4
59.5
61.0
56.9
57.3
56.8
61.1
59.1
54.1
54.5
56.1
50.5
56.2
53.1
58.5
61.2
62.6
62.3
60.3
58.3
57.4
56.8
61.4
61.4
54.7
52.9
54.0
54.6
51.7
49.2
46.6
45.4
41.9
42.3
42.5
42.0
40.7
39.7
38.2
41.6
44.1
45.9
48.3
51.7
52.1
49.9
52.3
52.3
47.3
50.4
53.3
51.6
47.1
48.5
41.7
43.7
53.0
48.3
43.6
49.1
48.7
48.5
55.9
56.8
58.6
55.5
46.0
45.4
49.3
54.3
51.5
55.3
55.2
42.8
50.7
51.6
51.5
51.0
43.8
36.3
40.0
39.8
38.9
41.4
40.4
39.0
43.2
45.6
41.2
42.8
42.5
44.6
33.4
28.4
33.7
35.7
35.3
38.1
33.4
27.9
32.6
34.9
32.4
32.2
30.6
26.0
17.1
19.0
30.6
33.1
29.8
27.0
31.6
34.0
32.7
31.4
25.7
32.7
35.5
38.0
37.4
36.2
35.2
31.3
35.2
31.7
30.8
29.6
