value
20.0
16.9
14.1
11.8
11.0
11.8
14.5
24.4
27.7
36.3
23.9
17.9
8.5
2.8
13.6
20.1
13.3
14.2
13.2
13.4
11.4
10.4
10.8
20.5
29.5
31.3
32.8
27.0
26.0
28.5
36.9
37.0
26.8
26.5
25.8
23.3
28.0
25.5
26.7
30.2
27.9
23.7
21.3
29.6
33.4
31.7
30.3
28.8
29.0
34.3
35.3
31.0
28.8
31.4
23.9
25.0
29.2
26.5
28.8
36.1
37.9
38.9
37.1
33.3
45.9
42.9
41.0
41.2
38.3
42.9
49.0
50.5
54.8
56.1
52.7
47.4
40.7
43.6
48.9
44.4
34.7
30.4
31.2
35.5
43.5
47.2
53.8
56.5
55.1
55.1
56.8
48.4
53.7
59.2
59.3
53.3
53.0
49.1
37.1
39.7
48.6
49.7
54.1
42.1
42.4
42.9
39.1
39.2
44.7
49.2
51.4
54.0
42.1
48.2
51.5
55.8
59.8
64.4
62.2
59.4
46.1
48.1
55.3
59.2
60.7
67.1
58.8
55.2
59.4
66.0
70.1
70.8
76.6
77.7
74.7
72.9
64.5
54.9
56.6
56.3
62.2
72.0
56.3
60.5
70.6
73.0
70.9
61.1
55.7
58.1
59.9
62.5
71.3
72.2
67.5
70.6
72.9
77.1
78.1
78.2
87.2
83.3
80.4
83.5
67.0
67.5
76.4
79.0
81.5
80.8
63.4
67.6
68.4
68.9
80.6
74.1
79.7
85.4
88.2
90.6
92.2
89.5
89.7
88.6
83.4
81.1
78.7
78.4
81.1
86.0
86.3
86.1
75.6
82.6
78.5
85.6
85.0
80.3
85.2
86.8
86.5
86.6
87.4
87.8
86.0
86.2
86.9
87.0
77.3
77.2
81.1
86.6
88.6
81.3
83.4
84.8
85.8
84.7
83.9
81.4
81.1
81.6
83.6
83.5
81.5
84.8
84.0
83.7
86.3
82.5
84.3
83.2
81.9
82.9
76.7
75.0
76.6
78.4
76.2
76.4
82.3
84.1
83.7
80.5
80.8
78.1
75.0
82.4
85.0
77.5
68.0
71.7
71.8
75.0
71.9
68.5
65.3
67.6
74.4
78.9
70.4
59.7
62.3
73.5
75.1
62.7
66.7
63.0
51.7
47.2
51.9
62.0
73.3
63.7
60.4
54.3
44.6
45.4
50.6
56.5
63.6
53.9
50.1
50.0
53.2
53.8
50.0
46.3
46.4
49.3
48.0
49.0
49.4
50.8
52.0
52.7
53.5
53.2
53.7
55.7
60.9
48.6
44.2
47.7
52.6
50.8
46.2
37.5
35.7
40.6
45.0
56.1
46.6
47.5
47.1
48.1
46.9
45.7
42.7
38.1
42.0
45.7
50.9
48.4
41.6
37.0
34.9
42.5
37.3
37.9
38.5
38.7
39.7
39.5
42.8
51.1
37.1
19.4
14.4
15.3
22.9
20.1
13.1
13.7
15.5
15.7
18.1
24.5
23.8
19.6
19.3
19.9
30.2
27.6
27.1
31.2
36.5
39.5
27.2
23.2
22.1
22.8
22.9
24.3
27.2
