value
65.1
63.0
64.1
73.4
78.0
76.8
76.7
75.2
74.5
72.6
73.5
74.2
75.2
72.6
73.0
74.5
74.4
74.3
71.2
70.4
70.1
72.3
76.0
78.1
67.4
68.0
71.8
78.4
80.0
77.0
77.8
81.5
74.5
67.4
63.9
70.3
71.7
71.5
73.0
73.9
75.6
73.9
77.5
77.1
76.3
76.0
77.5
78.5
69.8
65.9
68.4
67.4
68.9
71.7
71.6
67.4
65.3
64.2
62.0
68.1
71.0
66.4
63.4
62.9
65.7
69.7
73.9
74.8
71.5
67.0
64.8
59.2
57.2
55.9
59.9
60.3
63.5
66.4
66.1
66.7
63.8
60.8
63.9
66.6
65.1
62.8
63.3
66.2
69.0
71.3
70.7
69.4
67.5
65.4
65.0
62.1
59.8
58.0
60.2
62.9
65.1
63.8
56.3
57.2
59.5
60.3
57.0
61.0
65.0
64.5
64.0
63.6
65.0
62.8
66.5
65.4
67.0
66.4
60.5
62.8
59.5
63.9
61.2
59.8
57.6
57.2
56.5
55.4
62.2
61.5
64.9
61.3
56.7
60.1
52.4
48.2
46.4
48.9
54.3
55.7
56.4
59.4
56.5
54.4
53.0
54.4
56.0
59.9
53.0
54.9
57.1
58.0
55.3
51.8
55.3
55.6
53.6
48.6
53.7
48.5
54.1
54.9
61.4
63.4
55.5
48.0
51.1
52.1
48.5
48.7
40.6
43.3
47.8
45.8
45.7
52.0
45.8
52.7
54.2
54.4
47.0
48.1
52.7
57.3
57.3
58.8
57.9
50.0
48.8
47.1
55.7
61.7
53.2
50.4
50.3
45.6
54.0
58.3
50.8
45.5
39.6
41.2
41.7
44.4
40.6
44.0
48.7
55.2
48.1
48.7
50.4
58.6
50.4
49.4
47.0
49.6
53.1
53.1
55.2
52.1
46.5
44.1
46.9
51.2
46.5
44.6
44.7
48.8
47.5
52.9
60.5
60.9
60.3
51.5
43.5
46.0
45.7
44.7
48.9
56.0
60.7
63.8
62.1
59.7
56.3
50.4
47.5
53.0
58.9
62.1
61.0
64.0
78.4
74.2
72.9
54.7
50.6
52.1
52.2
46.1
49.0
53.5
53.7
51.2
52.0
50.5
49.9
51.6
52.7
56.1
56.8
56.5
52.2
51.6
55.7
56.3
57.0
54.9
55.6
60.6
63.5
66.8
64.3
56.6
59.3
60.2
62.8
65.2
65.2
66.7
62.8
62.0
65.2
58.6
54.0
62.7
57.5
54.8
61.3
59.9
55.4
61.6
63.5
67.1
66.2
62.9
59.5
59.1
60.6
66.7
67.0
64.8
62.7
65.3
64.8
68.6
66.1
74.4
70.5
61.0
63.3
68.5
65.8
65.6
65.2
64.7
70.8
73.9
72.2
65.1
63.4
64.6
65.3
68.6
72.7
78.4
64.1
67.6
65.4
62.8
68.2
77.5
69.8
65.5
62.6
69.6
72.6
76.1
79.8
78.5
79.6
78.3
74.3
74.1
72.8
74.5
76.4
78.1
82.4
85.1
78.1
79.6
85.3
86.0
77.8
