value
46.7
41.1
37.0
35.1
40.1
42.6
44.1
39.8
49.7
52.3
47.1
55.1
53.1
58.8
46.2
44.9
45.4
38.5
37.6
47.4
48.0
37.1
28.0
30.6
26.9
28.2
32.8
35.9
55.4
63.3
58.2
38.3
31.2
37.4
36.8
45.3
44.2
42.3
45.6
41.8
38.7
52.2
57.6
48.6
43.4
43.9
41.8
33.5
33.5
45.6
45.4
36.6
38.4
43.8
46.2
39.9
43.4
55.2
45.7
39.5
40.4
37.4
37.8
39.7
42.1
43.2
43.6
45.7
42.8
50.8
61.3
48.7
43.3
45.3
56.2
44.9
41.2
48.8
51.2
39.5
38.6
42.6
40.8
39.4
40.5
45.5
45.6
47.2
49.2
54.0
61.1
51.0
46.7
44.5
48.1
48.3
52.4
65.3
71.1
76.3
74.4
72.6
62.3
59.5
59.7
64.8
68.3
71.0
71.8
60.7
51.3
48.7
51.3
56.9
60.3
54.2
57.7
57.5
60.0
59.4
57.0
57.0
56.3
54.0
53.4
60.7
62.1
62.2
66.5
72.6
75.7
67.6
60.3
57.7
68.8
80.6
73.4
66.9
70.9
73.0
74.2
75.4
73.4
67.1
56.5
63.1
56.4
73.1
76.7
77.3
79.2
80.1
79.9
76.7
71.9
68.1
70.2
75.1
74.3
74.7
77.0
76.5
81.0
84.1
70.3
71.9
77.1
77.9
75.9
70.8
68.6
68.9
72.2
72.8
79.9
82.5
83.3
80.0
82.5
78.5
79.2
79.0
77.4
78.1
80.5
81.4
82.7
82.7
81.5
81.1
81.9
78.8
75.5
78.5
80.9
80.7
83.9
83.5
83.5
84.8
84.5
82.6
80.4
80.6
82.2
75.1
74.2
70.0
77.8
78.3
77.1
76.9
76.6
76.7
79.0
76.0
75.3
69.9
76.7
79.2
82.9
82.4
79.0
79.9
82.5
75.4
72.5
71.9
73.2
72.8
71.4
74.0
76.6
78.4
77.3
74.3
73.0
70.5
75.6
80.0
76.5
75.5
77.5
81.2
78.3
78.8
75.2
75.2
75.4
70.4
73.3
76.9
77.3
80.2
80.7
77.4
70.3
66.8
70.8
67.0
65.6
64.8
67.2
70.2
69.8
65.1
62.7
63.3
67.6
68.8
67.3
67.4
66.4
66.2
71.0
71.0
76.0
75.7
76.0
76.0
64.2
62.8
63.6
62.2
67.4
68.3
67.0
64.5
67.0
68.4
67.3
63.1
65.1
55.1
59.2
58.7
52.0
49.6
48.5
54.7
54.5
57.7
60.5
65.8
71.5
67.3
58.0
49.9
55.9
59.8
62.7
52.5
49.8
54.0
51.7
46.9
39.8
44.0
47.2
57.3
59.6
67.7
52.8
47.3
53.1
56.6
57.8
37.3
32.0
44.7
54.6
37.4
35.7
41.6
44.3
42.1
46.4
52.7
59.4
70.1
46.1
40.2
41.7
43.1
38.0
37.1
34.8
42.6
51.3
41.7
46.8
42.5
42.8
54.0
61.6
70.4
67.8
44.1
33.5
35.9
38.4
41.0
52.5
47.9
43.2
