value
44.8
40.2
35.6
34.1
38.6
43.2
43.1
37.9
49.5
51.1
43.0
50.1
55.7
60.0
43.3
40.5
43.7
34.5
36.5
46.2
42.2
33.4
23.9
27.3
21.1
26.1
31.7
36.5
55.2
65.1
56.2
34.8
26.5
35.6
34.8
46.0
46.5
38.6
41.8
41.1
32.1
49.0
54.8
46.6
40.6
45.2
39.2
31.2
31.4
41.1
41.4
34.4
35.3
38.1
46.5
37.9
37.5
51.5
45.3
39.0
38.1
36.0
36.2
37.5
37.3
42.0
41.9
46.3
46.7
50.7
61.3
45.9
41.3
44.5
53.9
42.9
36.3
44.5
48.7
39.9
36.7
42.1
38.5
34.6
36.7
43.3
44.3
47.6
49.8
49.7
58.3
48.5
44.5
42.2
47.4
50.8
51.6
65.1
72.4
76.8
76.0
73.6
64.8
61.7
60.4
64.1
69.9
69.8
72.3
59.8
51.0
46.5
51.8
58.5
61.7
56.2
60.1
57.0
58.2
60.5
60.2
58.4
57.0
52.9
53.5
59.7
61.6
59.5
63.3
71.1
74.4
67.2
55.9
54.8
69.0
79.0
72.7
65.2
68.4
71.6
73.5
76.2
74.1
64.9
56.1
61.7
55.6
72.1
78.5
78.0
78.9
80.6
79.7
74.7
73.0
70.0
68.8
72.3
72.4
74.8
76.1
77.4
80.9
81.3
71.2
73.2
76.6
78.1
74.5
70.5
71.5
69.8
73.4
70.9
80.9
83.2
84.4
76.9
81.8
79.6
80.2
77.6
77.4
78.1
80.6
81.1
82.2
82.0
80.2
80.6
80.5
76.6
74.9
75.9
80.7
81.5
86.3
85.2
85.7
85.4
85.0
82.2
77.8
81.9
81.8
75.6
73.7
70.2
78.4
75.9
75.6
73.4
74.6
76.3
78.7
77.5
73.1
70.2
76.9
80.7
83.6
82.1
77.5
80.9
81.1
73.5
67.7
68.2
70.3
68.9
68.6
75.6
78.3
80.1
75.7
71.1
72.0
70.3
76.9
78.6
77.3
75.2
78.4
80.6
79.0
80.2
75.3
75.7
73.2
69.7
75.4
76.2
78.7
81.0
79.8
75.3
66.2
64.5
68.5
63.9
60.2
65.1
67.9
67.8
69.6
62.4
61.0
62.9
67.4
64.2
63.0
64.1
64.9
67.7
71.5
72.5
75.7
77.0
76.7
74.1
60.3
58.5
58.4
61.3
65.3
65.1
63.8
61.0
65.8
67.2
65.8
59.6
59.6
53.7
59.2
57.1
50.5
48.9
45.8
54.8
52.7
59.3
58.1
63.4
71.6
68.2
55.2
44.8
47.8
58.8
59.8
49.5
44.0
54.9
48.7
46.4
37.9
39.5
45.8
54.1
59.0
67.3
50.6
42.9
46.8
56.7
57.9
35.5
27.9
38.0
46.1
35.2
34.5
34.6
39.3
41.8
43.8
50.9
58.4
63.4
43.8
34.3
35.8
38.9
35.6
33.7
33.9
39.2
44.1
39.5
40.6
40.3
41.9
51.2
59.3
67.7
63.2
41.7
29.0
32.5
36.5
40.8
47.9
47.1
41.1
