value
45.9
40.8
37.3
36.1
38.5
43.1
41.5
37.3
43.5
51.6
45.1
51.3
61.5
63.9
45.4
40.2
42.5
34.7
34.5
45.2
41.5
27.0
24.1
29.5
20.7
32.0
28.7
38.6
59.6
62.7
43.7
29.3
23.8
34.1
32.1
41.6
46.7
38.1
37.6
39.1
31.8
45.2
50.9
45.5
42.0
43.9
37.2
26.4
33.2
43.8
38.3
36.4
36.4
39.7
47.9
37.8
35.4
43.8
40.0
38.2
35.2
31.3
34.0
40.0
35.6
38.8
41.6
42.8
47.6
51.9
53.5
41.7
36.2
45.6
58.3
49.3
35.0
44.0
44.4
34.9
32.8
42.2
38.6
34.6
37.0
39.1
42.0
44.7
49.0
51.2
53.9
43.8
43.8
38.9
44.6
50.3
55.0
65.5
72.0
77.1
76.2
69.7
61.4
63.7
63.4
62.1
69.3
68.9
68.2
52.1
48.3
48.9
55.2
61.3
55.7
55.7
58.7
55.7
56.2
60.8
61.1
61.2
57.7
54.6
53.5
55.5
56.8
53.7
62.9
68.2
65.5
59.2
51.5
53.1
70.5
76.9
70.9
65.8
65.0
69.1
73.7
74.0
69.6
61.0
57.0
61.4
56.9
70.2
76.6
76.3
75.3
76.4
74.1
72.0
69.4
68.6
64.6
68.1
70.3
74.3
72.5
72.0
78.0
79.2
70.3
70.0
73.6
74.6
72.1
69.5
69.8
72.5
72.2
72.7
77.3
76.7
76.7
72.7
79.3
75.5
74.2
73.6
73.2
72.5
74.9
76.4
77.5
76.2
74.5
78.2
77.8
75.4
71.4
71.7
75.8
79.6
80.6
79.5
80.8
81.7
80.4
78.7
78.1
78.8
78.6
74.5
71.9
74.2
73.5
72.6
70.0
70.6
72.5
74.4
73.6
76.4
70.6
74.3
73.9
75.5
77.6
80.8
78.7
77.1
74.9
71.4
65.1
64.5
63.7
65.5
68.0
72.8
74.4
74.9
75.3
68.8
69.2
68.9
74.7
75.7
78.5
75.4
75.6
73.6
76.3
77.8
70.3
71.9
68.7
66.9
72.8
71.4
74.8
77.7
78.7
73.4
61.6
62.1
67.5
59.7
57.7
64.8
65.8
65.5
62.7
60.4
61.9
62.0
65.3
62.5
62.3
60.0
63.0
66.9
67.6
68.0
71.2
73.0
70.9
67.1
58.1
56.0
57.2
64.2
63.4
63.2
61.6
59.8
60.4
62.8
58.2
53.6
52.7
49.9
56.2
51.3
43.7
40.2
39.4
54.9
50.0
58.8
59.7
62.9
68.8
58.6
51.0
41.3
42.9
53.5
52.7
44.6
40.3
54.5
46.4
47.1
33.9
40.9
45.2
50.3
54.4
59.8
46.0
39.7
42.3
52.8
52.0
29.7
25.4
33.8
37.4
29.9
34.1
31.5
35.5
41.2
45.6
50.2
55.9
63.7
46.8
33.4
36.2
39.5
35.0
33.5
33.7
36.2
38.4
37.8
41.9
38.2
45.7
50.9
53.5
62.8
55.1
33.9
24.5
32.3
35.8
39.6
43.7
44.0
37.6
