value
80.3
80.0
79.6
79.9
79.7
80.0
77.7
78.2
78.2
78.9
76.2
77.5
77.7
78.6
78.1
78.2
78.9
79.0
77.3
76.6
77.1
78.1
76.9
77.0
77.3
78.2
77.7
78.5
79.4
77.9
78.1
77.8
77.9
77.3
76.7
77.0
76.2
77.7
78.2
79.1
77.3
79.1
78.9
78.1
77.8
78.6
79.6
78.6
78.2
78.4
79.5
79.0
78.9
78.0
78.0
79.1
78.5
79.7
78.9
78.1
78.7
79.5
78.7
78.5
78.8
79.3
78.8
78.7
77.4
77.5
76.7
77.6
78.1
77.8
77.0
77.5
77.7
78.5
77.9
78.8
78.6
78.1
79.3
79.6
80.4
80.5
79.7
80.1
81.4
80.7
80.6
80.6
80.8
80.4
80.6
80.6
80.3
80.5
80.6
80.1
78.5
79.9
79.3
80.2
79.6
79.3
78.9
78.5
78.6
77.6
78.4
78.7
78.4
78.2
79.3
78.9
79.2
77.2
77.3
77.3
80.3
79.4
79.3
79.6
79.0
78.9
79.5
80.3
81.3
79.6
81.0
80.4
80.9
80.6
80.9
81.5
81.4
81.0
80.8
82.0
80.8
79.8
81.7
81.5
82.6
81.1
82.2
82.9
82.4
82.7
81.9
83.3
82.5
81.4
82.6
81.5
80.6
81.5
82.2
82.8
82.0
81.7
82.5
82.1
81.6
83.2
83.0
81.9
81.2
81.5
81.3
81.6
81.6
82.2
82.1
82.1
82.2
83.3
81.4
82.2
82.3
82.2
81.8
81.5
81.8
81.7
81.9
82.5
82.8
82.9
82.6
82.8
82.5
82.3
82.3
82.7
82.9
82.4
83.7
81.2
79.3
80.6
82.5
82.8
82.4
82.4
83.4
81.6
82.9
83.9
82.9
84.6
83.6
82.5
81.8
82.7
82.3
82.5
82.9
82.9
82.6
82.5
82.3
81.1
81.7
81.7
82.5
82.4
84.9
83.2
84.3
82.9
83.2
84.0
84.0
83.1
83.3
85.4
83.2
83.5
83.8
84.9
83.0
81.6
82.0
82.2
82.5
84.2
83.3
83.6
84.0
85.2
84.0
83.5
83.7
83.4
84.0
85.2
84.0
83.2
84.5
84.6
83.7
83.6
85.8
87.0
85.1
83.5
83.6
84.0
85.3
85.4
84.7
83.8
81.6
82.3
83.2
83.8
84.5
84.8
84.1
85.2
85.0
83.6
83.1
83.8
83.6
83.9
83.4
82.6
83.9
83.5
83.6
84.1
84.1
83.5
84.6
83.9
82.7
82.4
82.7
81.9
81.8
78.9
79.7
80.3
79.8
80.2
80.5
81.1
82.6
80.9
80.2
80.6
81.0
80.5
80.9
80.3
81.4
80.9
80.7
80.8
81.9
81.8
81.5
80.6
81.1
81.4
80.5
80.9
80.9
79.7
81.1
80.1
79.3
80.6
80.3
82.2
82.4
82.3
80.3
80.1
80.7
79.7
78.3
78.9
81.3
79.5
80.5
78.4
79.1
79.1
78.6
78.9
78.6
79.6
79.6
79.1
79.3
79.5
79.1
80.1
79.6
77.7
78.6
