value
57.0
57.9
55.3
50.4
49.8
52.9
53.1
53.4
56.1
56.2
53.7
54.5
56.3
58.2
58.6
61.4
59.5
57.3
59.1
64.0
67.0
68.8
67.3
66.1
62.2
60.8
63.9
62.0
63.4
68.8
70.6
72.6
70.5
72.4
70.0
73.9
76.2
77.0
70.2
57.0
58.5
62.3
61.3
60.5
65.6
62.9
64.2
69.4
73.3
68.9
59.1
58.7
60.8
66.5
67.9
70.1
73.2
74.8
77.0
78.4
71.3
63.9
64.3
67.2
69.4
71.9
72.8
73.8
73.5
75.4
72.4
76.4
75.9
74.4
77.1
77.2
78.8
79.7
80.3
79.2
79.0
80.2
80.5
80.8
80.3
72.3
76.5
73.3
71.7
73.0
73.5
76.6
78.2
79.3
82.5
70.9
69.4
68.5
69.4
66.5
65.4
67.4
70.8
71.7
75.5
77.2
80.9
81.2
81.5
82.1
80.5
80.8
81.4
81.7
81.4
77.7
80.8
81.2
82.1
82.6
75.9
77.1
77.5
73.6
79.5
77.7
79.5
80.2
81.7
81.8
80.1
81.4
83.7
88.2
90.1
91.5
83.2
83.2
88.2
86.1
82.8
86.8
82.3
84.7
83.9
87.3
89.1
89.5
81.4
78.9
85.2
85.8
81.9
82.6
83.9
84.8
85.4
84.2
89.3
91.0
77.7
80.9
82.3
82.5
83.2
86.9
84.3
85.8
86.5
88.2
87.7
88.6
88.7
83.2
79.0
81.5
86.5
86.5
86.5
88.0
87.9
85.9
84.7
84.2
86.2
88.0
87.8
83.8
84.7
82.8
83.7
81.5
85.1
84.3
85.6
83.6
80.3
82.1
82.0
83.2
84.1
83.1
81.1
79.5
84.1
85.8
82.3
77.9
79.2
79.0
80.2
85.2
87.1
87.2
78.7
84.9
85.5
85.3
82.0
75.6
79.3
80.5
84.6
86.4
87.4
85.8
86.6
87.0
84.6
82.8
82.0
79.4
81.3
83.1
86.2
79.0
79.6
81.5
85.6
86.7
86.5
84.4
83.4
78.1
79.8
81.9
77.5
73.1
74.9
78.5
77.8
82.0
83.6
81.4
79.7
81.8
85.1
83.0
85.7
82.3
85.8
83.5
79.3
84.6
86.1
81.8
78.4
74.8
72.2
76.8
79.6
80.9
79.2
-99
-99
-99
81.3
81.7
80.1
79.1
80.5
80.4
81.0
82.8
83.0
82.6
84.1
83.6
73.8
68.9
68.2
71.6
73.8
76.5
76.4
77.2
71.2
72.9
72.4
74.4
74.8
75.6
77.4
75.7
77.2
78.4
77.5
75.5
78.5
77.8
77.5
76.2
79.2
77.0
75.9
75.4
71.9
70.8
68.6
72.2
72.5
71.4
68.0
66.9
65.7
69.0
71.1
73.5
70.8
72.5
65.7
65.2
65.3
66.5
66.3
64.6
65.1
65.4
66.6
67.1
66.7
68.2
67.6
68.7
64.3
61.8
60.1
60.9
57.9
52.9
56.2
56.1
52.4
54.2
55.1
54.8
57.1
58.1
57.5
58.5
56.8
54.9
54.5
54.9
56.8
