value
22.8
9.9
-1.0
22.4
28.6
23.4
19.1
28.0
25.4
38.2
29.4
40.5
42.8
47.7
33.1
28.9
25.3
8.7
26.1
38.3
14.0
8.8
-1.3
-2.7
5.5
8.8
12.1
12.1
25.0
42.8
46.6
19.6
15.2
16.9
18.3
10.9
22.1
8.3
11.4
14.7
0.6
28.0
37.1
34.2
32.5
36.8
29.0
15.1
14.9
25.6
29.7
17.9
23.2
33.4
33.8
33.1
34.7
36.5
36.8
32.3
29.8
25.8
25.8
27.7
31.8
35.1
32.1
33.6
38.7
47.2
49.3
37.6
27.6
22.9
24.4
19.5
20.2
29.6
29.0
27.9
27.5
32.1
35.2
32.1
35.7
39.4
40.4
44.3
41.1
41.1
42.8
28.7
32.6
38.4
43.6
31.8
42.8
47.7
46.1
45.8
37.4
34.0
40.6
41.7
31.8
53.9
49.9
47.5
63.7
49.0
37.3
41.0
46.2
53.9
51.9
45.5
47.5
54.2
60.3
60.4
64.1
67.5
63.0
62.2
65.5
67.0
64.4
69.3
65.5
61.9
64.4
53.6
46.8
47.3
48.1
60.1
56.4
57.9
59.3
61.1
63.1
65.3
70.3
52.4
44.5
44.6
42.7
57.6
62.5
73.6
77.2
78.3
74.9
65.9
58.8
59.2
58.5
55.7
57.2
65.4
65.0
59.5
59.8
61.5
64.5
65.0
62.5
65.1
61.1
60.2
61.3
68.0
69.1
68.0
77.9
73.7
70.8
75.5
68.5
68.0
70.7
70.2
65.9
74.2
76.8
77.6
79.0
74.3
73.3
75.8
76.9
75.8
69.6
71.9
78.2
81.2
80.6
81.5
79.7
83.5
77.2
69.0
68.1
72.2
67.9
59.9
63.4
60.3
73.3
72.4
69.4
69.5
71.3
71.1
68.3
67.8
64.5
63.8
68.9
75.0
73.7
71.2
66.0
68.5
67.1
63.5
63.2
64.9
66.4
65.9
70.5
71.8
74.5
75.2
67.5
62.8
64.4
68.9
73.7
74.8
73.2
73.6
73.7
74.9
73.9
68.1
67.2
60.6
54.6
61.5
59.8
53.8
65.0
79.6
72.8
61.6
55.2
54.4
54.1
47.5
53.8
59.1
63.8
68.5
61.0
49.2
53.4
53.4
51.4
58.4
58.4
59.5
59.8
60.1
63.9
60.9
55.1
58.7
54.1
63.6
55.0
49.6
50.5
53.6
56.7
58.1
56.2
56.7
59.7
60.5
56.5
54.1
53.1
48.8
54.4
44.9
41.6
41.5
40.1
45.2
41.3
32.5
35.2
43.9
62.1
49.6
34.4
29.3
36.6
50.5
55.6
38.5
37.9
41.2
39.6
31.4
26.5
36.0
43.4
42.5
46.5
55.9
36.1
30.2
29.7
37.5
35.9
20.3
17.2
31.5
34.3
25.0
18.0
17.1
32.0
32.4
34.9
32.8
40.3
43.2
31.8
25.4
28.0
32.5
24.0
14.5
16.3
3.9
15.9
11.2
1.2
18.1
29.4
31.8
25.2
24.2
27.2
17.7
6.6
19.3
27.0
29.6
35.8
24.5
7.2
