value
34.3
35.8
36.7
40.8
43.2
41.2
44.8
45.4
45.4
37.1
32.9
30.7
29.1
30.4
36.7
33.7
33.1
33.4
33.1
33.4
33.9
32.4
39.1
40.9
44.2
42.9
41.3
39.8
43.4
46.1
46.9
46.8
42.7
41.1
46.1
46.9
45.8
45.5
41.0
42.6
42.6
42.9
46.0
47.4
45.5
46.8
46.5
43.7
42.6
43.5
40.7
41.7
43.5
42.5
43.7
45.4
42.7
44.7
45.9
53.5
53.5
43.4
42.0
48.2
43.6
44.1
44.9
43.0
44.7
45.8
50.8
51.7
50.8
51.0
49.6
42.7
43.5
44.3
47.2
42.2
38.6
40.7
43.0
49.4
54.2
52.1
51.2
53.5
54.4
56.2
55.0
52.7
53.0
53.6
53.9
49.7
44.9
45.9
48.4
53.1
48.6
45.6
43.2
44.6
46.1
46.2
48.8
48.5
50.7
50.7
48.7
48.7
51.2
55.1
58.5
57.0
56.9
53.1
50.0
46.9
49.6
56.3
58.0
63.6
68.5
71.4
70.6
57.1
56.6
63.3
64.9
66.6
59.4
53.3
56.4
58.0
58.5
56.0
57.4
55.8
54.5
49.4
48.9
52.4
55.3
56.0
57.1
56.1
54.7
55.2
56.6
60.5
61.4
59.6
64.6
68.3
67.0
64.7
60.8
60.8
59.7
59.8
58.8
58.7
59.2
62.1
65.2
64.9
63.9
61.3
59.8
57.9
63.4
71.2
63.0
63.7
63.1
65.5
69.6
74.0
76.4
78.9
71.2
71.6
65.0
64.2
65.3
65.6
64.4
71.8
66.7
62.3
61.9
62.3
68.3
70.5
75.1
69.9
64.5
66.3
64.8
63.5
64.6
69.6
72.5
71.3
73.0
74.7
63.0
62.8
64.8
63.5
62.2
62.3
62.9
69.1
72.1
71.1
70.7
68.9
70.2
69.0
65.7
67.1
68.6
70.3
66.5
68.7
71.0
68.2
68.7
68.7
69.1
71.9
69.7
67.0
66.8
67.0
67.5
68.9
70.0
67.8
68.2
68.8
71.7
68.0
66.9
64.8
63.7
65.2
66.6
65.8
67.7
72.9
69.7
65.4
64.0
62.1
63.4
61.7
60.5
62.4
65.7
61.3
59.7
57.7
55.2
53.7
51.9
55.0
57.5
54.3
53.6
51.5
52.1
51.2
51.8
56.4
57.3
57.1
53.5
49.7
51.7
52.8
52.6
50.4
49.5
49.5
51.4
51.8
49.1
48.2
49.7
48.4
49.7
48.5
46.5
48.8
50.3
49.9
51.6
47.7
48.5
54.1
56.9
55.4
47.8
45.9
49.5
50.0
51.1
51.4
47.6
49.0
49.2
53.5
54.5
50.9
46.6
47.0
47.9
50.6
50.3
41.6
37.6
38.5
41.0
41.6
43.1
43.7
50.4
44.7
45.9
48.5
53.1
45.4
38.0
33.6
30.6
30.8
26.1
26.0
28.5
35.2
36.7
38.2
44.0
46.2
48.7
47.8
42.0
44.6
37.6
35.9
44.3
47.7
51.0
44.5
38.8
38.8
37.6
45.2
40.2
41.7
45.6
