value
18.8
22.8
15.5
19.5
27.5
26.5
30.7
34.5
39.8
30.3
26.1
18.5
14.6
16.8
20.8
24.4
19.2
20.1
17.7
20.8
17.9
15.0
23.1
26.4
31.9
33.8
29.1
29.4
29.4
33.8
36.0
34.3
30.3
32.6
33.5
33.9
36.5
36.7
34.5
30.0
28.0
30.7
33.7
38.9
32.4
33.8
37.1
35.9
32.9
34.1
31.2
30.4
32.9
33.9
31.3
34.9
32.7
36.0
37.1
43.0
46.4
40.8
34.9
34.5
36.4
36.8
33.0
36.4
38.4
36.7
43.8
48.6
51.1
48.9
46.2
37.8
34.2
33.3
44.3
36.5
31.5
31.1
32.9
35.9
42.1
44.7
46.8
49.3
48.7
50.7
53.7
54.4
52.0
50.7
49.3
49.4
44.6
40.0
41.4
48.6
44.2
43.0
40.6
36.8
39.0
37.2
37.6
42.9
47.8
47.6
45.0
38.5
42.4
46.1
52.0
57.9
59.1
52.5
50.5
40.6
41.8
49.3
59.1
60.6
61.6
64.6
67.3
70.0
70.7
71.1
72.3
71.0
61.0
49.1
52.3
55.6
55.8
53.8
54.5
56.9
61.9
41.7
44.3
47.2
48.2
54.1
59.2
52.8
53.4
50.5
53.2
57.3
56.1
56.9
60.7
66.4
71.4
71.2
63.9
65.2
62.2
61.4
56.7
57.0
55.2
61.2
68.1
71.2
64.0
54.6
49.3
50.7
55.8
62.2
62.0
56.7
61.2
65.5
70.8
71.8
71.9
79.6
83.2
81.4
74.1
68.9
69.2
72.5
73.6
72.0
76.6
73.0
65.5
64.7
68.2
71.2
71.8
79.6
76.3
78.3
79.3
76.9
77.1
78.6
80.2
80.1
79.7
82.1
71.5
69.4
74.2
76.0
69.9
59.6
61.5
68.6
72.3
74.7
76.9
76.1
78.4
79.0
76.3
75.3
75.8
77.5
77.6
75.6
73.8
71.3
72.5
69.8
68.7
71.7
74.8
69.6
70.2
66.4
68.6
71.8
71.4
70.8
67.5
71.8
72.7
70.8
75.8
71.9
64.4
60.6
56.5
66.8
70.4
73.0
77.6
73.4
75.2
77.9
65.8
60.0
55.0
56.7
60.6
62.0
55.5
52.4
52.5
48.9
49.1
49.4
50.6
51.0
49.5
46.6
44.0
44.9
47.7
47.9
50.6
52.5
45.9
42.0
46.0
43.6
46.3
42.9
41.4
42.1
47.4
44.2
43.9
47.1
48.0
49.5
47.5
47.8
48.2
44.4
42.9
39.7
40.2
36.4
35.2
42.3
40.9
43.4
37.8
31.4
31.8
34.1
34.6
41.0
36.7
39.9
41.1
39.9
41.2
38.8
36.0
36.7
34.3
42.8
46.0
33.8
23.5
22.6
26.0
26.4
27.5
30.5
28.5
29.9
25.2
30.4
37.6
38.1
25.7
18.6
14.2
11.7
7.9
5.3
12.6
17.8
22.9
25.8
29.1
32.9
35.9
36.9
32.9
33.4
26.0
22.6
23.9
28.1
33.9
31.5
27.1
27.7
26.4
26.9
26.4
27.3
30.4
