value
28.4
27.2
27.9
26.6
29.9
29.4
30.9
43.2
44.1
35.4
29.4
24.4
21.7
23.5
26.4
22.6
28.1
27.9
27.9
28.0
26.3
25.1
26.9
24.9
32.1
35.1
32.9
29.6
34.4
40.5
45.3
39.3
36.3
34.4
37.1
39.4
40.9
41.2
37.6
38.2
37.5
35.1
39.2
44.6
41.3
38.7
38.4
42.4
37.9
34.8
33.8
34.6
41.7
41.3
38.5
39.2
37.7
38.7
46.2
46.3
47.0
46.4
38.4
36.6
37.6
40.2
39.9
41.6
42.4
49.6
49.6
53.7
53.5
51.1
48.7
45.6
42.1
40.1
43.6
44.0
37.7
36.2
35.9
38.1
46.6
53.3
53.1
51.8
53.3
55.0
57.0
60.9
55.8
56.7
58.2
55.6
50.2
47.5
47.7
55.9
50.8
46.6
48.2
42.0
40.3
45.1
44.0
53.4
56.1
55.0
53.7
48.4
46.8
51.5
64.1
65.2
66.6
57.6
54.6
47.6
47.8
53.5
64.6
67.2
66.4
67.6
74.4
75.3
77.9
77.5
76.3
71.8
65.6
57.5
58.9
60.9
64.5
57.7
59.1
61.4
59.6
48.3
48.8
53.0
55.2
60.0
59.0
58.3
56.6
57.6
58.6
62.8
65.9
66.1
69.6
70.9
77.4
77.5
71.0
71.8
67.3
66.7
58.3
61.0
61.4
66.5
73.6
75.3
68.9
64.3
63.5
59.2
64.9
69.4
64.8
62.3
63.1
68.1
75.0
81.1
78.4
83.1
88.4
85.9
80.4
74.2
72.7
77.1
78.8
78.2
81.9
75.6
72.3
68.4
70.8
77.9
75.5
80.9
78.2
81.9
85.0
81.0
83.9
83.6
85.4
84.2
84.4
85.1
76.5
74.9
77.2
76.4
72.8
70.4
70.0
72.8
77.7
81.5
83.1
82.0
80.5
81.5
76.9
73.4
76.0
74.9
77.3
74.9
75.1
72.7
75.0
72.8
72.2
71.0
75.6
70.9
71.7
63.5
67.4
73.1
75.1
70.3
70.2
73.1
75.8
76.9
77.2
76.3
65.7
61.7
68.0
70.9
72.4
74.3
76.0
78.3
79.0
79.9
71.2
62.8
60.6
57.6
59.8
65.2
55.1
53.7
56.3
54.8
54.7
49.5
56.6
55.8
55.0
48.8
45.0
49.0
49.4
49.0
49.4
54.0
51.7
48.3
53.1
50.3
51.5
46.2
46.7
44.6
48.5
47.2
46.0
45.0
43.7
51.9
50.5
50.0
50.1
49.0
47.7
44.6
51.7
38.3
35.2
46.1
45.6
50.3
41.1
41.1
41.6
35.1
42.8
43.6
41.2
44.4
49.8
50.7
40.1
41.5
36.1
47.1
42.9
48.9
53.8
39.5
23.3
21.1
24.1
23.7
27.0
28.1
27.7
27.5
25.5
30.0
33.4
44.4
31.7
24.4
15.7
20.3
19.1
7.9
10.5
16.3
19.0
22.9
24.5
33.3
29.6
31.6
29.7
32.5
27.1
28.1
27.7
30.1
34.7
36.6
25.3
24.8
21.9
30.2
24.4
28.5
29.0
