value
5.1
13.9
21.3
18.5
16.2
29.0
21.7
26.1
36.0
26.1
36.4
38.8
21.9
13.4
18.0
24.4
20.2
17.7
36.0
14.5
3.1
-3.8
4.5
7.4
15.6
13.7
25.1
34.3
36.2
31.4
14.4
1.8
5.1
7.5
9.0
13.2
11.8
26.5
21.4
10.8
24.6
35.8
26.5
26.1
32.0
19.2
10.7
4.5
28.7
24.7
12.2
15.9
26.0
27.1
28.4
21.0
28.1
30.7
31.7
24.4
18.3
16.4
14.5
23.6
29.2
27.9
21.5
31.1
35.9
33.5
28.9
25.2
25.7
31.4
23.5
19.9
23.7
20.8
16.4
18.9
21.4
28.6
30.6
29.4
32.4
36.2
35.5
36.8
36.4
38.9
29.8
30.4
31.6
38.5
36.3
36.4
43.4
37.5
36.0
32.7
34.0
32.2
33.8
32.6
40.4
41.8
36.8
37.7
37.8
31.6
34.3
45.1
45.2
40.3
43.8
48.7
58.8
57.2
57.2
65.5
66.2
46.4
38.7
49.6
54.5
56.4
51.6
62.5
58.5
43.3
44.5
41.2
42.6
55.1
65.9
63.2
52.4
59.0
67.1
71.2
71.0
59.7
50.9
48.2
52.5
53.3
54.7
54.3
62.3
72.7
71.0
69.7
56.2
55.8
54.3
52.7
53.5
58.9
61.2
61.0
66.4
69.7
68.8
65.6
63.5
66.1
71.5
65.0
59.8
60.7
69.9
71.5
69.2
65.5
76.6
74.0
75.7
76.2
69.4
66.8
67.2
68.2
66.7
66.6
71.0
75.5
76.9
76.8
76.7
72.6
74.4
69.0
70.7
72.9
74.8
78.7
81.1
81.8
83.6
84.9
71.5
65.5
69.0
69.8
62.9
68.1
68.3
57.9
56.2
60.3
64.6
69.2
67.6
68.1
65.9
64.3
63.3
70.0
68.5
66.4
67.0
65.5
62.4
64.9
60.3
58.2
63.2
66.3
68.2
67.8
69.2
73.5
77.3
70.5
66.8
67.8
76.0
77.6
76.8
74.6
74.8
76.5
69.0
69.5
63.5
58.6
63.2
60.6
62.0
74.2
65.7
69.5
80.2
72.7
64.7
53.5
53.5
58.0
50.1
50.3
62.4
71.6
69.4
55.0
47.3
49.4
53.5
53.3
56.4
67.2
65.5
58.3
57.5
66.0
59.6
59.1
58.4
60.5
59.9
54.1
54.0
60.5
56.5
62.6
62.9
51.9
46.4
51.6
51.3
47.8
46.0
43.5
38.6
41.4
37.2
36.0
36.8
36.6
47.3
41.5
39.2
34.0
46.0
54.3
47.4
42.4
38.7
45.9
48.9
44.8
32.4
32.8
43.7
41.4
35.6
25.2
27.7
38.3
40.7
41.5
54.0
37.0
30.1
35.7
38.9
33.6
21.9
14.6
26.9
30.6
18.8
22.6
17.4
30.7
33.0
32.7
34.1
34.4
29.3
10.3
5.2
6.2
13.1
3.4
5.1
3.1
15.9
17.4
11.7
-1.5
18.8
17.1
21.2
21.1
23.2
23.4
19.6
3.1
11.8
15.6
18.5
27.7
24.2
-4.3
0.9
