value
6.4
15.2
22.7
19.0
23.5
28.6
23.6
30.2
36.6
26.5
37.2
39.3
20.3
12.5
19.5
24.5
24.2
24.6
39.8
16.0
6.4
-0.3
11.1
6.6
18.8
15.4
26.1
35.1
41.9
32.6
14.0
0.1
7.2
11.9
15.2
16.3
17.2
32.6
23.5
18.7
25.1
34.5
24.9
27.3
34.9
23.7
13.3
10.2
32.3
19.2
11.7
16.5
26.3
26.6
25.4
26.1
31.2
30.3
32.3
24.8
15.3
13.1
18.3
28.5
27.4
23.1
22.2
34.0
37.3
33.8
29.3
25.1
24.8
30.7
27.4
24.1
27.2
19.6
16.5
16.4
20.9
27.0
29.6
29.6
33.5
35.9
34.3
35.9
41.5
42.3
31.6
30.9
32.9
41.9
40.5
43.9
46.7
45.5
41.1
35.6
36.9
36.4
35.2
36.8
47.5
42.1
41.4
45.4
38.3
34.4
40.0
51.9
48.6
41.2
44.5
51.6
57.3
54.7
61.4
70.6
70.1
51.4
39.5
54.0
60.1
59.2
60.9
64.8
63.6
47.1
49.7
44.5
47.4
66.9
74.1
66.2
58.0
62.1
71.4
72.8
71.4
63.3
55.5
49.9
52.9
54.2
54.3
57.7
70.0
72.2
68.1
70.2
58.3
55.7
62.7
57.0
56.0
58.5
60.8
67.0
69.2
72.0
72.8
67.0
65.3
68.8
75.4
75.0
64.9
63.2
72.2
73.4
72.3
69.1
74.0
71.8
74.7
78.2
72.4
66.6
67.0
66.8
66.0
63.0
70.3
75.5
76.6
78.4
80.3
77.0
76.5
69.6
70.9
73.5
74.3
78.8
83.3
84.8
84.2
84.7
76.3
69.2
71.2
71.6
63.3
67.6
69.7
62.3
57.0
63.4
65.5
69.6
68.8
71.2
67.5
64.2
66.0
72.1
76.1
68.4
70.7
65.6
63.1
70.8
63.8
60.3
65.3
66.9
66.5
67.7
70.5
74.7
79.1
73.9
69.7
70.4
78.3
80.3
83.7
79.1
74.3
79.9
73.5
71.6
66.1
59.4
65.4
69.0
68.4
78.2
70.0
74.3
84.5
75.4
68.6
56.6
54.8
59.1
55.1
53.9
65.6
73.6
67.3
56.4
51.4
53.7
56.5
56.9
57.7
62.5
66.6
57.9
59.2
67.2
61.4
64.8
65.6
65.4
54.5
52.7
54.8
61.0
56.4
59.6
63.6
49.9
45.8
52.9
50.9
47.6
45.3
41.5
41.2
42.5
35.7
35.4
36.1
38.4
47.4
41.6
40.4
42.3
48.8
57.6
44.2
40.4
36.6
45.9
50.5
47.5
33.8
34.3
47.4
41.6
38.5
22.9
27.9
39.0
44.1
44.6
54.1
37.3
28.8
35.5
39.0
34.3
21.7
15.4
25.4
29.8
16.4
24.2
20.8
32.2
32.8
30.0
35.9
39.2
28.3
12.6
7.7
11.6
14.3
6.7
10.5
6.2
19.6
20.1
14.6
5.2
21.7
22.6
27.0
23.4
23.9
25.5
15.4
-0.7
15.3
19.8
23.2
32.9
29.5
-2.5
1.5
