value
13.8
16.2
25.1
20.9
26.8
31.7
26.0
32.8
38.6
31.9
41.7
46.0
25.0
15.5
21.2
24.4
25.9
25.3
40.0
18.8
8.7
0.1
9.9
10.7
19.6
18.4
26.4
36.4
42.9
36.3
16.9
4.7
9.9
12.5
17.4
16.7
22.0
32.7
26.2
21.3
28.3
36.2
26.4
27.4
34.6
26.0
16.0
15.1
33.2
24.6
13.0
20.8
27.9
27.6
26.6
28.2
33.0
32.6
32.6
26.0
23.8
20.6
22.5
30.1
30.2
30.5
28.3
33.7
37.7
36.5
31.3
26.3
28.1
32.3
29.0
26.8
30.5
22.5
19.1
19.7
25.3
29.0
32.4
32.4
33.0
38.2
37.3
37.8
40.7
46.1
33.0
32.5
33.2
39.1
40.2
40.7
47.3
40.0
37.4
36.4
36.9
38.7
36.6
35.8
48.7
44.0
39.4
42.4
39.8
33.8
36.5
47.5
48.0
41.0
45.6
50.9
56.9
52.9
58.4
66.5
73.9
45.1
40.0
47.9
51.3
54.9
51.3
60.1
60.0
42.2
46.2
45.0
43.3
58.6
71.0
63.3
51.0
55.3
61.7
73.7
72.7
61.9
48.6
44.8
47.7
49.5
50.0
55.7
63.7
74.5
70.6
70.6
58.2
53.1
58.6
53.6
53.4
57.7
58.1
59.6
63.8
68.9
65.9
62.2
59.4
61.1
74.4
71.7
57.6
59.7
66.8
71.0
70.9
67.6
75.8
71.6
69.8
72.3
72.3
65.1
64.6
66.3
62.8
61.7
67.9
74.0
75.2
78.2
79.7
71.9
79.0
71.3
68.6
71.7
75.4
78.1
82.4
86.7
87.4
87.0
78.3
69.9
73.1
72.6
64.6
67.0
68.8
64.6
59.8
63.5
64.2
66.7
70.3
71.3
70.2
66.0
65.5
71.4
74.3
68.4
70.0
69.5
65.5
69.7
63.3
61.6
65.6
69.1
68.2
68.3
71.9
75.5
78.3
73.0
67.8
68.1
76.4
80.2
83.6
75.8
74.6
77.3
70.7
72.3
68.5
64.7
69.0
66.4
66.8
73.8
70.3
73.2
85.2
78.5
70.0
57.9
57.6
58.5
56.0
56.5
66.8
72.4
69.9
58.7
53.8
54.9
60.1
59.1
60.5
61.4
67.6
61.2
58.3
67.0
65.0
65.4
64.4
65.0
59.7
53.8
56.6
60.6
56.3
59.6
63.7
53.8
49.8
56.2
52.1
49.3
45.7
46.5
43.0
45.5
38.0
38.2
38.6
40.2
48.6
44.9
44.4
43.4
47.0
59.8
47.3
45.0
42.4
47.9
52.1
50.7
37.1
36.9
48.4
44.3
40.2
26.9
28.5
38.8
44.2
44.7
57.6
39.6
30.8
36.3
42.2
37.5
24.3
17.1
25.3
30.7
19.6
24.9
23.6
35.1
35.0
32.3
38.4
42.5
34.6
16.5
10.5
17.0
21.6
7.2
12.2
5.9
20.6
27.2
17.8
8.4
21.7
24.6
31.3
32.3
29.7
30.3
18.6
7.0
17.4
20.7
26.0
35.7
31.5
3.8
5.3
