value
33.8
30.3
29.5
31.9
32.7
39.9
35.0
33.7
39.4
40.8
55.1
55.4
58.5
54.7
34.4
34.7
35.9
30.9
39.2
45.5
31.0
18.0
18.9
21.6
19.6
27.7
29.1
43.9
59.7
63.5
36.5
20.9
16.1
29.4
28.1
40.0
39.3
39.5
43.5
33.3
27.9
56.2
45.5
36.8
38.2
38.0
30.9
22.5
29.0
45.9
30.4
24.6
40.6
46.6
39.5
33.4
43.5
43.4
34.9
34.9
30.3
27.3
31.0
36.7
35.1
34.6
37.8
40.9
58.2
60.9
43.3
35.3
32.3
40.0
54.7
40.5
42.0
46.6
40.3
28.4
29.3
36.1
38.9
36.3
33.3
36.4
39.5
41.5
47.5
49.1
46.5
37.9
38.7
40.9
47.7
51.9
64.8
64.8
69.8
72.9
72.9
64.3
54.2
56.0
64.6
69.2
67.1
71.0
65.8
47.5
47.4
56.0
60.5
63.2
47.9
51.3
56.4
60.5
60.9
61.7
68.8
67.2
66.0
63.1
62.0
60.3
55.4
58.8
63.1
66.9
63.1
52.9
49.4
52.3
73.7
71.9
67.1
71.1
72.8
69.3
72.3
72.1
67.6
56.1
51.1
55.6
52.7
72.6
73.5
74.9
76.8
77.9
73.9
68.0
65.3
68.8
70.8
67.2
66.3
71.3
69.8
70.1
75.9
75.7
66.7
67.5
70.1
73.3
71.0
68.7
70.1
73.7
76.6
71.0
77.1
78.9
77.6
71.9
77.7
70.5
72.1
73.9
72.6
73.9
73.6
75.1
77.6
71.1
72.4
78.1
79.0
71.7
70.9
69.6
77.4
78.5
80.7
81.5
81.6
80.2
76.8
73.1
75.0
75.7
73.4
66.9
67.9
67.9
70.7
66.0
69.2
68.8
70.1
71.5
70.9
71.6
66.7
71.3
75.4
76.7
76.0
76.0
76.4
75.6
73.2
64.9
61.5
67.0
67.5
67.9
71.9
70.4
72.7
69.6
72.7
71.2
70.1
70.3
74.5
78.1
77.7
76.7
74.3
74.4
74.7
71.4
63.7
66.8
67.8
64.4
70.5
75.8
77.7
75.5
73.9
65.5
57.3
59.0
64.1
61.3
60.4
66.4
72.1
67.6
61.8
55.4
55.0
60.1
65.9
64.9
63.3
62.6
66.0
67.9
66.0
68.5
72.6
70.6
73.0
61.4
58.6
57.6
57.7
58.6
60.8
64.3
64.7
65.4
62.3
60.5
54.2
48.6
44.8
48.8
49.0
41.0
40.1
39.6
39.0
49.6
45.9
53.9
55.9
62.0
64.9
54.1
47.5
43.1
52.3
58.0
65.2
40.3
42.5
50.8
41.0
39.0
28.6
34.2
40.3
51.9
60.3
56.6
40.6
38.7
48.4
54.5
41.7
25.2
26.9
37.4
30.9
26.9
29.6
33.1
37.1
45.6
46.7
51.4
62.3
41.3
32.0
29.8
37.4
31.8
30.2
26.7
28.8
37.1
37.2
32.5
38.4
34.2
40.2
50.8
65.3
63.4
45.6
29.8
22.3
35.7
32.6
35.9
41.2
36.2
31.2
