value
32.8
26.8
20.7
26.7
28.9
34.8
30.2
25.0
32.6
36.2
47.5
53.6
54.9
58.9
35.7
38.4
35.0
28.6
34.6
42.3
27.3
12.8
11.4
15.3
6.8
24.1
25.6
38.9
55.6
54.4
34.8
16.8
8.1
25.4
23.1
35.4
32.6
29.7
38.0
26.6
16.0
48.5
42.1
31.0
32.8
32.8
27.2
16.3
16.7
39.6
24.8
19.9
32.9
39.7
35.0
28.9
36.6
39.2
31.8
30.3
25.5
23.1
23.9
30.7
32.6
32.3
31.2
33.2
40.9
55.1
43.3
32.6
26.8
35.3
48.3
38.9
36.3
42.2
35.4
23.2
27.0
31.0
31.1
32.2
30.3
31.0
33.3
37.7
39.9
39.9
43.6
33.4
31.3
33.4
44.4
43.6
58.4
58.1
63.9
64.6
66.0
64.7
50.4
51.7
61.0
64.3
62.9
65.4
65.2
42.8
40.4
48.3
50.5
58.7
44.9
45.8
50.8
56.8
56.3
59.5
60.7
61.9
57.6
56.5
58.0
56.8
54.8
55.3
56.7
59.2
60.3
49.8
43.5
44.0
66.1
68.4
62.2
64.7
66.1
65.5
68.6
66.0
65.8
50.1
43.5
48.1
40.6
63.9
66.0
68.5
68.8
72.5
69.1
63.7
61.1
62.4
66.8
64.0
63.3
65.6
67.8
65.6
71.9
68.3
61.9
61.7
63.9
69.8
65.7
67.2
65.6
67.9
71.7
64.4
70.8
73.4
71.8
66.9
70.6
66.9
69.6
71.2
70.6
73.2
73.8
74.9
74.8
72.0
69.8
71.3
72.2
69.6
66.7
68.9
75.4
73.0
74.4
74.6
76.3
74.2
74.5
70.0
71.8
72.4
68.2
63.1
63.6
60.7
68.1
62.1
64.5
62.8
67.4
67.1
65.5
66.4
61.0
67.6
69.7
70.6
73.4
72.8
71.2
71.0
68.6
59.9
57.1
61.9
62.0
65.8
67.7
66.9
66.3
68.4
67.7
63.9
65.0
65.6
69.8
71.9
75.2
70.4
72.7
70.8
72.0
69.2
63.2
62.0
61.4
59.2
65.4
69.0
74.4
71.7
70.3
62.3
53.1
54.1
57.5
55.9
55.4
65.3
64.4
63.9
57.4
52.1
52.6
55.8
62.5
56.8
56.8
56.1
56.8
62.3
60.5
61.7
65.7
65.3
66.2
59.7
48.9
50.5
55.7
57.3
61.1
63.1
60.7
60.3
57.1
62.0
51.3
43.6
42.8
43.3
44.8
35.7
35.6
33.9
33.5
46.5
41.1
42.1
49.0
56.9
60.8
46.8
43.6
34.7
44.2
46.0
58.6
37.9
35.8
45.1
38.1
37.0
25.2
27.2
32.3
46.4
54.3
52.7
36.5
33.0
40.8
49.1
38.2
20.0
21.4
35.6
32.6
22.6
30.0
25.5
31.3
40.7
39.2
42.9
51.0
44.3
30.3
27.5
37.3
30.0
25.2
22.8
25.2
32.3
34.0
28.1
34.7
29.0
33.7
42.8
60.4
61.5
46.3
26.4
19.2
31.9
29.1
31.0
37.2
33.8
27.1
