value
13.7
19.6
10.7
20.6
19.0
27.2
29.3
33.1
35.2
44.0
20.5
3.8
-1.3
-4.9
9.9
22.6
27.5
32.3
35.0
30.1
27.9
37.3
41.4
43.1
38.2
40.5
42.4
31.4
17.2
16.0
24.8
32.5
29.4
33.6
34.2
36.6
39.7
28.7
34.1
28.3
24.8
7.3
16.2
26.3
24.7
23.1
30.1
36.1
25.7
20.1
26.7
22.9
21.0
27.2
25.9
18.2
25.8
17.3
22.1
26.8
38.0
43.4
28.8
21.0
39.3
42.2
34.8
34.3
28.7
35.4
25.5
43.8
48.7
55.2
41.7
39.0
27.8
28.4
27.7
38.9
24.0
18.7
17.8
16.5
27.4
37.0
41.5
46.8
39.9
43.4
39.7
39.3
47.1
46.3
56.1
45.7
48.4
36.6
12.4
13.1
31.3
35.1
38.6
34.1
26.0
22.1
19.2
18.5
32.9
43.3
43.6
28.0
21.5
32.9
44.1
46.4
53.3
57.1
51.9
42.9
29.7
32.6
44.1
49.0
47.0
50.0
50.1
55.0
53.8
52.2
53.4
62.5
68.0
70.1
63.6
61.2
61.5
57.4
50.2
46.9
50.1
51.2
55.6
63.4
59.3
61.5
57.1
56.0
53.4
53.1
49.9
51.4
59.1
66.3
51.5
49.2
58.8
66.4
64.0
63.8
74.2
71.8
65.3
68.0
65.5
59.5
65.7
69.2
66.1
69.6
69.1
68.2
61.7
52.9
69.3
74.0
72.7
75.0
75.1
75.3
72.3
69.3
70.8
73.0
72.2
71.2
70.3
71.0
71.0
72.7
73.6
76.4
77.8
72.6
69.5
72.4
73.3
72.3
77.8
74.2
75.1
74.3
76.5
74.6
75.4
70.8
68.2
69.0
69.0
68.7
67.4
67.0
69.4
76.5
70.2
73.8
74.6
72.2
70.7
67.4
65.6
63.4
69.4
68.4
65.9
64.6
69.1
70.2
74.9
74.8
74.4
73.5
73.5
72.3
74.5
71.7
72.0
74.4
75.3
75.7
75.1
75.7
71.4
68.2
71.5
72.7
74.2
76.8
78.7
74.1
69.7
63.8
63.0
61.2
58.6
58.8
60.2
60.1
58.1
68.1
65.9
51.0
49.9
63.4
65.7
57.1
56.1
65.3
48.3
35.4
40.9
55.5
62.0
52.5
49.4
43.7
30.1
29.2
38.2
50.1
57.5
44.2
43.0
43.9
37.9
40.4
37.7
31.6
35.7
35.1
34.4
41.2
40.5
39.1
48.3
43.6
39.1
45.3
44.4
49.8
34.3
30.0
35.2
37.7
39.5
39.1
46.4
29.7
29.1
34.0
25.0
47.9
35.1
40.2
37.7
35.4
48.4
39.4
41.3
35.0
33.1
39.1
47.1
41.9
10.5
8.5
7.4
17.8
29.9
27.9
38.6
28.3
39.3
39.6
37.8
43.4
24.2
1.3
-9.1
-13.0
-12.9
-1.7
2.5
16.9
16.7
29.2
30.2
27.1
32.7
38.7
38.2
43.4
27.0
9.6
21.2
18.0
20.1
33.2
20.0
29.4
33.7
32.9
10.9
26.1
32.7
