value
14.0
19.1
18.8
27.6
27.4
25.1
37.1
35.4
37.4
32.0
25.2
3.2
0.4
-8.9
7.8
30.0
29.1
35.0
39.1
34.1
30.1
42.2
46.2
45.0
41.6
40.6
40.4
32.9
21.1
18.0
30.7
33.5
33.8
34.7
35.9
37.2
41.0
30.3
30.7
27.2
22.7
11.3
18.8
27.9
26.6
20.4
33.7
39.3
26.1
21.9
22.3
16.9
18.2
26.8
25.4
18.1
22.6
21.5
22.5
30.4
41.1
45.0
30.4
20.9
33.6
41.0
36.0
30.8
28.0
35.5
23.9
38.9
49.6
54.7
44.5
37.5
30.1
31.9
27.9
42.3
29.2
18.1
14.0
17.1
20.3
35.5
43.1
46.2
40.5
40.4
37.5
36.7
40.0
48.6
53.3
47.7
47.0
42.1
12.4
10.1
27.0
34.0
38.4
36.4
28.2
21.4
21.9
17.3
29.8
37.8
41.8
32.0
20.3
32.4
41.3
46.7
51.7
56.4
56.1
46.8
26.6
21.9
33.2
40.4
42.1
47.0
48.7
50.9
48.4
50.3
50.7
57.3
66.0
68.4
65.1
59.9
63.0
63.5
53.3
49.1
48.6
50.5
48.7
58.1
64.2
64.4
62.8
58.8
52.1
53.3
52.7
52.4
55.4
67.2
57.9
49.4
56.8
61.9
62.9
63.4
75.0
75.8
71.9
64.6
71.4
63.0
67.5
61.0
64.3
67.1
72.4
71.6
65.5
57.1
70.3
73.0
74.2
78.4
75.4
72.8
69.2
65.1
65.0
69.7
74.8
71.0
71.3
72.4
72.3
75.7
71.5
75.4
77.1
70.5
64.4
67.1
66.6
67.9
75.0
65.8
67.1
64.0
71.6
73.0
70.1
63.4
67.2
62.3
59.3
64.5
66.5
67.0
69.8
72.3
69.1
66.3
66.8
68.5
63.5
63.0
62.2
65.0
65.3
64.1
61.8
64.2
64.8
69.3
72.3
71.3
72.5
77.0
74.4
67.0
69.0
71.7
72.2
70.3
72.7
75.2
74.2
72.3
71.2
64.4
68.2
75.1
72.0
73.1
75.1
71.4
72.0
66.2
57.6
57.4
56.1
58.0
59.3
54.8
53.5
63.5
64.0
55.6
52.6
59.6
63.5
52.0
54.9
58.6
54.0
45.9
45.4
55.0
61.5
55.1
55.1
46.1
36.2
33.8
48.5
53.5
58.3
49.8
45.8
45.2
41.0
44.1
44.1
31.4
34.3
34.7
30.4
39.8
46.4
37.6
48.8
49.0
39.8
45.9
47.8
48.8
37.1
28.6
35.2
36.4
38.6
36.8
44.7
31.7
29.1
32.2
32.6
44.4
46.8
43.4
40.4
36.0
46.4
45.3
43.0
40.0
35.2
40.2
40.1
44.3
16.6
16.9
19.7
25.5
34.7
33.8
37.3
35.0
39.2
43.7
40.5
44.7
32.1
2.4
-6.1
-5.6
-3.1
4.7
3.8
21.4
19.6
36.8
35.6
30.3
37.0
44.3
42.9
50.4
35.4
16.8
22.9
23.4
20.5
36.5
27.2
36.3
41.7
38.3
19.6
31.6
37.5
