value
27.7
30.9
38.5
44.4
43.0
35.1
32.2
26.2
29.3
33.8
38.2
30.3
35.5
43.8
46.7
41.6
40.6
35.7
29.9
43.1
55.1
42.8
37.6
40.0
32.2
27.4
27.1
32.6
34.7
42.0
44.6
43.8
51.0
36.0
36.2
42.9
46.9
37.7
33.5
33.5
29.4
30.3
41.5
42.7
38.8
38.3
40.3
39.5
38.7
36.6
38.8
32.2
31.8
42.4
46.6
47.7
44.3
40.0
41.9
40.1
40.0
39.4
38.0
42.8
51.8
52.1
58.1
56.6
54.1
47.6
50.4
49.4
41.1
28.0
27.9
32.8
42.1
49.7
51.5
46.6
36.5
36.4
32.9
32.6
33.1
32.8
39.6
46.0
53.0
55.0
39.1
45.2
39.9
41.7
50.5
47.1
43.2
42.0
52.0
51.9
54.6
61.4
56.0
55.3
52.6
54.6
57.7
59.7
61.1
61.6
62.3
61.9
63.4
64.4
68.6
71.6
74.4
71.3
71.9
75.0
75.2
74.8
73.1
70.0
69.9
68.4
65.9
67.3
65.5
67.8
66.9
57.9
54.1
56.7
60.3
68.4
69.6
67.6
74.6
67.2
66.4
60.6
55.2
56.0
58.1
54.1
58.1
63.5
70.0
59.6
57.8
59.0
61.0
58.7
55.1
58.7
61.4
62.8
65.5
72.3
72.4
66.8
62.3
68.0
72.2
74.0
76.7
79.4
81.1
83.1
82.7
84.6
84.4
78.3
72.3
60.7
61.0
59.7
63.7
64.6
65.6
65.0
67.9
70.8
73.2
73.1
74.0
71.9
73.6
72.1
73.3
72.2
67.6
70.4
71.1
70.1
67.5
71.2
74.2
76.1
77.0
70.0
71.2
75.6
78.7
78.8
78.2
81.5
83.3
87.3
73.9
73.1
75.4
78.7
82.4
83.4
80.0
83.0
84.1
87.8
88.7
78.7
73.3
76.8
80.5
73.4
69.8
72.6
76.0
79.2
82.5
78.6
69.9
71.9
74.6
72.7
71.0
70.2
68.2
68.6
64.6
64.6
68.0
69.4
67.4
65.0
65.3
66.1
66.3
65.4
65.2
65.8
65.6
66.1
61.1
61.0
60.0
65.6
69.0
61.3
57.5
56.0
57.2
57.1
56.9
58.7
64.4
64.1
68.5
58.9
57.5
56.4
52.9
51.5
48.4
42.7
42.9
48.1
52.0
53.7
59.6
60.1
61.7
64.7
65.5
63.8
62.4
62.2
54.3
51.0
53.6
54.0
59.8
63.8
64.4
67.7
67.8
62.2
61.3
62.3
62.6
64.4
58.0
56.7
56.5
59.4
64.5
59.3
62.3
48.6
53.2
55.2
57.8
55.0
57.4
47.8
51.2
46.8
47.9
44.3
43.6
47.0
50.4
54.6
51.0
47.9
51.3
43.4
37.4
33.8
32.0
31.4
32.5
34.1
32.4
34.3
30.8
28.6
29.0
31.8
33.6
35.9
40.5
36.8
28.7
28.7
32.1
28.1
31.2
33.7
31.3
32.5
30.4
28.1
35.1
34.8
38.3
39.6
43.5
50.6
48.5
48.0
39.6
39.4
40.1
