value
28.7
31.0
32.7
36.9
42.2
36.8
33.1
28.1
21.0
26.0
34.1
33.0
26.5
36.3
45.8
48.6
39.5
41.4
37.5
38.3
46.2
42.5
40.8
34.2
36.8
30.1
27.0
24.7
31.7
32.0
36.5
35.2
39.8
45.2
37.5
35.1
37.9
42.9
35.4
36.2
38.5
36.5
41.2
45.3
44.3
44.1
42.9
41.7
41.1
37.6
34.3
38.1
42.7
47.5
51.0
49.4
46.5
44.7
41.5
38.9
37.1
42.3
42.9
43.0
44.9
46.4
50.0
48.9
51.0
54.5
50.0
51.1
52.0
37.6
33.5
33.5
38.0
50.2
49.1
51.7
45.5
43.3
45.9
50.1
50.8
43.0
45.2
50.2
54.3
53.7
52.5
49.3
51.2
51.8
49.3
54.5
46.9
45.9
48.9
49.0
52.7
55.7
58.8
58.2
51.5
49.5
52.9
54.5
51.1
54.7
56.9
57.4
59.9
60.9
63.0
65.0
66.6
66.9
67.0
69.2
70.1
70.3
66.8
67.4
68.8
67.6
65.5
61.3
59.9
63.3
65.4
62.2
57.0
60.6
60.9
62.1
69.5
70.7
70.6
71.9
68.0
65.7
65.8
64.2
63.3
61.2
57.6
62.5
72.0
68.1
61.3
61.8
63.0
63.1
61.3
61.1
66.3
66.6
67.3
71.7
69.4
63.6
61.7
65.5
72.1
74.2
75.6
77.7
79.9
81.0
82.6
82.6
83.2
78.8
76.9
74.2
66.4
66.0
68.3
64.7
64.5
68.5
68.9
71.8
74.2
71.7
72.0
69.5
72.9
70.4
69.6
73.0
72.9
71.5
71.6
74.4
70.2
72.6
75.8
77.8
78.1
76.4
76.8
74.7
76.4
79.7
80.1
80.0
80.4
82.7
83.7
78.6
78.7
79.6
80.1
81.1
81.7
82.1
81.9
81.8
81.7
77.5
79.9
78.1
79.7
82.5
80.1
75.9
77.4
78.5
77.7
79.5
80.8
76.3
75.0
72.0
74.1
76.7
66.6
70.9
72.3
72.3
69.3
70.0
73.2
70.7
71.7
68.1
68.8
69.3
67.6
66.5
73.8
66.4
66.7
60.3
59.6
62.3
60.1
63.0
59.2
60.5
60.6
60.1
60.1
59.2
64.0
61.4
62.0
64.2
65.8
65.3
64.1
57.1
53.7
50.1
44.2
45.0
50.1
53.2
59.6
59.7
61.6
59.2
62.0
65.8
63.0
63.5
60.2
52.8
56.3
51.7
51.1
52.3
54.6
56.6
56.0
54.8
54.4
53.5
54.4
54.4
53.8
54.1
52.2
49.9
50.0
51.8
60.1
59.4
48.5
48.5
49.1
52.1
56.5
58.8
56.3
54.7
53.6
49.3
44.2
45.0
47.2
53.8
52.5
48.4
49.1
42.5
40.5
35.2
34.2
35.3
32.6
31.9
37.6
40.0
36.0
29.1
30.4
31.5
35.2
28.7
28.4
37.2
30.3
32.2
33.6
28.6
28.8
34.3
31.1
23.7
22.2
22.6
23.4
21.8
21.6
21.9
32.2
41.0
45.1
43.7
39.9
37.6
39.4
