value
26.7
31.7
40.7
38.9
44.8
41.5
36.9
35.0
38.7
43.2
37.1
33.3
31.1
30.3
31.9
32.8
33.3
30.7
30.0
36.8
38.3
33.7
34.2
35.1
30.8
24.8
26.7
30.3
32.8
41.4
45.4
40.5
43.0
38.2
37.8
42.3
36.1
33.1
32.4
33.3
31.3
29.1
32.6
33.5
34.6
35.0
36.6
36.7
36.1
37.5
34.9
31.6
28.8
31.7
35.6
38.7
37.6
40.2
40.3
38.5
40.8
38.5
38.3
41.4
46.3
54.6
54.0
51.4
49.0
47.7
46.3
45.1
32.2
34.7
32.0
36.9
40.6
49.7
49.0
46.5
41.1
37.0
31.0
27.5
29.2
32.9
38.0
43.1
41.4
40.2
37.6
37.5
38.1
44.3
43.8
45.0
44.4
43.2
50.1
53.7
56.3
61.5
56.1
58.5
59.7
57.0
60.2
64.2
65.5
61.5
61.5
58.1
62.0
62.8
66.9
69.5
66.8
67.9
68.6
70.9
72.3
70.3
70.0
66.7
60.3
62.1
65.3
64.7
69.1
66.4
58.9
60.4
59.1
59.7
66.3
62.5
60.1
63.6
65.0
63.3
62.4
63.1
57.3
54.9
54.2
52.6
59.7
60.4
65.1
55.1
53.7
56.2
59.4
60.3
57.9
61.1
63.1
65.6
70.1
73.4
67.1
62.7
66.3
69.8
72.2
75.4
78.3
80.4
82.7
83.5
84.1
84.0
82.1
75.2
62.3
63.9
64.0
61.4
62.4
65.5
66.2
68.1
71.8
73.8
76.7
78.3
74.2
73.1
74.9
76.4
74.7
72.3
68.0
70.5
71.4
72.2
71.0
72.0
75.1
77.1
78.4
76.2
74.3
76.9
75.3
76.9
81.3
83.5
86.8
85.3
75.0
76.6
79.0
80.2
83.9
85.2
83.2
84.8
85.2
87.5
82.7
70.1
73.7
76.2
75.6
66.4
68.6
71.6
74.0
76.9
79.4
71.8
71.1
72.1
73.7
66.3
62.4
66.8
68.3
63.9
67.9
66.3
67.0
65.2
60.7
68.7
69.2
68.3
68.8
68.9
68.7
63.9
64.0
59.1
58.8
58.3
63.7
67.0
66.3
53.7
54.7
59.5
60.0
61.0
58.8
60.4
62.2
64.3
69.0
56.3
54.6
53.4
50.2
55.4
52.6
46.5
44.5
44.4
51.9
55.0
58.7
57.4
57.4
56.3
56.2
56.2
52.5
60.0
54.7
52.0
51.9
54.7
61.4
65.0
66.2
68.1
61.2
62.4
64.3
64.6
65.9
66.8
56.0
55.1
52.1
55.3
60.8
51.2
51.2
43.4
46.8
50.8
57.9
48.0
45.6
46.2
46.6
45.6
45.4
46.6
43.0
44.3
45.2
46.8
45.3
43.1
47.3
44.1
38.7
37.7
35.8
33.6
32.6
34.9
39.5
40.2
36.0
29.5
32.0
33.8
35.5
35.6
43.9
45.9
37.1
34.3
29.5
29.3
30.5
29.3
26.7
25.9
26.5
34.7
39.0
41.7
43.6
43.5
49.6
48.5
48.3
41.8
41.1
44.1
42.1
