value
69.0
69.8
67.1
67.3
71.5
70.2
69.8
70.2
64.6
63.0
65.0
69.7
71.4
69.6
76.8
75.6
72.7
72.4
75.0
70.2
70.7
70.1
70.5
71.6
68.8
69.1
70.6
78.1
74.8
69.7
76.7
75.1
72.2
69.2
69.7
73.6
71.9
70.9
75.8
67.9
68.9
72.4
76.3
71.7
68.0
67.7
73.0
74.5
68.3
66.9
66.0
67.1
69.9
67.9
70.2
72.9
71.5
69.8
66.5
67.3
70.1
75.6
79.1
72.9
70.0
67.0
64.8
67.2
70.3
73.7
72.5
79.9
74.0
67.2
68.7
66.2
66.5
66.9
69.0
69.7
68.4
65.7
66.1
71.3
72.3
64.8
63.8
63.8
66.7
71.0
63.2
66.0
63.8
62.3
62.1
62.2
61.9
61.6
56.9
58.3
59.9
62.4
63.4
60.7
58.2
61.7
60.7
56.1
59.6
61.0
60.8
63.3
63.2
63.1
72.1
67.8
63.9
64.1
63.1
61.4
60.2
61.2
58.3
57.3
56.5
61.9
65.6
61.5
58.8
55.6
55.8
56.8
61.3
59.3
57.5
56.0
60.3
58.9
63.4
62.3
61.6
60.6
60.6
58.7
57.5
59.9
61.0
58.3
58.1
60.3
57.4
52.7
50.2
53.6
55.7
55.5
55.0
56.1
56.1
51.1
50.4
61.4
58.6
58.2
57.1
54.6
56.1
56.3
65.8
57.5
55.5
53.9
54.8
56.2
56.2
57.0
53.5
55.3
51.1
52.4
54.6
57.3
55.5
56.1
58.3
57.5
57.2
56.4
57.1
57.2
57.4
58.4
59.9
57.3
55.9
58.6
55.9
54.0
55.1
57.5
56.7
54.2
54.9
53.9
50.4
53.6
56.7
54.3
52.5
52.8
54.9
55.0
67.3
65.1
61.5
55.7
54.8
54.4
51.8
51.5
51.6
52.6
57.0
57.3
55.8
54.4
56.1
57.6
53.3
50.1
52.6
52.4
52.8
50.5
51.2
55.3
57.8
57.1
57.0
55.3
51.8
49.2
53.2
53.1
54.0
56.3
52.5
54.5
58.5
57.9
56.3
53.8
52.0
52.6
55.4
53.7
56.6
57.1
59.7
59.7
58.4
54.1
48.4
50.4
54.4
56.7
57.3
58.7
60.0
56.1
55.2
55.7
65.2
58.9
58.4
61.5
61.2
55.9
57.5
61.4
63.6
62.0
61.7
59.8
57.4
55.3
60.7
60.9
58.6
57.4
61.7
66.7
62.9
61.0
60.6
66.5
70.0
63.0
68.7
71.5
64.7
63.1
61.0
59.2
64.4
65.7
64.9
66.6
65.1
61.3
60.9
62.9
63.1
68.3
70.7
69.1
66.0
64.4
64.0
59.6
65.2
71.4
68.8
65.1
65.2
65.3
69.7
74.9
68.0
64.4
64.9
69.6
68.6
66.2
72.0
72.4
67.5
64.2
65.3
71.5
73.7
72.7
73.1
72.0
73.1
73.9
67.8
69.2
67.0
67.8
67.7
72.8
71.8
72.4
69.4
70.6
72.7
69.5
72.2
71.3
71.2
67.6
70.5
70.8
74.8
