value
76.0
76.2
-99
-99
-99
75.1
69.1
69.0
70.9
74.3
74.9
73.2
69.9
67.9
-99
-99
-99
-99
-99
-99
75.3
69.5
71.7
74.4
71.0
71.0
72.5
74.6
72.8
73.8
72.1
73.8
71.5
73.6
74.0
69.9
69.8
71.5
72.9
74.3
68.9
73.4
71.9
71.8
72.3
73.9
70.3
70.8
71.7
73.6
73.5
74.7
71.9
74.4
74.7
72.6
72.1
71.8
70.7
75.5
74.9
75.9
71.7
74.0
73.0
74.9
76.5
75.0
69.2
69.3
69.0
71.1
69.4
67.2
67.5
72.6
74.3
72.8
71.9
69.0
69.0
69.2
70.8
70.7
71.4
68.5
68.2
68.5
69.4
70.9
71.5
70.8
72.6
68.2
71.2
-99
68.8
74.2
76.7
74.6
69.7
-99
70.9
68.1
67.1
66.9
70.5
68.6
76.4
76.6
74.4
75.6
70.6
69.7
70.7
68.2
64.1
59.4
64.2
64.3
63.2
66.3
63.8
67.8
70.4
63.8
61.2
63.7
68.2
65.7
68.6
67.3
64.8
62.3
63.9
65.7
70.8
63.0
64.6
64.1
64.3
63.6
63.3
65.3
60.0
63.7
67.9
68.4
64.3
70.5
70.6
70.7
63.2
59.0
67.6
68.2
68.9
63.3
61.8
65.4
70.0
65.3
61.9
58.8
60.4
63.6
66.8
59.8
56.2
56.4
-99
62.0
60.0
56.3
62.3
64.3
69.1
63.1
58.7
59.9
64.2
69.9
60.2
66.1
70.3
66.4
63.6
61.3
58.3
64.1
64.2
58.5
58.4
62.8
62.6
67.2
60.1
62.7
60.5
65.0
64.9
62.3
62.1
61.6
68.5
65.6
59.2
-99
-99
76.2
68.4
61.0
57.3
63.0
60.9
64.9
-99
63.6
67.9
71.5
72.5
65.2
61.8
67.3
73.6
-99
-99
-99
-99
73.7
74.9
64.8
-99
-99
-99
-99
-99
-99
65.2
-99
-99
-99
71.1
69.5
70.9
72.7
75.9
70.0
-99
67.2
69.3
75.2
75.3
-99
-99
-99
-99
-99
-99
-99
-99
-99
-99
-99
-99
-99
-99
-99
-99
-99
-99
-99
-99
-99
-99
-99
-99
-99
-99
-99
-99
-99
-99
-99
-99
-99
-99
-99
-99
75.5
-99
81.2
80.3
79.7
85.9
74.9
67.4
73.3
76.6
78.9
78.2
81.5
82.4
78.3
77.0
73.8
73.3
74.2
75.4
76.5
84.5
86.3
80.0
76.4
80.6
-99
-99
-99
-99
-99
-99
-99
-99
77.6
80.4
74.2
-99
77.0
73.9
73.2
82.4
80.2
79.1
78.6
79.4
84.5
-99
-99
73.2
70.8
74.8
-99
76.8
78.0
75.1
-99
69.0
-99
-99
-99
-99
-99
72.9
69.4
71.4
72.0
76.7
75.0
75.2
75.2
76.6
74.2
71.6
68.5
69.6
